0.27948376745971404
3.598103323166951e-10
0.041136398200117726
0.31950718115801713
0.002270531292539855
0.4490535407730689
0.08638952137612357
0.42925661082429345
0.006156633221842698
0.22712796945642735
1.4814698993558912e-05
0.36266095151944605
0.37821265271741566
0.0016793541569094352
0.038431198483787225
0.14636049417978778
0.09262096234526362
0.0007520056502092858
0.3223259307899293
0.03673356758925387
2.816935333145456e-07
0.09691605990092743
0.2229211143041443
0.3140847483764464
8.7015486715754e-07
0.2729081207654585
0.2853507174245302
0.06831098503314853
0.16428926807712055
0.014863304761608458
5.569497409351496e-17
0.030396944979294016
0.008420505963374363
0.362187317860696
0.013728821394090152
0.26970177969274534
3.0164917482640166e-10
4.103558414652411e-11
3.5750573934728066e-05
0.07401769885237366
1.1903653629048065e-10
0.08562063017906674
8.539423623492557e-05
0.0024885374326473753
3.150874102177986e-05
0.006554916193209248
6.2050697563341794e-18
0.0038297859665406275
6.452113808031471e-07
8.731257214172243e-18
0.268959442325011
0.3828775302090592
0.11901930424349746
0.24223523809558678
0.003917311545818476
0.0492528348196033
0.250625580820104
1.0808900737168814e-08
0.0801422909026136
2.788778694078061e-06
0.3493745083647166
0.1854570258693373
0.037004491833613574
0.014111836995525977
1.4273769578708174e-12
0.22967243845027766
0.20687580409592776
0.32395540595916605
0.26245641818527127
0.04660714828634305
0.4542742229827497
0.004998097443923197
0.17559112821754577
0.3565085714319238
0.09555170971932063
0.04340766049623357
0.0012969977398993027
0.00012032769287675094
0.42260046912413957
1.7849982651393487e-12
1.63541103787033e-07
6.73635831739503e-05
0.5311044659278537
4.320940402256002e-11
8.85302785726175e-17
3.5781103768176714e-06
0.3811598947221617
0.0030735677257610894
6.5694174269385625e-09
5.228663712603948e-05
0.058306461426891554
0.166738756890793
0.13149055731355247
3.560649821574542e-24
0.08474458592726819
0.5238453876999837
7.334814671817135e-05
1.3158397061291457e-91
7.827542439534987e-14
6.311054404919194e-08
3.2077277204301727e-14
6.47631805904993e-15
1.4041796339382113e-14
0.25381864316163033
0.4783710224828925
0.10128068668005295
3.2102020046437455e-08
0.07515059619497197
0.30393473257481096
0.10333822393568076
1.6593223676142675e-13
5.749386767714043e-07
9.392050578372288e-05
1.997930468725775e-06
0.0002999367350153077
9.608495837662702e-20
0.15056787941546723
0.14123237015246076
0.0036005327593407466
0.2781202870170144
3.794375069869495e-07
0.0053926113576552885
0.01076762019283104
0.07130693348880714
0.058161689728822186
0.0001645640693310052
0.30871937279844985
2.1283938634235728e-05
0.3188520807718209
0.0008534163074934531
0.01821587107662579
0.5538560492081928
0.10688760477869258
0.1559052005151022
1.9292384860663797e-18
0.18194452158210284
7.82552316397291e-05
0.005396794594672377
0.0016421421917565404
0.0003845744881490393
0.010888958042365449
0.00029383521601950734
0.28115108493100016
5.146584746418814e-12
0.0007705767347659564
0.0002751659316376817
0.16273158152758732
4.3428223244546644e-20
0.00918057647868112
0.3362278061612878
0.044641875304360125
1.5459197631677414e-14
3.0984754326241456e-15
7.208735105457189e-05
0.0028795299773900496
3.059299097388297e-14
2.714886854350494e-06
4.654514630226882e-14
0.11368178329748256
0.248458384891566
0.0019298483477387652
0.6104771499887287
0.1451675108207174
0.20734972240634325
1.0659667721144806e-20
0.3418669360427447
1.411749969564517e-18
0.1999526846022448
0.0005649265414542427
0.5419431273728423
2.5055543392179252e-20
0.40820440892955717
0.5984845193928372
0.0007668744516557133
5.177071879289124e-17
1.5910075348698346e-07
0.03435366138881335
0.27762487149095244
0.3767459223307628
0.0008010244223951937
0.025195048667690827
4.093961486270599e-55
0.033443820822909615
0.7288586508134784
0.030261219256243855
6.703249738701988e-05
0.04250145087791299
0.03742544421985181
0.7210653776712093
1.5073136415921754e-16
0.09777736722899041
0.1697605479607578
1.3539738195412704e-49
1.7024416240517456e-07
0.23550740412396123
2.881021522699268e-08
0.3014145287850454
9.296304504281946e-05
0.11697523330792357
0.0007530557296850512
3.0037259054635803e-12
2.106911907646783e-17
0.18125602461879395
0.010507815830347853
0.1946152908150598
0.001959076390935261
0.49651690153338635
6.067726815016499e-14
0.08179597135444938
0.0010111110427198783
0.3108282402092823
3.17079328736973e-11
0.0012927301277702071
0.001199948254038572
0.00933565793679891
0.8490771386010145
0.11329944868720879
0.3764366688519374
0.015554094893812659
0.2525524327617564
2.2855791828763312e-17
0.4570729851936058
2.5802418272374905e-08
0.10235630128606865
0.5039763787645235
0.0008848023611420207
7.131169576325707e-06
0.02840043081120766
2.477112173885384e-14
4.815524018437694e-18
0.4628668966278937
0.10167140035697297
0.13818059892952295
1.3555211432116677e-12
2.289274273262349e-06
2.2604374652836076e-26
8.753375043264575e-09
0.5482492624039337
0.04248623734567403
0.03362138408587617
0.0042255101269631145
0.14414419639990605
0.010663986824101412
3.5709849175445084e-23
0.06851188886423382
0.03450363911015497
0.0002904094258305187
0.0900398172388689
0.002199197777671513
0.5162653343924326
0.14512818101363326
0.004283813609232037
0.04372198634854829
0.17788674795258963
0.09308377902721077
0.017694440227542674
0.45964386320706874
0.07978658301363613
0.09654880190616044
0.30977061555686447
0.3273471857289767
0.0001386837714296961
0.08108498048859047
0.014849074593718273
0.06590897872946404
1.6384730014210763e-14
3.2241379190746387e-22
0.13241191644094172
0.25190869323667714
1.0799006447089747e-07
9.293454602738502e-06
0.3942885137509222
0.38907234096835375
0.03077002867537748
0.4020707551373125
0.09489146278113825
0.0042197436515717945
0.4626136521314263
1.0945161072946918e-06
0.19603934731414369
0.0005658336122879269
1.5759053249330833e-06
7.430607748378667e-05
5.223142066972777e-07
0.000396813474680565
0.4369357528267625
0.3327649731660675
0.5449712890560754
5.199134861217647e-06
0.3141116001300998
2.492630596979307e-17
0.29483226069086577
4.529884844421843e-08
0.2106730779103097
4.961265324912142e-06
0.35234205693700404
0.3158443232513281
9.140438630066933e-35
0.3852294603342443
9.186960607471522e-05
8.50780021577746e-05
0.008125271551131241
7.485300778197386e-07
0.009340069066441803
0.18103279342765183
6.423787860993246e-06
0.00016679531678295397
6.225304954090623e-10
0.0005482959741016138
0.08019687659622576
0.0002025975142405009
2.991728347452276e-13
4.31868156578561e-07
9.063480299490012e-18
0.21564682868659402
0.1609312033470331
3.1928689336376177e-09
0.2754650606134043
0.202619499462933
1.5438386767957994e-07
3.576484094526868e-13
0.3685958869158422
2.795488442905461e-20
0.36697464572206767
0.03232424019442745
4.767144580044308e-20
0.009043747860895606
0.0018828417684805517
0.3650511373067822
0.0015570417346206789
0.15766851757500883
0.11595127323269522
6.442208027352918e-19
0.06076192515197836
7.411650195409746e-06
0.00048423614690705567
0.23952620182551065
0.1408447144383711
0.5149840034227373
0.4477211475063403
0.0353089476073325
0.12527122055993467
0.24146368905676935
0.5972216565430344
0.3575942279996576
0.28039142916917115
0.002792751883040544
1.9138643414470114e-08
0.20515378450206687
0.12914036260217765
0.04249858617658697
0.0002958841963212967
0.2310427982118419
0.22311399559873848
1.5846022290806427e-08
6.476963268048244e-07
0.2338406571355439
3.493427300628516e-15
1.1718906871816818e-14
1.877484443948251e-21
0.13124791995612278
1.3245857106161995e-22
0.12866561511907193
0.20481143662367718
1.3504273554124216e-07
0.012397682265162762
0.06300025042877833
0.24596990684578657
8.373898744935996e-14
1.2211335224269242e-05
0.03750277430221516
0.22934202619866548
0.15770382420226406
1.0459052229899648e-05
1.6808988691250216e-46
2.526682296268012e-18
0.010899143760459862
0.007459538287942608
9.1567421538406e-10
0.4309681677602507
0.029768321923548887
0.008962254220325946
0.22751965887332656
1.4310923703257919e-13
0.1972992108095165
0.20133864932697343
3.5108496566806394e-07
8.1230480087877725e-22
0.05168774824697248
0.0007540687260412238
9.210589251669641e-22
4.510540346541205e-11
2.107946320074159e-15
0.00041016957632499933
0.2387488246646299
0.01183054004508972
2.990880655986936e-05
1.8606806660037516e-28
0.2859573522766714
0.36398135249196967
8.089561286899383e-05
0.2768346293238107
0.0011163800626837542
3.826969071118958e-15
0.07307270941649124
0.5589946055093259
0.008477362440622487
0.24172470951200073
6.521188417845963e-07
0.30478657663744063
0.19137016696094022
0.1306369744959036
0.12820264643079754
0.35848872809804233
0.002012971452456682
0.0020525641590780435
5.758024734775254e-18
0.13443589297933475
2.1283908045755475e-07
0.0015856059044621063
0.0005090379656567372
0.08672945491736073
0.0002812491718461011
0.00015281330023161725
0.12658036985470292
4.088603049151417e-19
0.34589363758917985
0.0814061068917235
9.750529958992953e-05
0.0006155527212334776
0.25254702049150146
0.10613567328879654
0.22934313451495886
5.789948425946726e-10
1.6949914647468042e-17
0.29910982879651316
0.004273952215037123
8.138367380769434e-17
0.20463016255116775
1.514856299904556e-26
0.24189367752668556
0.20768793180240053
0.4355040004412899
3.512670980298775e-07
0.4819316364000478
2.082011622725927e-06
0.09709727239185144
0.18204903867062863
0.06585877198358751
0.02477177532194741
0.787659483572213
4.1106937615516426e-07
0.4542625740436032
0.21609254066618294
0.15068746856123835
2.8227445047580084e-15
0.43343956883729007
0.23986754452513814
1.5964996275446989e-12
0.27118700344504454
0.19402059807393895
2.163104076139678e-06
0.14278078834029614
7.966796062030269e-18
0.02856907881275461
0.0023746364479544256
0.4005676129654283
0.08209498220472392
6.781819635348561e-07
0.31844757996758954
7.031058541881585e-05
9.945039879535983e-07
0.0020259251146750885
7.209870298051721e-29
8.148074152601159e-08
0.2545047783387617
0.0873667570216643
0.1192460713859316
0.0064232022794468435
0.15228388606772789
0.0023486536592441805
1.150608802105975e-18
0.2211006224014651
1.8992825629699474e-06
0.15107115171389296
3.9821937455618255e-13
1.0781766363231692e-06
0.01785387504063736
0.29266582913876305
0.0012365023032277782
0.28910402672387864
1.7234763273422979e-15
1.748606554310643e-11
1.141586590435431e-53
0.20933673297846978
2.2930514105167955e-12
6.888052987793187e-20
2.225854596506857e-12
0.038971765274642224
0.022928502724883948
3.34617901754486e-44
9.406467532592754e-14
0.15319003173334433
5.610784403210139e-17
0.11528831486370139
0.7582881367640866
4.647982103981102e-05
0.024624718845172033
4.5813833948907763e-05
2.0682421371859e-14
0.13029484255380036
0.019784088485492363
3.360420992431761e-12
2.4408852229441677e-05
0.38625767423377083
3.720986379980463e-07
6.788226912262618e-09
0.12848081016225887
0.013312247982775544
0.1916973620617256
0.24580046485416818
0.713549503457422
0.5016464153248615
0.0009743421438114479
1.8066415999133669e-06
0.142538211333461
0.19781527140322178
8.677653812945903e-13
9.941615833956917e-18
8.30320710990942e-18
0.17647603263348355
0.15792108049923598
0.07074719613497546
0.22236557493875198
0.14260836075596117
0.09206048927920715
1.2896532231863138e-05
4.990328637989011e-11
6.701133090620223e-26
0.3529185970807973
2.9570156937300804e-24
6.844542040184896e-23
0.0007774832069379951
0.00021913790399166256
0.015151940207859467
3.343971177641353e-14
0.0008336421935074544
0.06828672702048157
0.24055871395874365
5.321706473995253e-18
1.5915257416936322e-13
0.20030999232808286
0.11518692944963907
7.798474569681967e-56
0.0014803509108010792
9.030151719213444e-13
5.979155058732016e-18
1.8569517471474912e-05
0.31860961096721196
0.5989920361833777
0.0008471519820324805
0.00010494122596427157
0.0009613370692251136
0.004633377727654792
6.382776503584863e-08
0.0012696281096380327
0.3851017777659779
0.7219771868814604
7.01555176852145e-06
0.5296866095996542
1.286709560531378e-47
0.4278284449666977
0.5406223919006812
0.42872544081673425
0.002853316135740147
0.32554746099328535
0.00037500469105799914
6.352403117614556e-15
1.9904887048767308e-07
0.004159355491520094
0.4979078386801632
0.3862419732100242
1.3515755181059395e-08
0.18414304943884474
0.024408865609958263
4.554363752242835e-10
0.2959025928412333
8.05250537182608e-05
9.927646200580263e-09
0.4092205378105581
0.020053417938236784
0.35478995922611356
0.01197137852195738
0.46538523629905326
0.6357076019347406
0.25088550045698355
0.05601986515322164
0.0004244753132156284
0.05788641334852773
0.15946989356992022
0.08587766790316505
4.4587281009518205e-05
6.999513951960142e-05
3.095255441636361e-24
1.608792255228705e-05
0.019073202081146753
5.879436227712299e-20
3.660075155358434e-30
0.16239646300174682
0.22949936216589056
0.0910190712354626
9.148043259799186e-08
0.08759214734948394
5.533813071692956e-19
9.84632402864145e-08
0.02181012568237617
1.668374805065611e-08
0.040437235307951847
0.0004203868900794574
0.032085220218021925
1.1544659602204396e-10
0.0001386701878507509
0.041835007480407194
0.25599197427123954
5.872683256760155e-22
0.36548852960118217
0.05825650230499307
0.00842650299524117
4.545115102928525e-14
0.4412677420383903
8.735583088602221e-05
0.0012493633139124363
2.2266882007253276e-06
9.54516844465826e-20
0.004855368013965689
0.04497802655802018
0.04891408900799288
0.4268234722282074
0.18160799309164835
4.694237868921554e-05
0.1469092236529182
0.4421261703962087
0.008229708311676555
7.144332632076404e-08
0.25169907278769554
0.02314988272780716
5.3960773813099205e-15
0.6205331706758185
8.146477935919269e-27
0.1461553642461912
2.1629595450939368e-06
0.0013385312065180618
2.7333133554110137e-09
0.0008266793215691298
8.580334880328499e-10
7.075244264719844e-05
0.18044650951404417
0.40476738426394593
0.24073361111037467
0.13902027962814834
8.444936025470273e-17
0.1390056311612688
2.394428784121611e-08
2.7056560097297025e-13
3.567533099617132e-06
7.970772664867639e-16
0.09332317195102391
0.10806095355812782
0.1752727487436744
9.172355894157975e-23
3.992450653951516e-06
0.12233712099575417
0.2565369856513984
0.3506187540589082
4.376942247501289e-09
0.0003977960490714232
1.0116019182941625e-14
0.3190268656094974
0.010968198697610456
4.1258588433388085e-09
0.0019749256665550496
0.137192832025082
4.014887541400028e-14
0.008578221969991424
0.002905090981792453
0.13323887200398943
5.685493736990346e-22
7.274441297478154e-23
0.00019810739550764483
0.2394934443983727
0.004176023274976227
0.000735251595127298
2.0047188381581635e-05
9.776183204256123e-20
0.3522261547840287
0.22525289714718447
2.8988922951953796e-11
0.4345673218508068
0.00014104053597970793
0.32392265381471214
0.3753779252082854
0.24632923435790569
0.24647822995326044
0.0417001233604553
1.1314918890865943e-19
0.2876805867309865
1.034886443828876e-16
0.22847286654633306
0.06924239220775785
3.2679214137576583e-15
0.3889570233281414
0.27409673071973967
0.6041028082829517
0.0020508189857546847
0.15388950025174003
0.26796660425009533
0.20598107176033026
0.4565504041416517
0.1289863521443655
0.15498803451140494
0.000403842350530003
0.2647249100032689
2.0734421531899487e-12
0.0035202416785902638
3.8544065184603205e-42
0.00619909338744124
0.008409724879344686
0.5560616058969962
0.024529348085671643
6.011669974292986e-25
0.11842419607640607
0.1730098534153195
0.36984908577806774
1.3846586618981222e-22
0.2468060260024688
0.26149031380757143
0.23447557613000242
0.0030222818176650367
0.5438703838798814
0.35005785491221664
0.047265767863209796
0.3053495434358975
0.00890803005570734
0.0006351574224924381
4.3512424576985276e-17
0.34830550315350345
0.047295702969059765
1.2538914144745048e-05
0.0007644947008236958
0.18730671316952519
6.330613827327458e-13
0.32724652443109303
0.7668601023863033
0.13762504545868776
6.0040220891434675e-06
2.2433955261346945e-17
1.6663803948438656e-25
0.012061062461343171
7.2484838854933326e-12
0.05811534312373394
0.14752219482051276
0.03728632208571234
0.01819601114704099
8.189620834444922e-07
0.001998791003256123
0.024356869991306724
0.5253119368674319
1.7860324458851232e-06
8.97125407627336e-06
0.1805578462388464
0.058720313813517715
3.422843290303386e-20
0.40981252381336297
0.03445126155980765
0.21914192161560175
0.11853320855033804
0.005330040078040332
9.30033995249827e-19
0.11171868242486235
0.6854691767901713
0.013556645359554812
3.4800258200241524e-13
0.1837537125469991
0.5038297194722686
2.030826027328668e-16
4.833942926980696e-05
0.29978960257591625
0.001633330421344878
0.035366878882039175
0.19327141193165615
0.3013785184005548
4.1502832557225167e-19
0.3995701319716205
0.011361254899978997
0.24636672525248215
0.14710831104584882
0.0071130231725689
0.0022710563684250062
1.902327059041519e-09
0.272216307756455
0.23174585406728151
1.285285232762143e-17
0.0001810879125453263
0.024263672665337778
1.0183481202017702e-23
0.036971934370667744
0.0007025226152832963
0.3441471053443266
0.003496336943522963
0.26584765831987195
0.24791119689590188
1.2242273706814031e-11
0.4543047099583448
0.39773150569148363
0.27953849642280915
0.27586482831685427
0.019804082488793062
0.7194019216607624
0.250225199218993
0.5922784836872527
3.3419755687007553e-18
0.00015668588826598656
0.23187964668071626
8.23253502041211e-16
2.279258993190512e-05
0.05357404029338575
0.08696403304808786
0.0033812625513156796
0.0004472368207647792
0.09597648008565779
0.015535635904229461
0.15652687030318724
0.33024139134352287
0.0004095854415349775
0.6688234815383006
0.7144069433717563
0.04955050032080765
0.005119632201252777
0.10950541979186335
4.860302365850746e-19
0.0008254289074688481
0.0275952540513951
0.1592745037701593
7.336088207402555e-48
3.3939656412595355e-07
0.364831886592909
1.2512332114510054e-60
0.0002777283939017401
0.002470535200213897
0.31084482528238644
0.13407590483599222
0.03978473719962635
0.0004037918305559188
0.10298329601881061
0.30601797892101307
0.3177833928234379
0.16538373533702228
0.013604252194814457
8.728067857743736e-29
0.026681076810704245
4.4132696680999486e-08
0.08896234699350934
1.229090234535528e-37
0.33638770262411477
0.00011811267302813359
4.0803347653795915e-50
0.4374206108413238
0.34995322154049974
5.596475335351189e-26
0.474182320182571
2.3785610836517988e-15
2.308386224357238e-08
1.1769147613290449e-05
5.086465734648751e-21
0.4763113834039872
1.2506641146172773e-21
0.0003358938675793879
0.06644759420258692
0.0002726152978190347
9.707770567264797e-47
1.828705477925659e-05
0.19365400235896002
0.20440340272144214
0.21789729499013785
5.074497417075771e-13
7.245717938434425e-06
0.0004573774109604835
0.28406686621310456
0.24910838009538416
0.2299505802800185
0.22108430542686983
0.05434046080487754
0.015207093894300194
0.005634844456829066
0.4330374706205205
0.14345342454789894
5.095748811426657e-17
0.25697941214658504
1.6364959791775224e-15
0.49279889689540113
4.966963735935065e-07
1.6669883241638663e-42
0.6696163583687147
0.028331217406658116
0.1481475116720208
0.00803758664688226
2.004924200965024e-13
1.7685135165404991e-06
7.581798703921676e-07
0.04843336016189914
0.2239853740186968
0.28510181286759356
5.881602247751089e-12
0.00040178811412117983
0.04527314448333201
0.3740427366473279
3.193115832138962e-20
6.040151230813271e-07
1.335956287220061e-07
1.2906542813696647e-11
0.29385817519803253
0.14723060153389728
1.171703302974249e-16
0.03938616806877659
0.12354320097519977
0.00023532383349765296
0.00021101815107977414
0.30945666751001966
0.52554158714468
0.16080110130383712
0.007107593542669285
0.48740211031435954
0.4778378314719598
3.121470139173879e-05
0.22989761736285788
0.10003844455169245
6.407994915335677e-07
0.06462880222539345
0.0015710570379855794
0.37735723155141443
5.587230596200354e-09
6.4356645375166025e-06
4.9732602238434763e-08
1.0081095101993796e-06
1.4747577682591273e-23
0.46127984732836713
0.0002710304606100786
0.05220429910124169
3.36453596554685e-13
0.17908007231871215
5.601098904365964e-05
0.0012666264628710259
0.09913642699593193
0.0358461988647799
0.051351011532218244
0.005799333688347835
1.29566302677917e-16
1.844065944989538e-07
0.0001902266935574232
0.25461548695368946
2.0288029873839223e-07
0.8739294346155013
0.050728860782521146
0.25904471651351774
0.2500696687228168
0.48293561133057494
0.01775263640239933
0.45998518730365734
0.022912632543309493
0.31904045840620693
0.01025543470483871
0.09891823585210302
0.0358788931634047
1.4488705613931954e-35
3.460700077898928e-05
0.045829406857533846
0.0032057513791392722
0.018226845834480993
0.07323078193271115
3.1870873045260475e-08
0.2821317931470651
0.07554207494153786
0.022539116710312654
0.00017311072178045547
0.16182176921523989
0.003118189172404131
0.18682475573389468
0.4736043876004543
0.38674676176682427
0.007286106790190788
0.3538106679400985
1.7023953640607854e-17
0.3224833134882188
0.0029200396828333083
0.002075867103528999
1.901220440632242e-12
0.33497635961846395
0.10609207924756744
0.21754528504305626
4.1261040248349904e-05
7.150488504960604e-05
1.3219210447454234e-06
0.39069509414566284
2.227990679515599e-05
0.06843703568602756
0.003880653170361335
0.025470943304990445
0.3705992088359764
0.07908241486558638
2.3137178649652755e-13
0.049977673456178776
0.19284134554412133
0.003946956815517122
2.7554154957305828e-06
0.0965227773714507
0.01803484192204743
1.0163144629640505e-21
1.1077541489119994e-19
6.442009232980521e-07
0.27616585053195775
0.033270215538039924
0.00079775524650115
2.1539177465879535e-36
0.36314649898951606
0.0001276808547283784
1.0581416779481608e-05
2.1716955808352854e-18
0.335890730464258
0.006554914872452133
0.2635702911918588
0.013213875892376138
0.005443123988402347
0.2673518718186499
0.0011797824377775962
0.0028419346350541117
3.0861167147641407e-09
3.0392673699430687e-17
0.00011922242643797477
0.005182731690484496
0.016697675257431644
0.005913117718719889
0.42067183916879003
0.0019924006855415177
0.3519007150503555
1.7700115818562074e-17
1.383260029143077e-11
9.9017122761094e-05
2.0261196408435375e-17
0.027042464797212062
0.0188998827403003
0.3471681855992543
0.02806238166522388
0.00016570515192104848
0.07687749108076473
0.05662361025895343
0.0364282090605291
0.3122332630670357
0.36726961408709435
0.0005319749682559313
0.13727864285201735
0.0003697118103436897
0.00011908658540137063
0.6131599548725734
1.1104661452915901e-29
0.010300763228212656
4.875147997806756e-09
1.7716521177101197e-15
2.9224533069520585e-11
0.15688100542539907
0.690327909538664
0.1984419378739517
1.6027894194333253e-06
0.0055837235241148865
0.4832129303392131
0.08515136107543277
0.02712832859601062
0.28145659818250834
0.10979898925467746
1.596985484932188e-13
0.3561461678062629
0.3845178099327736
0.0019826401716025567
0.29853213140217605
0.018810223754408086
0.41266677701786464
0.019968124462368397
2.0203048713599576e-06
0.0030482189712688367
0.44036608039178304
3.2226025210897845e-24
0.31926471003390766
1.78395016234414e-12
0.21900527071783935
0.5840405369126245
0.17682098049637007
0.36313915416140924
0.3797814699406672
0.8114204139995707
9.372881025285972e-28
9.487412716804796e-07
0.30199013280737397
0.007286626259162686
0.5216958566454236
1.3392177607365411e-18
0.24066777033162537
0.0862706825394266
0.5605599325043119
0.0005973045097359547
0.11706557722436095
0.15141694372921183
1.9027985448670937e-05
0.0022021957684435463
8.03760708386708e-08
0.039779470949903764
1.251848703778232e-10
0.34274100075390546
0.004731517650814106
0.40824832844085535
0.15406489913584429
3.210039485175019e-05
0.12641354749639763
2.2549890292321454e-11
0.30973602625432556
9.29179677026568e-05
0.0005434447437772241
0.33356331317348364
0.0014824674825035522
3.118377259180789e-07
0.3061954633869206
0.038968790387603584
0.4856779597917768
0.00024090406109256247
0.06925197724744692
0.43144771191894193
0.0015863117054902343
0.5067228423137693
0.25252352767057024
0.017708165381776903
0.07544437808398893
0.016024148130137646
0.1110042388513488
6.651638845284502e-14
1.8497365051706417e-10
0.0452611786657139
0.14485705197293083
0.11814893623580051
2.0869373601102327e-08
0.01148181931655734
1.7218282452498388e-16
0.24120548631217362
1.1803251470033398e-15
0.21096342596555942
0.11140989510369081
1.3655422293305836e-07
0.0397131438175359
0.0003597468402533749
0.005947381457922266
0.004299177442137506
0.7475729927489567
0.015689214506906524
8.734395763577103e-14
0.10979485234666451
6.138640814806196e-05
2.2890139769954727e-19
0.17620577712735824
0.015770132368695015
0.3359053497672728
0.30503561876108165
0.14665030846451543
0.022323757601361856
0.13755626882603164
0.002840695095149062
0.22780726394024656
0.0003905318567687633
8.153355250291618e-44
0.48652610769475013
5.195349297350654e-22
0.3512204305439776
3.574336078867314e-05
0.004291019392969601
0.23070587328056466
0.30408673956615223
0.28544338002455577
0.02279822232863525
0.0767459963087546
7.850966213018479e-14
0.3895208179210847
4.3844394133602197e-10
0.5856482045380247
2.024770397539211e-15
8.414169102932849e-15
0.0012186603519322515
0.4563259812637437
5.190462333213217e-06
0.2584406439271635
1.3071713572398e-07
0.004570528196107778
0.4566591536367883
0.028861391370985232
0.5665112095498557
0.4299075801190013
3.644812851457882e-05
0.6341450811443515
0.0013080323604674367
2.7080715216202167e-09
0.010613963647012127
0.2135279857270902
2.6209950341862804e-13
0.006161050271611384
0.6025844025448853
0.06158234688591781
0.002147476336694376
0.0333427683462304
0.46920531331128174
0.03728577860755644
6.585887258761706e-14
0.01662247097474688
0.1727904744833849
0.0025360538932761643
0.011393357086810621
0.16722036410302366
1.791231667495965e-06
0.18328646761519826
0.0013884596018821948
1.0610469508111731e-22
0.00480578017567207
0.017804282088838167
1.4062354862909116e-37
0.000817948272282284
0.35706144614229096
0.3943650612106115
3.116144786654222e-14
7.969344186930145e-43
1.0370326906378751e-05
0.001548089263368585
0.00025510959989109985
0.6408149259749379
0.23688226152357422
5.7645646119985946e-06
0.018299503867183375
4.834144518431054e-06
0.008589890840585774
0.09282165032600524
2.5303945114989833e-06
0.10983615451140571
0.0006593952490075566
3.012137069645595e-13
0.3877609622137023
0.12443254960299835
0.6621124440791489
0.2549907929907842
0.02574748365923049
0.0002512124351692785
0.011795737061712877
0.00104038646872545
1.1349233875135187e-35
0.13022306696701602
1.2340237773479648e-21
0.1274929174492458
0.15744867974510868
0.03259317068305228
0.04102075992345052
0.4819918782003605
0.08864388454500549
0.0004508852755642327
3.001922025383043e-05
0.08142719766652995
0.10269274012867172
5.4403705853774946e-39
0.16742715085482276
9.121834196671383e-06
0.1371350502124553
0.00013932798540612268
0.37443022375231294
0.07963846027900444
0.027472648617605233
0.01761022160061341
7.579701969992949e-08
6.400839612319746e-06
0.0006559127230142993
0.2600872359423669
1.1023703303093255e-05
8.91540587584492e-17
0.05677261650362406
0.0032005446654446846
4.272362353125764e-05
0.07573298521464489
5.3337181289313776e-05
0.07504945205876247
0.07870840798266762
0.00018629270175180232
0.00016754459313111925
1.4905319368363938e-12
0.036034634992898606
0.0007453826934003263
0.022262430653137658
0.186867391477781
0.34894572016199277
8.2011063904237035e-25
0.00039751805700072995
0.5945073377434653
0.606745653096636
0.19531694847279468
2.103936873239171e-14
2.7916012853961746e-18
0.0015595402993079594
0.022328742245753996
0.004916705968656774
0.787123990519234
2.226676018251227e-09
1.4281796475066303e-09
0.04204444860489209
0.3526036152558305
0.43289281902977456
3.4853607522073245e-06
1.1552785024954213e-47
3.33174863417281e-20
0.5187311880394425
0.12725250147589995
0.13155792460914803
0.0015626203920763168
3.7850438357969846e-21
0.3491134300221121
0.21554383326883958
0.4514335754979562
1.6851912970917882e-29
0.2971330767701058
0.13721575036189654
0.17477374785990682
0.10946908170202008
0.0002718847013772086
0.11809053504296863
0.23914903527240122
2.0464071162410975e-46
0.8087914429102376
0.0016892267039373258
0.3723859485057731
0.04841697365421216
0.0003851139778686433
0.28130357666281475
0.48428056838822897
1.5887565019076143e-07
2.2294273110041567e-12
0.21394339590467853
1.1182277471830986e-06
0.2043282659310819
0.062351980941369796
0.09945416182370348
9.785693046534365e-06
0.3936532304148289
0.0678510532160133
0.4397545679561077
1.5649212604168798e-12
0.02251999170231397
1.9796070346994462e-23
0.3380741415095463
0.17382370284134036
0.00022418071320064967
0.37679302885239
0.4562806638705652
0.14989056814014956
0.015270756650073382
0.001913267291475708
2.3857908442193774e-31
0.009181078958172328
0.25299473308309217
0.288523518196655
7.276048018914326e-29
0.004505584279598348
0.02413392057524428
0.11249378799907515
0.10317093000367716
0.3987578348386182
0.04990903942064344
0.006250876026962542
0.18156502977431396
0.9278129607777998
0.02751361657369643
0.14526928578781906
1.9627296667872297e-17
0.28531284671671847
0.00020296290130643072
1.0496776355577537e-05
4.047146621826612e-06
0.2183313497618911
0.40088661550640836
0.30820836706905347
0.44787108648795204
6.140327935964646e-14
0.00942951152946403
0.10211827914718215
1.4851096263742956e-13
0.2083614836322294
3.3085919887074905e-05
0.0679484779982253
0.2690954703269493
0.6429133704335966
0.025117258028429134
0.036327741917205385
0.31564388543483435
0.13618442853633808
0.0825105568486269
2.792220368530493e-18
0.12856248059961217
8.86450596161849e-10
0.4165236314791603
0.060802873276387004
0.0037261868833300058
2.2101884572049138e-06
0.3358479958720224
0.0004125590961397248
0.7337681139626226
0.11612091385552795
0.18576683991044468
0.0015280643286942307
0.1282099287270615
0.00023839347289923707
0.3524639349482698
9.640560583610604e-05
0.3521243602811041
0.003061725668383697
0.001832087802136305
0.14550016168617524
0.0003350527369473299
0.00026281166425716485
1.2747379936549595e-11
0.006153394777022451
0.11903329704878228
6.69010455153263e-19
0.00691410351902067
5.182135885061781e-07
0.016760328699339855
0.09945248267343727
0.28258507531884103
0.0030320841170412833
0.6042908258138171
0.3289199068339119
0.3809380436444913
0.013949454046280937
0.006620347160310938
0.5163529244836873
0.02091499264653632
0.18783204366329473
0.01385309077046637
0.0071965461364694545
2.891752286298944e-05
2.8542115427972477e-13
0.20703225896352775
0.2593570195210049
0.44931886792658915
4.41106565634564e-05
5.207028702383303e-07
1.3810623506291145e-05
1.50931124502763e-08
0.5774102670527467
0.4329332388160392
0.11997645327861371
9.790622195135325e-05
0.15195736329760473
0.16256974405856184
3.447631811423475e-05
0.006748755909399967
0.00011173720619196088
0.4751079839782482
0.18331228975146946
0.37181245134628976
0.01628664631379236
0.6666799972984395
1.889631907572365e-06
1.1935139516681457e-08
3.8080587331071495e-18
0.0004310851298558534
1.10113496219847e-05
0.00392542288892549
0.6964812894869965
2.262826626525714e-08
0.03811288467308934
0.17691751388919694
0.03760657564283498
0.14867768009296367
0.043708932243966346
1.2394938182343403e-12
0.23704399995481915
0.46540693203389
3.3743099663201005e-06
1.020796814937812e-05
0.028322383210797053
1.2265231741160124e-10
0.2685160620718246
8.80031358180439e-06
0.0946744220160619
0.12581983057947
0.01328970009745815
0.006127456313001267
5.971811690066612e-15
0.00047983761498373467
4.0685657191736605e-06
0.0392124128624331
0.021917589640832482
3.461512192442931e-17
0.07281699572509318
0.04458906475955704
0.025175667175088182
2.2917490194272456e-05
0.17208692339627063
4.2028809974196515e-11
0.05223668814015955
0.04501404736753312
0.01993744825895527
0.30296691169650614
0.00013614532229456154
0.008687062700684483
1.6487855178814429e-06
2.5194649520874774e-05
0.14444855593349715
0.00024692373303273826
1.4711090533212052e-08
0.4825330199964206
0.31988414473876164
2.692169313013785e-24
0.28544440184600717
0.35253366632099414
0.009465522863331953
1.0551607026002098e-19
0.6975538260378222
0.07643733005725908
4.370971935469205e-05
3.6575677324723686e-19
0.09809783608761023
0.2634613647290056
2.411222178916013e-17
4.2738086400137434e-05
0.0013775574036669139
0.4687665343747705
0.0005412110779251057
0.15749395209538314
0.6681055929825845
0.2876676332479252
1.4789091627780196e-06
0.33715280722055857
0.03657850607018531
0.028034199391840802
0.166198220490432
5.931299508368335e-15
0.4604273357826877
2.950375638742717e-11
4.675564440769676e-18
0.6395097653937043
0.08380303066291006
0.31425414604317564
0.05297020194053299
1.1740453245583208e-15
0.0643990558916813
0.010107491711357497
0.3745278935054017
0.006769838091936766
0.09436198168007508
0.24121018429497174
1.1159061125975825e-16
1.5239990931205687e-18
0.20748206653807166
0.07984239715335714
0.17702041233526422
0.6621180439070216
0.1782193699156464
0.1988447921401875
0.503714814540217
0.0016292022597933498
0.24278498946115956
0.007498179486188521
0.0007320761384037311
3.7366318577822127e-06
2.2380369346883078e-15
0.0003690665983399929
0.0007318182976778054
0.02066144143561053
0.008835845760679084
2.197186367394076e-09
0.0013611675385245695
5.169023508740731e-26
0.012488828412750896
0.32183529318925297
1.3639888538071248e-17
4.1713583232714204e-08
1.2402837569729155e-05
1.2113222352500921e-05
9.96880578784972e-07
6.730126681481273e-06
0.3580393398285711
2.5769248845350604e-06
0.12568758156927465
1.2361118642472568e-15
0.00010580894573380095
3.1659626941062288e-06
5.904561559408039e-06
0.17304620865407946
1.0637782638232563e-19
1.1569842592281932e-07
0.004625859529779849
0.25017750950105716
0.21203735526768241
0.05590644620669507
0.17305995971043564
1.5519675543083573e-07
0.5437357641284065
0.36246612196923667
0.3222734494025006
0.0004239513609306557
0.05988810054462391
0.47481155957848387
0.0003096745571392317
0.0009079214541204099
1.0219122807781878e-06
0.011060736941304494
0.0004012861280847449
0.1188348192652126
0.4446413757014805
0.0006904501082523328
0.7632515795737902
0.19690873156983102
0.09179072606491444
0.11041712369468801
0.2602904855182143
0.45452840558734664
0.8792254219390117
2.5355064151843335e-12
5.321826454961517e-13
0.3499144851307552
0.43277438320269446
0.16118467757982574
0.00013121268075317062
0.27499299487406287
2.433657033685182e-11
0.3537082997383578
0.41276061482419024
0.0075585335000343855
0.49726852384558634
0.010944264516615228
0.003375003469024973
0.1414613485003029
0.22316473648362242
0.08770697944010618
0.0012911286770441982
0.10090317418475002
0.3753897048924062
0.1099926009273513
0.0870785568427852
0.09422992873113986
0.22154251112633203
0.0024416606600035726
0.004400945776618378
1.1184746637145609e-09
0.20815946865014467
0.3880680284538986
0.3428095221471139
0.0002351507930771446
3.435800825030419e-25
0.5080341928834429
2.0024099770767405e-23
0.4502831522387467
1.9703566482764668e-20
0.23312069329945118
0.10058595178744145
0.00015402890745936
2.3067686938987034e-07
1.880352090147e-08
0.0013423587267187287
0.034428036889824654
0.00630469139538607
0.008432022644675397
0.001450895182853614
0.2877334847038854
8.110642793655204e-22
0.002265940860700289
0.0007332238065493914
0.04323305653174971
0.364017871933727
7.164979893416327e-05
0.001794090563715603
0.019719944296011774
0.014181453025398083
6.680867985480412e-19
2.330936450328355e-08
0.001840583690656054
0.7385901004502623
0.00190769884949258
0.20051310935582914
0.23837069352576035
0.00483340933039571
0.21565858977062974
0.025724078079453636
7.688308005613399e-17
0.10353982093479995
1.0053363982845586e-17
0.41172503585120523
0.21617315787283628
0.22149510301486597
0.026832500015059324
0.286202071567363
0.19584389614277353
0.00011164321664298446
0.27872119872463824
0.7126480275082869
0.7327004069970541
0.05037701610687615
0.09055655376180478
3.585283517932464e-43
0.22279702087247155
1.0664440484774823e-25
0.6870967987794501
0.003332513127070613
0.7138522892748352
1.0342755884384607e-08
0.2405285241370945
0.0034465820632977083
4.022416502781173e-22
0.2954753628959885
2.7532176179137116e-15
0.025609863595126126
0.08607160927495447
3.6295967562564306e-08
0.0013735575043437418
0.202271782267046
1.3317340946812003e-16
0.017750610151683936
0.4670466293550817
0.0007905918116293713
1.1711631988972252e-05
0.06757106145312064
0.1340130702800328
0.0013722793388672241
0.344056673553915
3.1526060279165467e-07
0.04957003130803846
0.21375763520040394
0.27884285409409126
0.418347007505706
0.3501594146413572
0.33706782322050843
0.00014076542693077128
3.234285089650446e-07
0.11665013072548781
0.0026026639358482694
0.2807112661329699
8.38374201485711e-22
3.694562849377448e-20
0.34617900364268905
0.007279856145463284
7.240169915711729e-06
0.4885043482615916
0.03603559450064964
0.13788230954622113
8.727597908351497e-41
0.2112226573385937
0.3050473752493019
0.01381880040846134
0.24597377763235145
1.4832693438826772e-05
1.1214333610484729e-11
5.935562817704107e-06
0.0010749444742199615
0.2571433667453095
0.3599231180608041
0.026715477420869882
0.00043314704485074296
0.018095345286482267
0.06442750180363681
0.11491428281854998
0.00020479301777406525
0.01342551007551851
0.5713439201838767
5.424871118276656e-16
0.10379578766017161
0.00027696241025600924
0.00011896473428641221
9.103684508492221e-11
0.08897077141164363
6.774001440822871e-20
8.346218007545695e-07
2.3058277069014742e-17
5.87049899400053e-06
0.20814939239050317
0.003039440689377707
0.011846231733040889
4.898695383217237e-08
0.23993096386733903
0.3015877428118359
0.009120453708019737
2.3443913489654285e-22
1.299322708167321e-23
5.152568278780521e-43
0.05539260459205986
0.00011485154922735442
0.038936093028644654
1.3970536417765253e-23
0.4584222190497082
0.3687626144661085
0.5341324121006492
0.00162998107673346
0.0004702658417535264
0.04436314595847568
0.031402773062196965
0.18283918558887968
0.6923232177039864
7.454671715673641e-18
0.002271608755140736
2.537552056806709e-23
1.2405884445199992e-14
4.6281097492211614e-24
0.004604879415949531
0.3789999089998446
1.0577437071866759e-13
3.2346246357036687e-18
7.860897163218712e-20
4.271269673803881e-18
0.32699360325035143
0.016103730243860026
0.06411226468159459
1.2309163590325533e-06
2.227956288614498e-07
0.0020081070517329745
0.2153257924557305
0.01800885360674861
0.001125996413726018
1.9874975814175417e-36
0.0009299749168399326
5.526116617774788e-19
0.546738589267288
0.00659235276542458
1.7169600519521544e-20
2.6063397013800996e-18
0.15835879300890596
0.48816267160576615
0.0012580302006741444
0.7636787747228659
0.07262011858926323
1.5455735237862736e-16
0.000756422980465247
0.1534199114566661
0.0005590010878538569
0.20263027608477696
0.08510079884895015
0.32348171413926474
0.003950395535964691
0.023944808105297158
0.13443830943573637
2.2646350655368508e-26
0.11178556589870497
1.5268697248580543e-12
1.6473390577660287e-17
2.6338104581815004e-08
0.23310359222156052
0.5548386994460782
0.5959054442143269
0.04505305297405331
8.67645507397651e-07
0.10696793366811977
0.6562195655414627
0.20610484825477318
2.7591201618384873e-08
0.45267799427193717
2.6508782676479107e-15
3.0716695951982005e-16
0.17679718467787175
0.40099936664942637
0.10678288006041248
0.6126799717921649
0.029504899708686694
0.003307529321465816
0.27488913873751813
0.5210548534338103
0.47638197563511103
0.11791933504754107
1.6088390666484963e-06
2.5592104989322805e-63
0.06497925740037344
0.693808612796925
0.020278128341150184
0.011244040915701711
1.1493396636173355e-16
0.49845779282462577
1.4216123266165114e-09
7.565762898170849e-09
0.006970587417938371
0.24498327905812817
0.016839646120145723
0.22320849437778006
0.00011029408053869413
0.28549993180263544
0.12338212237225207
0.1257493083688015
0.15185285345208066
4.3663934636238156e-23
1.3829097117120048e-20
2.293661951171494e-07
0.00821285297666341
1.3200704406165693e-06
0.09092174453982728
0.4205776373179554
0.42405319523736296
0.12807398776440215
2.2826270940675117e-11
0.4934194045597877
0.27990096799345693
4.346044032276046e-09
3.2353495848941135e-08
2.8665968651044804e-11
0.19941068218163782
0.04641171596526227
0.0003333291681387398
0.20777798965334116
5.682181696167314e-16
0.0001693161292523546
0.005546039905399344
0.24308496646458883
0.19394393601214513
0.07104108168822763
0.4811302980417622
0.012469773784618336
0.0008653266233225182
0.4076324532897502
7.787651708938087e-21
0.0013667760869282854
0.027995343883055586
4.857481358205313e-22
0.06969030408276887
3.936544524495177e-05
0.5745712617262555
0.0002472293796639918
0.23771967700763774
0.017568554770840517
3.0330787250593466e-15
1.003430963094225e-08
2.0254032120787035e-20
0.10159347989549916
0.3189431353622828
0.04824116149796742
0.22572686603597278
0.04556527494961576
9.585461112762319e-19
5.617061533491213e-05
0.1513276648432826
0.0002931277890186922
7.197424617367041e-06
5.420163635942313e-05
0.5101580318694303
1.736722933306495e-08
3.2311819202833386e-05
0.46496923906246934
0.22466173153569585
0.1518366378053544
0.15919816363411998
0.00029886308096898836
0.1332026005665232
0.00537335849141285
0.00073681053832686
5.218029933232135e-36
0.20610797562372696
0.24673090303410916
4.536692430479527e-20
1.5354085560372317e-15
0.20526453594647065
2.4745115743469198e-42
0.35084022657375924
0.2250814072325369
2.4833301756954816e-08
1.0216149078741952e-07
0.12813698407189283
0.0005524025352585816
0.1501252162434367
0.1226220455363543
0.06522333346982571
2.022301122490553e-05
1.4947064973734967e-06
0.009107334641672099
0.002427039247126866
0.014877328297499019
2.2062317417264345e-06
0.09294917516933054
4.94932463994652e-05
0.20099348534620642
0.05699365931290856
2.9073136209013137e-06
0.08705723422047207
0.06433388442964372
0.0017586033860299
0.28375719476593986
0.295607605895547
4.9391790682533035e-27
0.2954823386854599
0.007291824690440429
0.0002913753119124395
0.5041748000543436
0.1805896449687463
5.369741943796512e-28
1.671879759119958e-08
1.3333653476146037e-13
0.04621264030677308
2.176440354347816e-19
0.23606563481520018
0.005654959886519595
0.3732664442997162
0.10337763633617314
0.34137043114793386
0.2599413564747704
6.123907437865523e-22
0.04279984103933282
0.0011229703190011597
0.0966659431516339
0.04747625244863096
0.1432910762406752
0.05673241892485013
0.7668599977818928
0.053681387597638616
0.005081936782959401
0.25677842710931065
2.4294631189386903e-09
0.17821329829885643
0.2967400201263524
8.646809350341158e-06
0.00148064520107382
1.5508355543581971e-22
0.011887414532384783
0.18635996230869328
0.17854773626122047
0.04074907833792435
0.3890457444903461
2.7014493085151553e-16
1.0747074345794393e-10
0.061471563076579416
8.977789619831668e-12
0.3070558631521921
0.042976354889870255
0.1321535847941455
0.08060816460000224
0.0001228540807951996
0.20254680924271648
0.365075238914649
0.03024524987632346
0.0010837982876069265
0.3889084380068688
0.5621845161844874
0.1880080778982792
0.09607565375060952
4.188535982272667e-14
0.015247660051250922
8.059313262850781e-06
6.450397663807304e-07
5.041330568680431e-06
7.473279920731009e-05
0.4889767818103792
7.910690652175374e-25
0.26434937024806354
0.5730917665990571
1.528870560438066e-15
2.0439630534051312e-07
0.016265007201157367
0.02334191784269125
0.9747045468409681
0.003546796164499877
0.1776952102001138
3.300408002041408e-06
0.23694871644122376
0.0058398380155871565
0.018116765918349466
0.563166148872682
0.0060556608093699105
8.982361370924564e-08
0.576072305676134
0.10381669797273627
7.035500819372536e-10
0.016079357660988856
4.711642585920992e-23
2.9417587735718134e-31
0.5598649537161293
0.36894392711232216
4.1280300055390234e-07
0.15885158177089992
0.02051268600481343
1.1224406998299836e-20
0.036256262327870735
0.7668599977818928
0.26775342890941545
8.79588090653654e-06
0.008809194425198784
0.2674522378398248
0.00018266295793078495
1.4166969690809796e-21
0.007966364249662348
0.03212518102381856
0.5024837339243035
1.5031351683704279e-05
1.6312317822076377e-07
0.08329850440134123
0.03663418180199218
0.06243584214566056
0.2976074794305248
0.1176888807213432
0.0038922783767351976
0.4356532806347815
4.723197454984787e-16
9.99309688002481e-05
0.43433946033830434
2.6319872871237702e-05
0.02628500985643497
1.5989430364834914e-05
6.14955121600465e-29
5.387581636617397e-06
3.730449470507013e-50
0.08878692024393552
0.165293296874878
9.8715569655354e-55
0.00040346282253651833
0.006367368787652955
0.0029693907137962328
0.001443672233840907
0.28283229618858663
2.756977064383015e-06
0.008076766429780485
0.15411416290938096
1.5236321369824078e-17
0.6130908174265315
3.776763931472473e-05
0.0003780873261039994
0.009283732848729517
0.2392655608718735
1.2560306338913666e-30
0.19548927026933977
1.1325787653366123e-05
0.4346666414074818
0.005167960625789026
0.008721030864831336
0.0007973090475020658
0.06218935260986877
1.1165954906099262e-30
0.0003489375456385493
0.00015545521147958992
0.00031003755952011523
0.046773303854822874
0.026749192203303608
0.004564885161141541
0.21484569527468975
1.843688475504322e-06
2.2826598143219136e-17
3.0057755507405373e-23
0.44378580163705195
1.3337737866305958e-31
0.0073274350645484085
0.01229446805382981
1.54496813307997e-54
4.9010785637764393e-20
0.06757272080347292
0.17842135030627457
2.5500432450048217e-05
0.22744776607610095
4.4185576141397676e-26
0.00013948708699099418
0.0293335748162835
0.061617733919326706
5.755522280461893e-20
1.7242726200828436e-44
0.3245692117889103
0.08508461676759449
0.00044488620102174663
0.13544479228573714
0.26770180247956243
0.14727643810250662
1.1901818914057556e-05
4.96194963022241e-06
0.26718483138889126
0.8252306674693626
3.9541141532625876e-05
0.060347468979046276
0.00251203500007241
0.03300706592481739
0.08556946142531924
7.197154255624122e-27
0.8853006214241503
4.611467092815058e-06
0.2725428289800971
1.1735199709177927e-06
1.4622526785769983e-07
0.09250289924234156
0.11538821184858708
3.3234656314585504e-05
1.101225950102607e-11
0.02575627094929911
0.06712417284954082
0.5333600064554389
2.025127932576342e-06
0.16781725113926774
0.1685668152182714
0.19077540144562646
0.2859660625310312
1.1525507143649526e-05
2.840224701097424e-20
2.8707022086035685e-20
0.02173038612125053
0.5765424298462982
2.8389889884950415e-20
1.398556319352635e-06
0.024684471859703353
0.43636312166752395
0.8291200021683522
0.474189571118778
4.3325834084080785e-08
2.128292743713356e-07
0.3416065791893222
0.01424820125111211
6.006546673169861e-05
0.03449109266642658
0.0033351675160768757
0.3438349414610511
1.779810826519341e-15
0.2744749207028521
5.207111289738559e-22
7.114190829041477e-16
0.21126496513814913
0.00010579601922900512
0.08707982233388985
0.019790813823292557
0.006644131187725788
0.7190074291857693
0.23988978780106182
9.137672819246843e-05
0.17226258840326938
9.34091555502048e-06
1.8813541348244575e-21
0.0006092127200973829
0.09836752181324375
0.13985697167592262
1.8633325098454274e-28
9.069703915655497e-05
0.012925745299842287
0.001848227082530433
0.00027805398753237565
4.5073266183097405e-17
0.01623030440518658
2.805750529122983e-23
6.0003625390238686e-12
0.5149090774910347
0.1707692693751085
0.06533165542831218
0.0005999925713485046
8.273297904401934e-06
0.22553878445327144
4.5594415343492647e-08
0.0017126638655043935
0.0004854281914714113
0.3428613841670476
2.3651772829616115e-07
0.17493209161522474
0.3095795421625236
0.036230227542554116
2.756649474906264e-11
5.570440163904127e-06
7.303321153996938e-09
0.0027200031837891605
0.2681944928153993
3.884337126857861e-18
3.0214465230807922e-21
0.00030692540674210825
0.1978510955737822
0.6079818568597036
1.7187195693673954e-09
0.4406898375434487
0.07450514599247438
1.7966079567322332e-06
0.09789477017109656
0.176975513787089
0.004807780424164139
0.00010168649494099809
0.35663864707313847
0.6841022637107388
0.0242569789292597
1.5458229852727121e-06
4.428347899959708e-45
0.003195261994689431
1.7400725896549232e-13
0.017332178044538526
3.373989427060337e-25
0.001370723860486136
4.528521798667426e-24
0.0001375057036167767
0.14597762752229357
0.2272433139384664
0.1450876965141758
1.205613262704784e-12
0.00014216001421849726
0.44251071702389133
0.003907988792944961
0.044348170903598105
7.594336112774496e-54
0.047496321890649895
3.716278519591098e-21
0.024169996114223526
0.44915353355641907
0.007927306791864486
0.12004972366964352
0.0011347068310938826
0.11424395668903742
0.2659608838491509
0.4016667354109491
0.1382713635513788
0.18740699965859065
0.44471037325142837
0.04317783276985276
0.0009488792278044139
0.36952731600211114
0.03296666007206902
4.608950691267841e-17
1.9241090561399188e-16
1.4503354731003813e-18
1.1268501059433568e-07
0.04546835118221182
0.00354695927201365
9.321692884022548e-13
9.102808607819276e-05
0.04382772806150699
1.3386352553848149e-05
0.0011381445833017337
1.3303100545797148e-54
1.698719918877057e-28
0.11804972184682683
7.807190003782018e-05
0.03106079159857268
0.279869895435137
0.19358775515225243
7.992296998626356e-27
7.881591124231483e-18
1.7045493785561629e-07
1.3145112175499645e-23
2.949595376630341e-18
7.997989671088942e-18
0.0025595953409170463
0.005459901154529111
1.2884642196803467e-18
0.0002194755649816404
1.2776271095511868e-05
4.390547202628749e-13
0.133686646715963
6.142019583358363e-14
2.717483466357682e-15
0.2667897710877305
1.0361002297809888e-05
0.02727196889379995
0.027873266161927673
0.00020408764137460958
0.3960623670760839
0.011584942576532973
0.00010749764991512098
0.0008380088403691054
3.734576895152521e-19
2.8505604321967776e-07
2.949470447390137e-18
2.3576851100431553e-17
0.14549246605480348
5.629783470262777e-06
0.17574870837515105
4.900335557856033e-06
0.41693301377105846
0.06360826071592138
7.182251810483983e-15
0.2913831077871194
0.9435267752326837
1.4249862637481631e-40
1.6597947059301819e-06
0.40578676949704096
0.37920300163174936
0.002707373993373577
0.007478229703010264
0.22196770418158548
0.7918283370029116
3.069703983433822e-18
0.44295080614185645
0.0005667226809609924
2.89902884320461e-06
4.8687405839567786e-29
0.13844099763119153
0.005995271851793608
0.0361259954607307
0.018572396908603017
2.2102075210486195e-12
0.0002274867674317317
0.07555079824622897
0.3845396447554757
0.5694635659690451
2.3992155242751532e-05
0.3647343159165306
0.15700899870874774
0.3448934120487781
1.2219053873331995e-05
0.04661282940097422
3.709284527682279e-08
6.892062105645606e-07
1.7715487543344598e-06
2.7418262657262495e-11
0.00030573554629880617
0.39625345005926604
0.005758171981335723
0.00011380025815246902
1.4401317375240031e-05
4.425649875547578e-07
0.0048049571170847745
1.2095879848716222e-09
0.0017704411682351042
0.05807937777773444
0.005826784976398446
2.669338087970965e-07
0.6434527458040655
0.2640519750746259
0.4401662204239318
2.1722513946148828e-10
1.95361906663246e-19
0.34344645475458335
0.1041048903518734
0.0008809947973640042
0.012207816939549518
0.04525873968066487
4.608164583235253e-06
0.35648270927551845
0.00022441978384930616
0.00830297649761144
0.09500856734758843
1.3847827496883683e-13
1.1163742273867683e-05
7.734142459751016e-06
3.886487668332094e-15
0.2345324919910663
1.599110090316059e-19
0.3192253747939752
0.23725822022658763
1.3969076023637504e-12
0.24392850382088171
1.8207302076658536e-26
3.9316804031746e-05
1.519624891658709e-16
0.0018787923261036914
0.3650843698896633
7.001716779027943e-32
4.812319883564704e-18
7.352524697841655e-10
0.004704974416139821
0.14714407561859735
7.775379255139288e-14
4.216973241415806e-09
0.5317019984706128
0.23836593266161735
0.0009825858071460004
0.3980453024870485
0.00086090787706577
1.4428719508180696e-19
3.175952564540857e-16
0.3571005961846564
0.30270895941408194
5.279389973820179e-06
0.1316943354888051
4.1137080043504177e-48
4.6831912509168726e-15
0.013126000605857058
6.572910226689502e-05
1.747486787101423e-06
6.739847027239209e-06
0.4171865278931478
0.0060298314490108305
0.1065050609972285
7.876923097226608e-06
0.19026756560623462
2.407143653072935e-09
8.684818525585514e-13
0.3620660584799708
0.3034514188576507
0.43017345348331965
4.941079006350772e-07
0.008520150290281109
1.500929258388537e-06
0.09667920183935941
1.955337751759624e-06
0.04310189156024946
0.3512669940215872
0.0008627777914902229
0.23941494847946537
0.33849949505972887
0.00014495647813866645
4.2600859989162604e-05
5.953321339459139e-08
5.883492127502326e-08
0.00013063390367271777
0.09989082937134192
0.3773872739449402
0.228662183766318
0.4666143392336668
0.3823012891221964
0.39281194350245785
0.5628148425351324
0.0016161326968095026
0.008149770383948648
5.4873512579538635e-19
0.7421505042677694
5.5185745694984256e-17
0.4094314714658974
0.0008096996984042667
0.00308413657238904
0.0005626633750490176
0.031048194855113207
1.5839435321469815e-06
0.1804295685256458
3.7431049629295064e-25
2.417516400632265e-15
1.0550723021191895e-08
0.005692089600674839
9.53842929483464e-06
0.02927414088125147
7.182698639528682e-06
0.0031503717195326703
0.2723606284910945
0.547856651381937
5.368300593007303e-19
6.978030058379261e-26
2.9815144629684095e-05
0.010101034743972503
0.006892512684171005
0.001633172936375946
0.00011021364126669773
0.40101167220878536
0.000656021029949086
0.5220444813676295
5.397030554463808e-12
0.22532578805606965
1.1468438521999494e-17
7.165103342683771e-05
0.3789321397476808
0.16421635496013628
0.03427263334284924
9.445381259768717e-11
0.1428468725997722
6.677810807771744e-07
1.217520404806162e-06
0.00422357704332213
0.005692364622649013
3.798237437605865e-08
9.591655419972385e-06
0.0029102158710439226
6.662633145836304e-08
0.5343880309485094
1.8174472874395744e-08
7.476258833167602e-05
0.0022306198344844686
1.7691834376660048e-15
4.052046230192991e-62
0.5481466662839551
0.05668354464320304
0.595374116135597
0.21681326285120622
1.682693228698091e-18
0.0003699537567804431
3.35734835883407e-10
0.0503645555868645
0.007047027602069315
0.5466337873144482
2.704096371288325e-08
1.6025313994978622e-07
0.010892792014151258
0.623164431479471
0.001971489114747621
0.18867873106589705
1.8381326269972532e-07
0.22805969202543308
0.0008253305487605708
0.027403701315367405
0.18310740159291625
9.793113972716836e-06
0.25369661058583565
0.03746377476920328
0.21315490082999133
0.2863067957655163
0.00411296882534729
2.172242620088149e-06
0.17917983382121586
0.14076827181571086
2.0566684968171926e-22
6.691119420052506e-21
1.681210581682459e-13
0.12543371859224053
0.21293888612846487
1.1101642825996705e-15
8.77890117893063e-05
0.11714644721972732
0.009282211939777242
0.60567453142115
0.27851233779563916
0.36397009923501855
0.03997926520098834
0.22207384788305873
0.18940093694846194
0.3700588860994003
0.5177865156527479
1.092510258908151e-17
0.23667816851947318
0.08898147727545326
0.029425677013419988
9.657238851930139e-24
0.012969968037771736
2.0664405996514667e-08
4.12271897688032e-20
1.2610447185140252e-37
0.002055504798619222
0.10148742484177964
0.05681026455341498
1.789699520876142e-32
5.109230977678522e-16
0.3987280976853696
3.7112632741437065e-05
0.18651466730024843
0.0709777728558052
0.5577972379485495
0.07073266048968208
0.00010768212596085849
0.09435974212115987
0.03719991751467466
0.05324070740861901
1.1208886367856422e-07
0.030419885566069116
0.16522139996687366
0.18875465920735507
3.083941625423661e-11
4.6363157984272814e-06
0.19936876456245298
0.1720693729412248
0.005863965796614455
4.82384546067401e-08
0.13307313805497567
0.008212859556750189
1.1182454722581917e-06
3.4084432036975492e-12
9.48192706675324e-06
1.3968006689536458e-06
1.558996691394325e-15
0.10057425593033655
0.0006631941795851581
0.04638722800275109
0.0030293646459004907
0.23129429183241285
1.631599992498649e-07
2.667013655098902e-14
0.28205914028224943
1.3796809449544732e-06
0.45985357951396166
0.08096456502982152
0.23522405071378405
0.003577397838100502
0.00012902200259609493
0.2283578606229679
0.17781558458374036
0.17189009208226486
0.010835885332931066
0.22249890961623597
1.355927100198747e-07
0.23872631221143886
5.8612082452112155e-18
0.0010269332718214415
5.053938459311024e-05
0.3384691337467771
0.10543398178415686
3.1168161731234735e-07
1.1110012026293287e-21
0.297203245245817
1.585816025035191e-23
0.00039274748876532095
0.009835969950397705
1.2897738058045252e-07
1.3456289146998623e-08
8.041672913282248e-08
0.20556155051195063
0.038156068050872294
0.36231849527953663
0.35036176775809835
3.921608042702434e-17
0.1750045910201976
0.10915206424753876
0.4355908654157261
1.4362089577349003e-07
0.023176529092623754
2.2419249007346156e-20
0.017443261650207598
6.136948374397599e-16
2.8938754205730624e-05
0.5502400082710932
0.0007947704294676283
0.0027022204438602268
0.055672873041158824
1.2517303684456704e-22
0.13796062857241415
5.5436262220910405e-18
0.505455264767555
1.2794072465195345e-11
0.0011621897484266298
5.936259455326695e-07
1.0553921610417528e-07
1.0801568103691993e-16
0.2575600231849601
0.0008529845226862287
0.6958864569364297
0.500989148745178
0.2526489786236434
0.5393738917328388
0.03405477321363158
0.10998433924866248
3.954221214880847e-12
7.211382020646986e-10
0.8826343044243998
4.313171914733317e-36
6.385116690308934e-11
0.2632716898927978
6.470483953209726e-13
1.2909309392698685e-07
0.3222103305800923
0.2293422051809305
0.0009416912604614972
1.4380398159007747e-07
0.03338675325034002
1.0296035302808328e-51
0.485990895289806
0.0003307389348410417
4.372939901129382e-16
1.0877453996762345e-15
0.10390164367909842
3.559900148103743e-19
0.0003920527791226584
9.411671378706409e-17
1.269459673448791e-05
9.249376866456216e-07
0.05067871149987465
0.04852047638265922
0.0057632049203228276
7.746534493332004e-26
0.0678609112557349
0.000697995372448875
0.0007583098093618451
0.36878030595602207
0.46862747741458244
0.06832692307628328
1.2547933114400473e-11
1.5014991864109862e-11
0.00046526018071615336
0.5678027440256526
0.1252069428296473
2.302255166018112e-16
0.19989322734070925
0.0001617905291349045
0.27061867291651887
2.2779959809995803e-07
6.40011356993918e-05
0.3581504526835292
0.0032999514833117484
7.115584658380158e-34
7.253180194572302e-37
0.15423207079250892
0.013972918047592065
0.0005326473513773411
0.3502028525218007
0.005716275607839855
0.00012764401998856256
0.10330197396232993
2.5619167927692954e-05
0.4570111533752659
0.024607066208860957
0.0004007937571167716
7.817105841862621e-06
0.033871560944650395
0.0923517472489519
0.27382946726746127
0.2093949557297723
0.0102689662393979
7.652415068475064e-08
0.001402129282267556
0.1350383336275541
0.0008382878894229798
0.0016185982277277743
0.34273433698105465
2.0087835038024826e-17
0.3866466297691897
0.003025875741289984
0.2552663467756261
0.32757569220500926
0.07402078928679048
0.013511058246370111
0.0042888341133344166
0.32373688270742335
0.011373662210673026
0.19895265336454582
0.22360500628442695
1.6950126432458967e-23
2.0084622497420503e-15
0.012153087507632476
0.008960120318344034
0.005804718639633336
0.3051283492373236
0.05340276102967843
0.5823701206492541
6.217947808381221e-08
0.33318414240414995
0.7016958308475771
0.39015720437683016
0.002297589110459534
0.009282521809735544
0.00035852616428720343
5.926818244336356e-44
0.0018984292471945726
0.13101891211101188
8.387280127230266e-05
0.0004039538110754036
2.9620096799355927e-27
0.12188669135188186
0.0011045195422993911
0.00023402176489643168
0.06834648524925502
0.339617492041482
0.22528741100067803
0.005687101295599759
0.11661959554396098
2.1441120470278772e-06
0.20002019068268206
0.2907248721119089
0.34322395121435534
5.624618261424158e-12
0.3251266393815593
0.3084144042223259
0.003605747376570764
0.8197427370778776
0.030437373923638433
0.03028157417443855
0.004315092202906174
9.364900615762337e-14
0.052906257364053744
0.0051083052783093014
0.005294486975702346
0.01370067257446754
2.747022167937109e-07
0.1917603061265917
3.0512899636071035e-15
5.713666387541632e-22
0.18614707839416847
0.3090063960034303
0.220291561322037
1.820817390127947e-06
0.1454702236219578
0.00040102865181841033
0.006275444553446574
5.254900897871328e-08
0.22440820980726967
2.5060394985312813e-40
4.069215684632267e-21
2.6492183370868136e-15
0.35592050418804194
0.004901061330677078
3.2385683419787184e-08
0.1982327564813675
4.031526275259224e-06
0.34802997738298963
0.42443864947571436
0.060158945765517835
0.2708421341226607
0.810570802113574
0.3666967602626166
7.393914472543518e-08
0.03734633064682246
1.1526381277973761e-08
0.4474626051027961
0.8769720363627727
0.05010674378947224
0.0007712963735878352
0.1825702991411909
0.3450355562619623
0.00017588275343623783
2.5120308959116706e-27
0.0006805888434903608
7.607674918981705e-07
0.01925734620499721
0.005908102780163099
0.1318314007146961
0.2527478453447093
0.0008192890458338375
0.24109754007279696
3.8703515716914434e-07
0.0013238390900991057
0.06872442898294587
0.005344682506207288
0.15118809747885076
0.41787168616804066
0.0040460581641679205
6.4384014006226925e-09
0.09024467930388334
1.7875314527927258e-26
0.0013749780990005254
1.377576622092299e-06
7.0242615182153926e-12
2.2215020151397723e-15
0.49658125844451284
7.333410814995834e-17
4.975133003704434e-32
0.37484456214257733
1.7536634238412996e-16
0.1456582397940819
3.601857775675884e-10
3.1320908192655363e-21
4.455491825885121e-17
0.0010565933746456793
0.011494797307636149
0.004459639361373386
0.22713183141187088
6.703797216451125e-19
1.1689053262954209e-48
0.24327256176689088
0.9534914267563934
0.031016660113540727
0.06542081935552169
0.25998900985894285
1.9033817460519748e-19
0.3480776325370005
0.026081854309618846
0.0004765142227815
9.218158838548117e-05
0.003018718220383938
1.8675086314106394e-06
0.003085492461216784
0.14268383619666686
1.0585366588228421e-19
0.5633079992006033
1.4640657355998427e-13
5.506945032323033e-46
0.03609042532510333
0.014223012265958054
0.07523409011854465
1.769698348633782e-10
0.3299968895308583
1.009761856305347e-53
0.00010109679061198285
1.8789591891033046e-46
2.7751023365940696e-19
0.13594049461854082
2.2081844661392663e-05
3.3825050123316187e-06
0.3211762302540337
0.349002751660762
1.9487599785966625e-11
0.1896380034251973
3.415628014342815e-05
0.2614103365382654
0.0058976431002733375
0.7545621185280282
5.840947009151219e-23
0.15278569105320194
0.08257909044041754
5.567032204764379e-28
2.032299643829845e-16
0.0006099912431804948
0.2527887384374061
0.009226306323890432
8.488075893109793e-17
0.18809376103596376
1.4374284893164355e-15
0.1339061006669292
1.0752307520296616e-09
0.019047191187016033
0.23816631241334868
0.00729558298999035
0.061051488763035566
0.3333985458976452
0.146477586393063
0.5264186746201709
0.010772673530165533
6.743104707518728e-06
8.412452015056637e-05
0.01620202903324852
0.5286167305913061
0.00029638473702512497
9.775331860743368e-08
0.01309717374307362
0.46728798962380935
5.007174860145247e-18
0.5309721363889963
0.1557643525320045
0.001773106987501799
0.7664044999620314
1.2965208542666512e-09
0.08267957510053936
4.561869742509585e-25
5.616581336719205e-23
1.1583105782150156e-21
7.739371615240938e-09
8.519482113028749e-27
0.017858259810190007
0.04016007921554543
0.13824244377201722
0.06476704778017307
0.0034168731671878733
0.21464867052927494
9.257692472385518e-05
1.3650700155607476e-14
0.21686486291924117
0.027617296882469677
0.14682865684995716
0.7668599977818928
6.047002919868059e-15
7.159017580683015e-05
0.07185152139727258
0.31270465459923846
0.09714544811274516
0.005697352958747431
0.1902390783336376
2.999259999346938e-15
0.012854825238454146
0.11887036806834511
0.0014456267133254597
0.1444552360707702
0.04771600403472883
0.30500736947621876
1.3827679361666111e-18
0.1828291198220904
4.739352879551258e-15
4.039077350775373e-06
0.01967660263639413
0.0187934143903002
2.7587244237971915e-06
0.4507186202647076
0.08534174881093222
9.08233224714526e-05
0.37404391554484206
0.6405775428703961
0.30092133685376865
0.007369482288897422
0.0006407129964142513
0.3440570916166066
0.0005048643440245908
1.827178795063397e-16
0.04989403302204792
0.5114957848117422
0.38874287072573926
0.003027809724635225
0.2921850861841335
0.0404516930536461
6.424421750735757e-17
0.2731401442840696
2.2990534429573778e-05
0.49470561175303374
3.405689922355887e-05
6.201525503090818e-06
6.029937194361125e-07
0.00015761649245551722
0.12144338312351585
0.01597080351497324
4.2641168539564545e-14
0.059664752492164075
0.32326639232250975
1.0199870985213706e-05
0.23453018859661548
0.3990672543097382
0.17118520745383342
3.2280837486538685e-05
0.1387228395385607
5.218272545019034e-09
0.0008634706470979392
0.3651099113651899
0.2286471587164706
0.025768262406033072
0.0031927886050597087
0.00037203391798252205
0.000985899223535288
0.06539734567834898
4.881047810260798e-18
4.1834898110519014e-14
0.016446847547582372
0.22922161074098746
0.4289954853782172
1.7527092565177457e-05
0.22079756038082335
0.38879984368755616
0.5620055120195144
0.35370661894257494
0.8670121846930243
1.9415898535790445e-06
0.06542184270545903
0.031455128506433734
0.03914389464965767
6.368068428755069e-16
0.14435031638788232
0.28128154643316694
2.2675900821357223e-28
0.21609893229672916
0.5621767575692964
0.004589336155083543
0.21168308033296107
0.3300641093985731
2.8172820277103756e-13
1.6051536284918786e-43
0.1995035979855203
0.9747044305644366
0.010500636152791634
0.060701343333522395
0.05961083771404804
1.6428045459512424e-09
0.2418816850269104
0.2367444452507268
0.04662641019794193
9.693064925723827e-09
0.003527149089537149
0.3876157221469791
1.2624742541799634e-16
1.3507414464077997e-15
7.5431108718626e-07
9.789672773140875e-07
0.3009065113900204
0.18204113019936136
0.025977992300976967
0.0141001587986565
1.0596914947811095e-06
0.3129948321128775
0.15721249736473242
1.4733299808223884e-06
0.2864403009056759
0.007629561182566519
0.4512673651274109
0.1797152637347107
0.22929128528540316
0.11832254925553133
0.00978012824402597
0.13295160907770587
3.312457882830811e-13
0.016541886368989196
0.4471451042021183
0.12497469607285284
0.005845068537761122
7.212145547746542e-27
0.18249054284054952
5.3642171171267785e-17
3.6900762292508877e-13
9.09088513119053e-19
0.02610538047377617
3.782480814314626e-16
0.39837975824136485
0.012529824493400097
0.05521486606506687
0.00044958063784077953
9.795707352901651e-17
0.08155294104478239
0.6154358363242949
0.36779524156911475
0.09847575259619729
8.854250098797771e-05
0.00019567041740873122
0.007453215251129427
0.21408492521436692
2.3876381934778817e-59
7.720588947824326e-17
0.2882103250553225
0.0008496693249245191
3.9652914344510764e-23
0.00015929491795225575
0.25621307218619904
0.05379926482275723
0.22026941596869776
6.9253215317414795e-12
0.01291136210131896
0.09534046790871731
0.34742748581037997
0.15216448391822013
1.5100302218520077e-10
0.2838490897834347
2.373131409461704e-35
0.02175655149031667
4.287583985473183e-50
0.07341205070343079
0.0017650958042895737
1.569093743784482e-20
0.01481674670200217
0.13179550300857754
0.0002734224439781574
7.143069022614146e-14
0.12401071158253917
0.4055003416454639
2.6176364396383143e-17
7.3850676755101406e-09
0.2966962959033526
0.12096291086037475
0.4739964391685498
0.5568717308142268
0.0015569242447739662
0.11771242717008533
3.440319617766955e-27
0.2765256941430262
0.2407100701293748
0.004272539591250124
0.04097888981461895
0.43952862377476737
0.05990329911791026
0.4547646088143877
0.25573582992481236
0.14942809972414764
3.0011753151698408e-06
3.1542873417844855e-29
0.46810866103295323
1.1870043725558288e-24
3.6811463131928414e-10
0.04492789342670278
0.0017584551753582756
0.010690543373019498
0.3712181113689566
0.1376811861076722
0.4426600478771256
5.5153863190651756e-36
5.154160635700416e-18
0.3689757566999643
0.5060934939879455
0.03216933838925051
0.0022910477714967008
0.03136783615891936
0.18186741140721846
0.558413028905448
0.07294825784634171
0.16034460409556342
3.554072972982975e-15
0.5052196147420815
0.00037587466368747824
0.006402739467721688
0.6036682274303451
0.1459445804792041
0.4153052835507811
0.0004760847684587627
7.421444613786868e-10
0.0019703987388496047
0.3606055676567337
0.0002148791912500207
0.04038497418717239
1.8882303402729387e-18
0.2410776071798813
0.0034040422573161505
0.0002514262433551737
0.18491379095613894
0.00014412239033681026
0.4903705369798849
1.2774714503238432e-06
1.3503000188281467e-20
0.0011928881698894944
0.43919541332636136
0.1433199409138588
0.04343798772928419
0.44333659903860867
0.47076949938710955
0.0007830771344146704
0.004640610450736473
2.092245025202222e-07
0.0031041910360788618
7.926931923579e-06
2.1231738977353116e-05
0.14816122560082956
5.4415915637561235e-05
0.03259254379821974
0.337844216436439
0.0005341212945525119
0.00020938265634435732
0.6268416258735205
0.005189414185457513
0.1373841290934308
2.280728790382703e-06
2.0872662585545278e-05
0.34721938983246403
0.21441206527103177
0.373227856128473
0.00017839600264887268
0.041516263046987266
0.4653833104370432
0.3515910946303157
0.23951088408633517
0.05434045395801545
0.35202166148579794
0.1359918625617136
3.979267026968611e-06
0.27884076813640535
1.1164172689304335e-06
0.13047497023819957
0.07750663336205499
0.20713426754901318
4.769102776759433e-19
0.007651736448999483
3.7484298670205115e-07
0.01120519585533115
0.20406955294615925
0.25269796514718734
0.014260877216068968
0.0163205287260897
0.2636306587636646
6.3387476279982724e-06
0.125863227035871
0.1760530590138032
0.023426560015347545
0.2921567433052144
0.10282993872295527
1.136646308712328e-46
2.18545695978364e-06
0.0016038763958342512
0.009651243163828215
0.16766515154135622
0.008688985052178513
0.2543088938512236
8.304960938228478e-05
0.7669610475743198
0.08087727354198293
0.026621117953120037
0.0007513295666072398
2.2704845429939104e-05
3.800822466577683e-05
0.17964827678541267
4.527218108051035e-07
0.37226137109686874
0.5263238415809468
0.00021005174946537198
0.17074968819895656
0.0016735525130648354
0.3299114714367928
2.1669069961135467e-13
0.0011490410551587532
0.00027471789149751557
1.9577643317552646e-08
0.009947378148529489
0.5671504848392033
0.033256462527532414
0.17496587460564464
0.15225830348962074
0.12330999075136351
0.029914269237030666
5.6513706829737896e-08
0.29589692134509804
2.0831845161033203e-19
0.566051840025659
0.00018077380565242714
0.24565277849557648
0.0008640592959867355
2.2800366304954934e-06
9.609337422842706e-05
5.2304783851943036e-05
0.00012901846316477571
1.5145583689363863e-15
0.006244581425554233
0.01226900822725673
0.00420267165536898
0.4395328261531458
0.25834387761108246
0.00018460778277095967
2.8900225433073067e-13
0.014303989850897425
0.005801841543599693
0.39639063152373544
0.008039073451539413
3.1270532260592684e-19
0.1900790934391299
0.44905258645543
0.251421282311548
0.042325232380910016
0.0518254538178371
0.04238751556184157
0.3149630106785585
0.0005239451743069296
0.09606836128911533
0.332463792437405
0.056650768124298145
0.009645990627020706
2.0663823461903916e-17
0.4763281400504909
0.3132897286633685
0.06666332837555013
0.6203229646602004
0.06833877787054345
8.105793507629299e-45
0.17252908245875623
0.21023879321173594
0.16160253009893602
0.0003236225456948565
0.5782486387134824
0.19004574824929774
0.2411105755303559
0.047124916352643265
0.0005850741943384626
0.10638118798526532
0.150636435873957
0.0037140591271808228
0.19507962646783253
3.9062557773180517e-07
0.46302849151005887
1.7996039130965387e-05
0.0015090110784970559
0.00010431114987166038
3.677594354453967e-14
0.3862125496452235
5.3528367280440706e-14
3.687588396747733e-09
0.07296350914747189
0.06839985615786803
0.11482068564497006
2.639399471074777e-13
0.003581742850977232
0.2952780845283052
0.020008609661785814
0.0025142760380328366
0.49923587352169796
0.28829129102688533
1.1089875682574905e-14
0.23585679656110375
3.758696967957342e-13
6.134437710339943e-39
0.10600840366160144
1.9877777682509997e-06
0.02404799029177777
0.000883951042766608
0.08142169859110343
0.19703903601941644
2.529584744357943e-30
0.3201749124082731
0.2052686948117532
0.03191146952473616
0.3186664465752846
0.04649437353948411
3.466397747546416e-08
3.819289907115468e-05
0.33216543373754664
0.022454129865718403
0.00026003458733091234
0.08637076403430811
0.021792530225317797
0.0029793914656756973
5.398796260566177e-19
2.007273809420442e-27
0.14040702721233705
0.11561364273010064
0.000920654890550937
0.041087236466487514
0.045196436609107236
3.897960128741341e-06
5.034160212312457e-16
0.06522270573406307
0.0014207598255000873
0.5104518171423693
0.0112230935198947
0.019367784601793617
1.507453043708561e-28
0.500939953042483
4.826960122441064e-06
0.5207922770608112
9.265697194409039e-22
7.42142430635269e-17
1.3002065857422971e-08
0.018275990284228105
0.4509427753641498
0.14644682878491325
0.0397151462057755
4.37486134482983e-06
0.8354990979001897
0.5360969786619193
0.0388807421842039
0.058372735265797955
0.0663868562429022
0.626681493184261
0.18776693384392293
0.02715195036874718
0.5748761305448369
0.025845380519566752
4.761226013160244e-10
7.914914562558666e-12
0.8484819890482065
0.004352305528709456
0.00027731966845885423
2.819823780054065e-13
0.0042608359224137965
0.0011216719778326043
0.0013441214709958146
0.10749813364648633
0.0014574634948578066
0.00030971526707771266
0.07572194442404445
1.7096388589887965e-07
0.0004918321451990723
0.007275043845467205
0.12050521969217753
0.4329917833098819
0.07970941762111039
0.16629355229876544
0.30643399879467337
2.9677465200216875e-11
1.3757512808405688e-12
4.204126358392534e-05
0.007246214402781344
0.48366515193731163
0.2673776114852213
0.031261500781887275
0.0010856014295266003
0.09648558949548289
0.6436562044723706
0.1534267872107934
0.04149889754281364
8.818919299722113e-05
0.44465333492509274
0.5190383209318838
3.7684223089408214e-05
0.9402112636388082
1.9299651713139072e-38
0.12562432403127202
0.02767071629106832
0.2073327696253221
0.0002600456353408548
0.0008807103262474039
7.290012487708745e-14
0.18125646096923745
0.1273574021191422
0.00010264398205106078
0.022094335370545053
0.24812850059919148
0.3713765609931979
0.7098974366378599
6.70712030737238e-06
3.8718552786336614e-19
2.986577632889683e-17
0.0005468173620365551
0.0015655638137820813
0.10015054804597653
2.4657433796820024e-06
0.006799133629355896
0.42554138815955084
1.0414729262344262e-45
1.131024413320327e-16
5.943613771737538e-06
0.0007660030407667233
6.156494197826029e-08
0.03012219051886331
0.16343030847630757
0.21694808883335293
6.881421323347632e-20
0.022515856273173655
0.06378821811927879
0.12111291744637186
1.7148339376205893e-08
0.7985369914288043
0.38916205907125195
0.42518652527750334
0.0003570454504748334
0.0013564757711174436
0.2046066871029275
0.27657044212494314
0.0014399114841629418
0.007948640135344827
2.3852910563025993e-36
0.001881990306654149
3.1459651345798913e-24
5.7348600043578336e-15
0.28974534978258726
0.0008561995864437651
0.14962424279171455
9.857421049570731e-05
3.474994040945271e-21
0.021610389023246947
0.2874576417606356
0.00939733674433678
0.0440137587649986
0.28715479706933444
0.13370586140721924
0.01084729817461556
0.18260081668955522
3.2811957587902525e-49
0.06867739798231298
1.6385805055932742e-05
0.024770360161395232
0.5309396375464672
0.47838156219644473
8.726579397686593e-09
1.4440395465994167e-21
1.7512389462200463e-06
5.1625573221107596e-08
6.005657903268134e-07
0.1851244787441041
0.13285137850525205
4.6783658667881086e-08
0.0005403871076789038
2.611247412291305e-14
0.29432016502276165
0.017818427084113783
0.002120163467192592
1.1262171363500496e-05
0.2080129910992916
0.0008027593630520248
1.1506177887461944e-14
0.002643920711465071
0.0007265884636513953
7.408448361475313e-16
5.710917763385403e-06
0.01735205893891767
0.0020785127068161354
0.0007547413047529064
6.190092967361598e-26
0.0009772673704360872
0.0005913471575006112
1.7251088767845645e-05
0.17078205757968595
0.16190576847799368
1.0734826416080258e-17
7.672583715659037e-17
0.08326682906809345
6.744986645231777e-05
0.015293623303212262
9.183613081143135e-15
0.5774652567810429
3.6539702246443445e-46
0.260682932638669
2.6555842235884197e-13
0.020151087969668406
0.00043824178373489894
0.3289083068249
5.067726214767183e-13
4.492036543626678e-21
1.5706149436822963e-14
3.968099772222609e-05
0.199831543376025
0.34816785934276595
0.5333455610035784
5.213398839140363e-07
0.003800045217026987
0.03670032445146841
0.3161672628064338
3.921329985280995e-20
0.11473702947956085
2.2256338112567263e-11
4.858594747139366e-44
6.732154263197477e-20
0.0008230202158544947
0.020535618702042874
0.07725584144274947
0.32560297346080946
9.578532447685559e-05
0.00038484995868839564
0.11621569364816953
0.8131625611373323
5.296767459874398e-28
0.2630989551825351
0.008825488619972788
0.4347378901446244
1.4030260287625008e-19
0.3060111684556382
0.12091356737743969
1.7819515973955246e-13
0.0015997952440017739
0.25527337897611585
5.631543655543169e-17
0.06105178036272601
3.9716083816202054e-29
3.7374128476873025e-19
0.39869731853850815
0.00484539022773961
0.5518908064987365
0.00016564436734768304
0.32694983764112884
0.23965837988120103
0.22424310505732148
0.05573512645676182
0.03301999570192946
2.1999474367322418e-05
2.5974563403589037e-05
0.2806500265603863
0.0006625423348667018
0.3639321564024023
1.8716696752555118e-05
1.858045077129789e-09
1.5164974354546556e-06
0.005382217444276638
0.0014631110762100528
0.2000123681265935
0.07302637773118896
5.813662521290701e-24
6.665616717634341e-11
0.11936676564257298
0.0002390524061079022
9.160683044520928e-06
0.000820491504200664
0.38799228671287206
0.01967586339435621
0.0012767208907675613
5.708423254483515e-19
0.00016632440021333743
0.008825332087205595
7.079694965442434e-46
0.0005015296502750115
0.3256695119572821
0.2956067096824917
1.0853890462994903e-26
1.78985941042468e-14
2.5314032172411475e-18
0.11328755883608135
0.3786948401960937
0.046512446261942245
0.000634379742441786
0.03772264414524054
0.07434947332157435
0.0354648469768708
0.3597436282158867
0.21805757587231314
4.324880485329292e-05
0.18735471376063337
0.17504527875945286
0.007754449220591158
0.007443012889319383
4.18214391619413e-21
0.3453779280308815
0.3985040329903033
0.24029255403785796
0.00027186986539266697
3.979558477262792e-15
5.55223160626921e-05
4.268156643978411e-07
0.027490140345010856
6.262441384543235e-49
0.0017802833332585058
0.2521650182118833
0.20935943054556105
1.3737506634998642e-06
0.02091710784586136
0.0002334169661607224
2.3463743285262253e-06
5.171691192377545e-47
0.00011640433761373733
0.22106656390582913
3.76809859570585e-22
0.0002589204268684808
0.0007984669575663184
5.1784717266130693e-14
2.2245214783682132e-36
0.27494303683387256
0.1463543353711361
2.8130803521427423e-07
0.24692757245506414
0.42421721986334326
9.978033522159022e-07
0.00038831938765190925
0.277193631130892
0.002372175436813306
5.265220976186372e-06
0.3967115485959205
6.747810588114082e-06
5.46705224154015e-20
0.3188441569528526
0.2908578455742905
0.005911760115003717
7.35170487278846e-12
0.21030895094636276
0.2197835658064123
4.00198240931343e-06
0.02327093858654646
0.001300606934452643
0.002597248134557791
8.625658469486392e-09
0.0004885263572156265
0.25694327705040665
1.3208056560580182e-23
0.09356886464149383
0.17966443193363268
0.2268067229583005
0.24860249080635102
2.134574025743469e-06
0.28922387800596056
0.2908155809836638
0.45728068891638074
0.18059506483793386
0.0007102518241087494
0.1564057204511755
0.05131841436393003
0.009815577972453575
0.00011955622971728342
7.898764570846282e-05
0.5108113961116972
8.023407100729957e-10
1.1914356829421868e-08
1.843390115755335e-05
0.021099947471768726
0.22668194695240818
0.019905617447349137
2.6453237553585107e-08
0.20190509131296647
9.057086517506466e-05
0.01568447397408068
0.1471317027484904
0.346044632777744
0.28422089961503
0.08023131383416673
0.0008614325348210237
0.00033781444547442273
0.4549950285615038
0.22758441391122117
0.27970739721587207
0.34802621968293446
1.1962499074129077e-13
0.4033900031096069
0.030727176664024535
0.0003564240807472247
0.14912159669953073
1.4333932912537295e-26
0.003492122029185696
0.1900868713746456
0.5102932584437951
0.07346223053379418
0.14951187363533172
0.8430574162314883
0.1347351185929184
0.034588640305862665
0.31794480886772186
0.0039451560299044175
0.000500895596878653
2.7692402045436414e-05
0.01107554498990982
9.55486044905306e-16
0.3316989850053069
2.166810537668445e-36
0.04211157047155282
0.08562122764737436
0.07250935377060674
0.01773219712702334
0.3331839642763145
1.3203518923721516e-06
0.3221073811184283
0.0757977971200142
0.00032416199880383115
1.5274002275199894e-22
0.09747062914895466
0.07653028551896934
0.23563084497687536
0.19703668831592758
0.5765270080258379
1.0738182413540785e-41
8.249727500231564e-06
0.040305198713154015
0.024394392238799145
0.36374547726442963
1.7241414156200647e-05
0.3449923530207304
0.0989767844215445
0.11017295439896863
0.5838973443502482
0.0004629153207526824
6.120395145096608e-41
1.8570669227869857e-05
0.023501002700025152
0.22875288864077387
0.27341969009286077
8.573433535554491e-08
0.08876904458018117
1.8801251629530777e-06
0.17101410387322397
0.0527236821916075
0.0017670193708685528
0.5368003754798306
0.03648206745275985
0.01713149361401981
0.007496529134063273
3.0562717756107155e-07
1.0660320612426613e-23
0.06539615172551853
0.22252154812360497
0.0027908354158910943
0.051825220349854546
0.05241231779457145
0.42846950775997333
1.2666114231578004e-16
0.4983040997651642
5.568034450634299e-18
0.02107615217186147
0.1861338045973741
0.010347082938433656
1.8440216327809557e-08
0.028926580386623164
0.0012326015546282056
4.941816836655307e-14
0.2208595476075762
0.003200579714125294
0.06843735408901377
0.005132570085379654
1.552732885189881e-25
0.2681530771762302
6.288956940723443e-13
2.242763809715827e-06
1.2206886386586505e-15
4.199425325600942e-05
0.17920082888630814
0.3600225704179723
3.590476678629137e-16
0.34272122847857145
0.014149774180775208
0.047060531770684796
0.015584115205320659
7.944978897642186e-15
5.660849815137208e-06
0.04531573141201432
0.025705515223722664
0.2990534643806725
0.0001410700061749226
0.06019933036611021
0.0003626475321838902
0.0033054138525976714
0.02740796484489896
2.1348340598996083e-18
0.10130556836708367
0.01140083745245133
0.024142837629129943
0.004831145639051472
0.26561622555606895
4.048789677934245e-09
2.4374771352577464e-05
0.29204352520440674
0.15487337299580722
0.3027310008251529
1.0604198351801114e-21
0.00018761586294480597
0.033690087596036075
0.0018133872294779918
0.5088061497359178
8.569972854937004e-06
8.22241126907668e-09
1.4331660724426027e-16
0.0013264702062356932
0.038834380103783595
7.948804107338139e-09
0.05378072171597559
0.13267442788711747
0.006278482802168389
0.1556810760366055
7.760730126240675e-23
0.011141975007628313
0.0009797439640846697
0.22584600899373738
0.12231693664202663
0.002081114926351486
0.008557479934254836
0.3282418142821884
0.0017837899164036275
4.2466312260439905e-16
3.254352606501935e-05
0.3162428327329776
0.2574087240793837
0.21406024139391217
1.731491846988131e-26
0.07708737811700467
0.3109861425695016
3.923017617926414e-05
0.24580874311165818
2.577300583470294e-33
0.0006177586722455134
5.1867090809842633e-51
2.6642663986161993e-11
0.6266306548187465
2.0640779707633899e-07
1.5997607518785753e-06
0.29586336867333785
0.010020121252230523
3.1505169528749943e-12
0.5487926940599853
0.001104686885867336
2.2190774379578103e-05
0.41226127699354187
0.2512803397691059
6.536447802112799e-12
0.07966255435600579
7.522734707829938e-37
2.5570708375073325e-07
1.283309596283772e-06
2.463087446957465e-47
0.009282737328531339
0.074946877602509
1.8557330671601744e-24
0.004652009174027605
0.01631392210577609
0.373495255595833
0.00019785298313753245
0.39832229593821644
0.4542373280009953
0.01874273357957041
0.8644872723421031
0.28273960601084647
6.160283605435045e-11
4.032745736600485e-15
0.3332102452956178
0.027611869313618254
0.0015293261815202339
0.6848148160411178
6.422025055077111e-06
0.13535868287212732
0.4066982550990135
0.27918263546946215
0.31450909027100005
0.0720857685443397
3.1719780311104454e-06
0.37783660893939697
3.516139140773985e-10
0.0022563727298708187
0.21027860192135428
1.1454460322832712e-10
0.346114208221127
3.94026648766879e-06
3.199040682748937e-08
8.665006198835166e-06
1.33519147786743e-18
0.002935069663743975
6.622916584311051e-17
0.000168479107566925
0.061266253580671656
0.0022047037013594242
0.00020996209770550087
0.5268190165601032
0.10145854148810954
1.6126489066058752e-15
0.2093788499280509
0.01721689848854203
0.09434952533997615
0.003203955723427923
0.014097474047839405
0.12719907849924558
0.00014833567123603944
1.2058359862194675e-26
0.1474732054449072
0.0020159771559195507
2.998184819396953e-18
6.710783323621085e-06
0.010263226990257354
0.001001754058482962
0.02476233679937049
0.24676062608766863
0.0026869518326762248
3.603202871040421e-07
0.27638052251023404
0.26185883979333197
0.2545390823787673
3.193212177371513e-05
0.029785753642021184
0.008677050592311358
9.267784728102087e-10
0.3246750910477927
0.02617940335053783
0.6026150484463547
0.3918606200020027
0.0668825762621258
1.944379036110435e-06
5.289351299559154e-21
0.7984485917102463
5.203718398166851e-05
0.2922638705651969
2.0206727562219336e-13
1.5873458810842564e-23
0.00019638951118996394
