2.994633824632636e-14
6.352097815984387e-22
1.091738352926487e-14
1.5816471345058206e-08
0.000514154251042351
1.707971017608603e-20
2.547860753932451e-08
3.520048863998841e-09
7.800700571807073e-11
5.248331160263874e-09
6.324624781670325e-16
0.7594018578529358
3.367449367895405e-09
1.7085212020012536e-23
5.084962818843385e-10
2.925384864956388e-26
9.52430934209431e-27
2.200890386872785e-23
1.9560812395701917e-15
7.183465841152543e-15
9.252445121875255e-10
8.737369287885943e-17
4.949377704614544e-26
1.3513183142806397e-07
5.042501350655308e-09
7.854627048781842e-13
2.585444865182481e-08
1.2636938538193858e-10
2.3324980314376524e-09
3.869469974740646e-17
0.03305511176586151
6.379448651032446e-18
1.2220251552546554e-11
3.349064768892849e-13
2.236533671537165e-21
8.646658873840837e-16
4.394521797329873e-10
0.22540998458862305
2.4673997093342106e-12
1.4058676363961526e-10
0.13631734251976013
7.506464690199052e-12
1.1422640721521503e-08
2.31641161082233e-14
5.914169925390614e-12
0.22540998458862305
0.005450473632663488
0.08595801144838333
8.577890594279244e-11
1.575939513181688e-29
5.200924963909805e-10
8.711527938673798e-10
1.745622621946021e-09
1.625563747764457e-07
1.205358548762293e-06
1.7893996600166842e-18
1.619274763184364e-13
1.786626066674417e-13
1.920673236733305e-05
6.631959824259369e-22
3.192636587901877e-11
3.4644639163915523e-09
1.4633575135044144e-10
1.0814969296508513e-22
3.979120807174303e-09
1.2767477529457168e-15
3.5619136198503263e-06
4.7533796484432095e-31
1.5372027006069411e-13
1.638788970065468e-17
2.9988936535189036e-24
1.1252893290367376e-05
3.8686981147460114e-14
5.234203117231469e-09
1.1575324595083988e-21
5.480026527779188e-10
1.1887346354383684e-14
6.183822186940944e-20
2.7679567712655732e-11
5.44270644535254e-08
1.9269377762653314e-15
3.7341376026746436e-12
4.217817464313732e-13
0.7594018578529358
0.13686126470565796
1.4202860745247371e-11
1.3568044464212495e-05
7.657957007202148e-14
2.738986536789249e-19
8.24726270003322e-14
9.500092751685571e-12
2.372665711314936e-11
5.238127592105072e-25
0.21645048260688782
1.4785335874473104e-16
4.985462053750523e-06
4.4034196772096815e-08
0.7594018578529358
0.7594018578529358
1.1797743766478697e-11
1.943988800044483e-06
0.04503132775425911
0.46028345823287964
6.197416980882904e-16
7.318048787694763e-11
4.236253441682852e-05
1.8684152803304784e-45
2.744469198466909e-06
3.436282291486609e-11
1.849959704086781e-09
0.7594017386436462
4.0262698098782324e-26
7.328871035398542e-14
0.011096683898004778
2.5092070641377122e-20
0.1530485898256302
5.078970841721602e-17
9.60933679544101e-12
4.365776235802331e-09
4.455068010282411e-21
2.065787304522119e-28
1.7564893737201379e-12
1.7102449349433557e-25
4.937636432748202e-08
2.0507240885266295e-18
5.295479034080466e-19
1.10525834008302e-05
1.108428217126897e-18
4.511916400845892e-28
2.185366262835258e-07
1.89297443823853e-15
1.743028603630079e-26
1.8423839190321167e-20
1.0317545379641094e-08
0.4602835178375244
1.7926444776571138e-06
2.758511059427864e-11
5.235268301080911e-21
1.1890829341410842e-12
1.033696046379417e-16
0.06220286339521408
7.866894895861693e-12
4.071707314041951e-18
0.7594018578529358
8.39658640430895e-12
7.701376063277418e-13
1.272007912097866e-06
3.7030480308023687e-16
1.0544414597277948e-24
9.052844235579592e-19
4.426298359512307e-14
0.7594018578529358
0.4353407919406891
6.453127407047e-29
1.248308481645372e-16
0.2620980739593506
9.989327603296286e-14
0.7594018578529358
3.0559419984479688e-12
1.240039198969857e-09
5.343368085837761e-22
0.7386154532432556
1.716933477319127e-10
6.938978937682355e-26
2.5535994822865126e-14
5.098037902726204e-08
1.9191046633561413e-17
2.7718695517713723e-12
8.765158396940034e-09
2.0393774746740803e-20
1.5631428018112665e-09
2.4438863068809483e-15
5.571370306699747e-18
1.8603358438248914e-08
1.5631427289707956e-09
1.5055624068456897e-08
1.3041479830032437e-37
4.14450939884685e-09
2.2912281323644834e-08
1.501901425908701e-19
2.9397013393534073e-12
0.013305998407304287
3.5390560328071705e-09
0.7594018578529358
3.064880614552865e-18
3.4231985186983445e-17
3.88266563716386e-15
4.316834567432939e-17
6.276271703304376e-09
0.18183669447898865
7.1678563886534426e-09
3.321538435002957e-18
3.362669616755201e-06
9.430082402581896e-13
2.0599444301693262e-13
9.833982012351762e-16
4.658705656126645e-12
7.009346910923114e-10
1.4692599511270283e-07
1.118066561433574e-12
0.7594018578529358
0.3410153388977051
8.277497601484455e-07
2.1238305666162868e-07
5.92944984139214e-09
1.277253823474389e-18
3.745043601011963e-11
4.2494204435370654e-05
3.7418343204422654e-07
4.339142304463659e-20
2.1895638152658326e-07
1.870711914819678e-13
0.03437170758843422
3.380159966547047e-20
6.7853282383480446e-18
2.8409868007309997e-09
4.536239523483916e-09
7.80587167682114e-08
4.676437019180117e-12
5.9522840116775546e-18
2.0210526636332683e-21
1.281241017593841e-09
1.9428504691108594e-09
6.618522683168872e-15
5.292486790437227e-15
2.8076934201593222e-08
2.6040426822445797e-19
6.798549774245176e-08
8.620979542973776e-13
0.42056089639663696
1.6676348736623968e-08
9.85747974152269e-19
4.2246878996632884e-08
0.7594018578529358
9.296577711080133e-08
1.2173575273411174e-10
0.03305511176586151
6.275636235231646e-16
2.6447770373322123e-12
1.2597016812661029e-26
6.4345708941889135e-15
1.0610947843298908e-16
2.3354622756710954e-20
6.3699933429325615e-12
1.2918413094692436e-13
7.633219487006097e-13
3.361286576328889e-11
3.36975768230223e-06
1.1486470656659075e-17
1.0428559299884462e-16
1.2648097807002214e-12
5.973321241459472e-20
2.270955440143898e-15
1.3416208463473151e-17
6.1719127368692765e-12
2.2577809622156663e-09
3.5858038854543093e-08
3.8336205298061365e-24
1.352724936610095e-12
1.8080389559840765e-07
1.0105611672860871e-13
7.775706324459083e-06
2.6814324081763224e-07
2.817492216408647e-21
7.96896273470053e-24
0.4111909866333008
2.9587766492342774e-11
2.0380137608440286e-11
0.26610320806503296
0.020792527124285698
7.401400100774767e-11
2.969425497489303e-07
5.407952430006664e-08
3.4093105788448624e-12
0.33668696880340576
2.2362595045799196e-06
9.622270331703011e-28
1.2365951847785386e-07
0.7594018578529358
5.484077181208436e-12
2.6357480051731544e-13
4.136326917849938e-06
7.461582495339935e-15
4.2340955418271334e-13
4.27580941139771e-20
1.0967623360084387e-07
1.7205050395903136e-11
1.0009357651508232e-20
7.959480715486572e-11
2.1701132133350331e-10
0.7594018578529358
3.153216265989456e-08
8.755856058891504e-20
5.417612267239246e-08
2.4551358843281338e-11
5.951048765579564e-15
1.3931209367039281e-10
6.800029679176076e-09
5.538715740750709e-06
1.8787198990762278e-32
3.2388179935643037e-19
3.377374244129198e-20
1.2729310723076385e-06
4.7423598055094574e-18
6.96624074573426e-12
1.7041434904391597e-13
1.2195027201987614e-11
1.6885948894709382e-11
9.085644222209428e-19
9.905106994332258e-14
7.421357173959376e-10
0.36930975317955017
5.007948728249458e-28
0.4602835178375244
7.595561147043133e-24
1.7869804140617087e-23
1.6293574326032846e-09
1.695311579748691e-11
1.7499069570519047e-05
3.5317321236213057e-10
0.7594018578529358
2.761271898625846e-25
0.06220286339521408
9.426266816371965e-24
5.961924516472172e-15
8.125225293921528e-09
1.1208172147702329e-26
7.313708392277274e-17
1.0630680193952965e-11
7.840962539204825e-16
1.1265743813577689e-08
2.7077745763458283e-18
0.7594018578529358
1.7663414496435701e-12
5.74750890847892e-20
2.227182018869318e-11
7.249646729588706e-12
2.4440036858921972e-08
1.844305000886455e-13
7.0358089039980505e-09
4.406531226691039e-15
2.3342780359131938e-07
4.3347203384272365e-12
0.25832006335258484
0.15517272055149078
1.6659366276591984e-11
1.3929376401354663e-18
0.7594017386436462
3.2282553017936037e-10
5.0287933202081425e-21
2.577863657925973e-26
1.0447739390977545e-28
1.5227463864227552e-19
5.600285507207307e-06
0.7594018578529358
5.020190939349272e-24
4.647954312618279e-09
0.32668089866638184
0.7594017386436462
0.4602835476398468
5.969072837244637e-07
4.68366601529218e-07
8.890368414715442e-16
3.7139274981173087e-06
9.559895350828263e-17
2.4522165674827446e-14
3.2064096844393565e-08
3.084348341573333e-09
0.0014340257137217146
7.588137053627727e-15
8.653485187497913e-09
0.25832006335258484
1.3436256593320544e-06
7.799499882886197e-13
0.07593831419944763
0.6079421639442444
1.6196702752770412e-20
3.386473733301467e-06
5.859337386109224e-10
2.207779783884943e-11
1.0668481342183795e-11
1.7818580630260587e-24
5.556636901129561e-10
0.24511055648326874
2.8658489447768086e-18
3.645904746252833e-11
1.0600526590597526e-10
6.853919822724238e-12
6.76319485863588e-09
9.583858858459569e-15
0.388140469789505
3.4118328071760006e-13
0.22781014442443848
0.2164505124092102
1.484460204660335e-20
2.4610786358323867e-25
5.348510593558349e-22
1.6035854192720207e-19
3.320014845959252e-12
1.3881741607025536e-11
8.774767039880231e-09
2.3361250982394377e-18
8.800622921062948e-15
0.7594017386436462
6.3502903795007e-10
0.00037282328329927075
2.047586804402173e-09
1.1227964999090792e-17
4.214988813030163e-15
6.272097061770758e-05
1.8538615393520183e-13
5.213932777457028e-14
0.2241377979516983
1.7004378639619548e-12
2.0828201688329905e-21
4.513998961898286e-19
0.4111909568309784
5.440483605802263e-08
4.0614036114548847e-35
1.5989899400694706e-09
1.52608443225746e-14
4.6952395908149235e-11
1.9524461536694423e-19
5.881033124678712e-34
1.1820595836384355e-23
2.5854444702868542e-08
5.743587100275245e-05
2.2734734373906354e-07
4.5226047896831254e-08
1.8352666455456833e-10
3.5631386329582764e-16
1.5615331911679624e-07
1.22201638027598e-06
0.7594018578529358
0.4268513023853302
3.730261613717814e-09
9.038761829339215e-18
1.0501982193739879e-05
2.9574392083587428e-05
0.2731301188468933
4.250603996119185e-12
2.4154447114452015e-14
8.513807826049008e-16
1.7322259456527618e-13
1.0128867341403512e-14
9.679810157435967e-18
4.323510938170174e-09
4.232591964875572e-06
0.7594017386436462
1.3657172127956761e-21
0.4602835178375244
1.3186757404798267e-16
5.194507475822892e-09
1.0827419152710566e-07
2.2941714339880467e-07
1.060668193855582e-07
1.3006476136975294e-11
1.374104858420491e-16
0.7594017386436462
4.64990264392522e-15
3.06631427981449e-14
1.3258219171967463e-07
4.805077897028771e-14
3.6653013237825595e-12
3.7856533330962586e-24
7.498389769961777e-13
8.194613750603383e-14
3.5325757880028537e-10
3.8163997565741185e-11
3.451233048050904e-07
8.052581084626043e-06
4.728928872512466e-25
3.183521705689444e-08
1.5631432484698427e-09
9.258156530225786e-09
1.129132380028297e-08
6.273642522459771e-14
4.28091838369354e-11
3.118871696690176e-11
9.166164754570757e-20
2.163366478606498e-12
0.25832006335258484
5.2037279476414427e-08
6.052406283432969e-20
2.6997090550726392e-08
0.7594017386436462
8.231437240478176e-13
2.8652527405311725e-14
2.0568747443532277e-16
4.641159391236073e-19
1.0985805589975758e-06
7.93471078870645e-12
9.860467737254381e-11
0.5074470043182373
6.190595471776928e-07
0.7594018578529358
9.242038752873153e-12
0.4272405207157135
5.410051258689045e-08
3.5836405235983956e-16
2.9104269593998944e-18
0.7594018578529358
6.8994547812807375e-12
8.4625997944656e-12
1.4627608457982587e-12
7.771393039469951e-12
6.337189930138601e-12
6.414548395577376e-09
2.273564195939214e-11
0.5075792670249939
7.993754568883552e-21
4.037049077944396e-17
0.2731300890445709
2.446281771048417e-14
1.2271380268170478e-15
1.502233728311177e-24
3.1625582281805e-24
5.805467493612116e-08
2.4436505222825348e-11
5.033998547951809e-11
3.631863511903439e-11
1.0901472875963336e-12
2.776912076414887e-13
4.238063816628911e-15
3.7525483224242654e-12
1.3186615191335922e-14
1.1913653150122512e-12
2.9621117627512296e-19
1.6265600217685448e-07
1.9521807403948235e-10
1.789537781993155e-27
9.748441411993024e-14
2.3026125144475773e-09
2.9012397098694037e-06
2.7344672649768147e-15
8.788410765835463e-13
1.2192161723141887e-16
0.7594018578529358
8.031210411221818e-13
2.6816142195288117e-12
0.4602835178375244
1.2354122620226986e-07
4.0398090427647855e-08
8.415753798858119e-15
5.0563569554714276e-20
0.7594018578529358
5.971749523316179e-11
1.1164370052364198e-15
3.982531388514719e-11
1.0045372934539587e-23
0.7594018578529358
2.153808773949424e-12
6.080928873195834e-06
0.18168216943740845
2.0129426455203557e-17
0.7594018578529358
1.5631432484698427e-09
4.1058082934710845e-17
1.1525242085167378e-07
4.379866946452891e-12
2.043605322328446e-18
7.507446983448337e-14
4.223778419299216e-09
2.1535737620293368e-14
8.788013175488617e-13
9.491785800293895e-17
3.82297360202385e-06
6.2456998851751785e-09
1.1779114850068615e-12
7.69167689744372e-23
0.2032928466796875
1.1928507447479825e-15
0.7594017386436462
1.2074349679228623e-25
4.584795437165793e-26
9.506942416940427e-12
3.502019653250996e-08
0.2400844246149063
3.2367814798284733e-10
2.1956425170985775e-16
1.0571483178345513e-14
1.1575288403959822e-20
6.401276938988856e-28
6.65004226497114e-13
5.474219561063197e-06
1.749162961260696e-09
3.68686889743292e-06
5.6030994519522645e-12
2.553602095287172e-14
3.6288975552196375e-12
3.5377488897815385e-15
1.3476361131613979e-20
1.3301670443625147e-07
3.169301053506414e-36
3.971990617718057e-10
1.4005694788651271e-14
2.3937492287910947e-19
1.0482387574383678e-15
3.6558140662046023e-25
1.0514328202594774e-11
8.738283963553685e-16
4.7346700489296536e-05
3.8344662401244476e-05
0.034371715039014816
0.12077587842941284
7.716755601584433e-08
0.46028345823287964
0.04503132402896881
2.8634846138482296e-06
1.0236351548978557e-20
4.9516940062622894e-09
6.001674811772688e-21
4.234873156330359e-07
4.988489677985963e-20
4.897126223668532e-30
2.5392347266918134e-31
2.825975041016153e-16
6.586944518586425e-13
2.6434470144341015e-10
0.21645048260688782
2.6503277166208353e-09
1.466521762377341e-16
1.1039559086357448e-09
7.747129234441593e-06
0.055171120911836624
1.1204155359979099e-20
4.234873156330359e-07
0.22413776814937592
0.4111909866333008
5.171635081469947e-13
2.677196252563876e-17
3.5761501466161025e-06
1.223821667168046e-09
0.5842874050140381
0.2767029106616974
2.4687079391935007e-11
7.121332042608848e-20
3.809685306492512e-19
3.0061735211151857e-15
2.731410373116978e-22
2.553602095287172e-14
1.1643534724192727e-10
9.574029428650738e-08
7.381287720959612e-11
2.521459221017257e-05
8.66201024586835e-09
0.7594018578529358
2.4866829278397984e-12
0.5074470043182373
3.1014270186019796e-09
7.349657108166433e-19
2.666564364279735e-12
0.7594018578529358
3.1647121103227026e-21
0.18183673918247223
8.603189422132539e-08
4.9941212757889004e-14
1.9568903933061354e-10
2.890756444153794e-11
0.00015204996498920085
0.4602835178375244
7.6937848898160535e-25
0.13631734251976013
0.2648511528968811
8.722333790097561e-11
0.7594017386436462
6.04659854254385e-14
1.2043294355813294e-08
1.3290048264888095e-08
0.46028345823287964
1.3193559358674731e-27
5.888452108170817e-07
5.2162561592672306e-23
9.565158593078274e-09
0.7594018578529358
2.973200811765671e-21
3.2578512692977745e-22
2.0436338440270234e-12
1.5618141402071108e-05
7.219544070078266e-27
1.884942447722652e-08
2.935356614721549e-08
5.1118404839149715e-08
3.7711175484686373e-07
3.0391307469991465e-12
8.949033018119785e-21
0.6079421639442444
0.3357841372489929
3.3664402531527984e-09
1.5307057313825807e-22
3.5895967207990886e-22
1.0559479301584685e-22
1.869060106520241e-20
2.6872725093280637e-06
5.080602834592111e-13
8.153621940779195e-16
1.968139529761203e-18
1.051286007746282e-12
4.340658316890073e-10
8.462592634979642e-12
4.736452035815197e-09
1.1247815708786869e-11
3.4786466292668394e-15
1.0180817537263569e-07
0.0984540805220604
1.702777113325883e-09
3.854653320171465e-15
1.4955788006476583e-08
7.570409956220614e-19
7.698998247768639e-28
1.607297710680561e-10
6.656284951968507e-08
1.0898273243524334e-07
3.793912958986723e-10
1.7857802654496648e-11
2.981599032223127e-10
8.625372689244836e-12
7.040728350128119e-11
2.823586558416189e-06
7.520755041117775e-10
1.7958618145148662e-13
4.801300683756794e-10
0.47348544001579285
1.093052998308126e-12
0.0304719191044569
8.122145392054146e-10
6.498322046509075e-13
7.775980312448737e-22
8.928923342980301e-14
8.351277570490534e-21
1.38535449587589e-07
1.336318188933395e-11
7.248823910451401e-13
0.36930975317955017
8.978780523004359e-20
9.53967980133869e-09
1.1898456998690843e-11
1.1338227602223018e-20
6.780587911500695e-27
1.1110409493857982e-08
1.2837445721768816e-12
4.659614498849498e-11
1.1103272234324475e-10
4.864627776723163e-07
0.7594017386436462
7.568030078126053e-10
1.5043425026043817e-18
3.862048296004985e-11
2.6821795727579174e-10
5.903259006395703e-12
0.7594018578529358
4.581421205119472e-13
0.7594018578529358
5.331937534468897e-10
7.526579058193508e-23
0.7594018578529358
3.230580512049922e-13
2.434692346393715e-25
0.7594018578529358
3.350101932419527e-32
2.1397849176654828e-08
3.14789508695678e-05
1.2976811205590105e-11
2.853695551802105e-13
1.3620488280489815e-17
4.1118855523563885e-08
2.5474560363224044e-07
8.443031439694039e-14
1.1504842232810127e-10
3.90589187627387e-29
1.1845128433799482e-06
0.41568341851234436
2.928793446188232e-28
2.13481142677151e-18
6.757150902753695e-07
1.9415296552431262e-17
5.549781239215601e-09
0.7594018578529358
1.5931164671044532e-12
1.1065833842541274e-10
2.234502199275974e-28
5.494000839350229e-20
1.5256926281201557e-13
0.7594018578529358
0.13631734251976013
0.7594018578529358
1.1264956878084268e-20
4.5387148691074104e-17
6.606265426529429e-21
2.0502752036156505e-09
6.0219547602592365e-06
3.430955653044593e-13
1.3763634787941417e-10
4.398930176995354e-19
6.908619182007985e-14
1.8068628132022415e-06
9.635154264753792e-25
2.0522323000749102e-13
0.03305511176586151
2.466092581266531e-10
0.7594018578529358
0.42056095600128174
8.863631282859595e-08
1.5198752175016727e-10
6.907009397356853e-46
9.57149159152472e-10
0.13631734251976013
2.5257612329582757e-11
1.9800412482823075e-11
1.5138492571810647e-10
3.984304486846915e-07
1.524458318402824e-22
2.894277875824373e-10
1.0540653860863755e-08
8.061246929024061e-15
2.160110250136918e-09
3.851441333184008e-18
9.79137738901124e-17
2.4664547867320018e-06
8.339625293407058e-09
0.7594018578529358
4.319184427662875e-05
2.341954695975152e-10
0.4111909866333008
1.9781148928873496e-17
5.462473175019938e-16
5.717312065615565e-16
0.0029285182645271135
2.9268855840727864e-23
9.048155817819678e-14
8.597862136069775e-16
8.501923403172016e-18
4.960111738085974e-15
2.611459012151593e-07
1.3877672922814244e-07
1.5123470146701971e-25
2.5752115636724054e-16
3.107148186558923e-11
3.139276861803441e-07
0.42056095600128174
3.9421248064387006e-07
2.1066565222023473e-09
3.4489264691660484e-21
7.58835439797216e-06
2.8590974726204605e-10
3.930548783252334e-12
0.2032928466796875
5.848837859466955e-24
4.100048977925447e-09
6.434605323838101e-11
6.621678440185578e-13
8.60269746609961e-06
5.257021350267705e-13
1.505367794002338e-10
7.00908295781414e-11
2.1731311321767026e-14
4.40752283103672e-16
2.7653025035009907e-18
2.851977655351389e-25
1.9404210360750844e-15
9.949732030290636e-09
1.367620583917404e-12
0.15353041887283325
0.4353407919406891
3.647564729894746e-18
0.25832006335258484
5.454896938798476e-10
1.2537128663774835e-11
0.2636069357395172
6.137482978719995e-08
0.7594018578529358
0.7594018578529358
3.6884180347271346e-09
2.444641260132739e-09
1.6706527035405006e-15
6.7080846750394595e-09
7.903320967705959e-11
1.0735489884541273e-24
2.2944023359943935e-22
1.633413813821075e-21
1.2237743248075731e-06
2.3329469910567826e-07
1.5364053530677268e-12
6.807148940349447e-07
0.7594018578529358
2.3564142864028755e-16
5.442705579740534e-08
1.4971058057122066e-08
2.865850936108429e-18
5.73025875573573e-25
1.3256450409357165e-09
8.317619668533527e-06
6.48290425748142e-21
2.410744147593061e-16
7.385518828081485e-14
1.4412868023504174e-06
0.7594018578529358
6.9499659259429525e-09
0.7594018578529358
1.4278576009870518e-13
3.86900101639845e-23
0.03305511176586151
1.0043354202982248e-20
5.483294062266256e-13
1.127075744769679e-09
1.034433131133018e-11
0.4687110483646393
5.427696313840614e-18
3.5900933706709405e-19
3.166094258144205e-21
5.91773579672025e-06
2.9512468593258075e-08
1.1003053464721595e-26
3.1961590043896018e-12
1.8435091387263095e-19
3.643594601769159e-19
5.111839633917513e-08
0.0005794075752365792
6.182934333457227e-13
0.7594017386436462
2.099107922836085e-14
1.6516115028936865e-17
0.033055104315280914
2.1323073930374725e-12
5.230135857849261e-06
5.4950872816366373e-14
2.0074780149290447e-29
8.117670475433224e-07
3.481982203401336e-14
1.4407773893131177e-15
4.854028952600617e-21
9.12565682926853e-22
0.45694199204444885
0.07593831419944763
7.491122576770413e-12
2.764569135887909e-08
1.3060167701437963e-24
2.8174570499794204e-08
4.3993788377945947e-07
1.1711807493782208e-21
2.1882166144162276e-10
5.468367150078439e-06
6.680897330143819e-12
3.2515793479058196e-15
0.7594018578529358
2.375725250647262e-14
5.91291552328738e-10
1.248479550212965e-08
0.4995584189891815
4.211949039845132e-08
4.244698800376816e-13
8.229689988092152e-10
1.5577052816455297e-07
6.41185336503348e-06
1.0834007640589525e-16
7.91414384132704e-12
0.0002051057787487762
4.3873910965913115e-07
1.0460979534499023e-15
2.924174914059038e-14
5.588593193735304e-16
8.339627972240078e-10
2.3837975526519875e-17
7.585854612034109e-08
6.363966919194935e-17
7.223684977082273e-21
6.5152971210583875e-09
1.6749218971222488e-06
0.07593831419944763
0.3151702880859375
2.9045113415733533e-31
2.4201725362417756e-21
1.8526471880862253e-08
0.7594017386436462
2.267563225908072e-12
3.0282568812863068e-21
2.453551804914788e-17
1.4996868190956047e-10
3.259398742445868e-16
1.6214400693086216e-28
8.29561756991621e-07
1.454857106988217e-10
6.175391505496303e-05
2.6863167160814376e-25
1.0365476044592759e-16
2.869470761122486e-22
4.801088874686988e-05
4.6776111094491985e-08
1.8343497140038833e-14
3.2302654170827465e-10
1.4499795551547496e-28
2.4692957603950457e-08
2.848999061047568e-08
9.150940667064856e-20
3.5034903083123504e-15
0.22905150055885315
2.3017942693945737e-10
9.532263795479787e-07
8.093167303948435e-05
9.631558263575675e-23
3.9505645508230194e-13
1.8530176434323584e-20
1.33071164600179e-07
3.2320278662506333e-08
9.45747672273016e-11
3.5108132232292673e-09
1.296093505130274e-20
5.925819058456112e-22
5.574419635208538e-17
0.7594018578529358
2.557266702199117e-10
3.5077073406499605e-14
1.878407903426192e-12
2.88557514690397e-23
8.775486515943518e-14
1.0107642263507741e-15
4.423255306023071e-11
4.539442028609489e-12
1.4668203012147853e-10
4.964304588135591e-10
1.487937292587252e-07
3.2706899569539263e-18
0.7594018578529358
3.0331933205839435e-05
2.416009845644031e-15
9.540577438464216e-19
0.015863802284002304
5.1484343383228966e-08
0.22540998458862305
3.039166609859714e-09
2.2453712372873492e-30
2.9919735957202977e-09
3.4544111855057753e-22
2.1026683064692858e-14
1.7726910158002545e-10
8.124395971087417e-22
8.93778361442357e-10
1.0300708565005432e-09
1.0501982193739879e-05
2.3873585645795533e-18
1.1788448696050918e-07
6.889320001857326e-18
7.846446970658606e-29
9.288004200093824e-08
5.1118404839149715e-08
7.83927824979416e-07
7.390982277665057e-17
1.4205281991214596e-14
3.123721055438315e-28
3.055609717307474e-10
8.620988713172202e-13
5.680959788725861e-14
2.406315825556589e-29
8.576717256371324e-09
1.6554809547721718e-13
6.44700254750384e-13
1.2174647544427734e-13
1.5119898914548975e-31
6.084025390131164e-12
7.723061466000772e-06
3.3862702738253984e-15
7.23960122444615e-23
4.2383259630981187e-20
0.3191450238227844
1.8611800134085643e-28
1.198827201073679e-06
2.6340929454598937e-05
1.3458702161793758e-08
5.637055538440907e-09
6.917508994033808e-10
1.5539587928095986e-13
3.921213836084484e-06
1.8502258341549276e-06
4.068888362534619e-13
1.6906600756126643e-17
1.2873168948340102e-16
9.249171192228047e-08
4.636356368085511e-10
0.6000044941902161
2.183428906946703e-11
9.487589314924638e-09
8.85622484062944e-22
7.32479369909518e-12
3.965274900687618e-08
4.708457955373396e-08
2.6927996387542204e-19
3.573507306165357e-12
4.214586970020689e-11
4.703334996717343e-12
1.5631427289707956e-09
3.386391367636032e-11
0.21645046770572662
3.444688598394524e-15
3.6297071895176067e-07
2.593789448436426e-23
2.2467340427768626e-09
1.6752606109855368e-22
9.175484464402188e-08
6.612360416117096e-07
2.2551863471148567e-16
7.245656401852798e-13
4.876530896850844e-12
8.799424964516585e-11
0.4189974069595337
0.47348544001579285
3.2610939729342736e-22
0.7594018578529358
1.1536722280458362e-11
1.7367352957540541e-15
7.813873560636811e-08
0.0001916234528973179
2.3179331377340615e-26
4.642844895924339e-19
5.44147030937511e-13
0.011096683898004778
1.288169055476257e-12
4.659784009469802e-11
1.873125381257639e-22
3.180048942200165e-07
0.7594018578529358
3.0313610663946498e-12
0.42056095600128174
0.7594017386436462
0.013940136879682541
7.842815678045342e-05
2.166478649150592e-10
1.8455544358963504e-18
3.4024704064369163e-12
2.674290122757735e-09
1.2602438537066019e-19
4.665098143647253e-10
1.33902008909019e-13
3.5447591663195783e-13
3.9085888196612166e-27
2.837296760091009e-13
3.235379589531032e-22
1.2005385463193361e-06
9.866779287711509e-19
1.7768234118871946e-24
1.1827607406719206e-16
7.1816811901152596e-12
0.7594018578529358
1.2611030167679543e-10
1.414671437429882e-07
4.4950002858397094e-14
1.3290363021354418e-11
1.2416036779161145e-14
1.8083752699557693e-22
0.07593831419944763
1.8551263164304467e-11
1.0687888702477974e-09
2.677891946871571e-06
2.31066964702687e-08
3.1864796371201293e-16
1.5160673444085063e-05
4.249828243681471e-08
3.4839478158671556e-22
5.738651505477931e-20
1.1315172058195057e-08
3.930995416281093e-24
0.7594018578529358
7.73019909547153e-21
1.31067615519109e-32
8.620987817652006e-13
0.0007135415121964176
2.830163229860834e-10
3.144570595618802e-07
1.9048213656700923e-06
5.828766610777207e-15
3.4845135731115625e-15
1.0590722993261445e-06
6.555697446717736e-25
2.468830925792713e-12
1.956890295650474e-09
4.2328646019231634e-17
2.7596079460712276e-13
1.5576804395851156e-07
1.770030693643226e-11
2.219188825874844e-12
1.0982501445914278e-47
6.040875449439089e-11
5.477957510744083e-08
7.958889193220352e-21
2.402728248304389e-25
3.365824067623795e-11
1.6299755923274192e-10
4.6836647364579573e-07
0.7594018578529358
0.6205877661705017
0.15510119497776031
2.532321639298752e-06
1.9092593065371347e-18
2.7015254934582984e-14
3.658592854252633e-12
4.2471162745107747e-16
1.0542383550936994e-09
7.221595615835167e-17
3.035209280121379e-14
2.884297225890491e-09
1.2811813981038065e-07
1.3391312490719342e-05
8.419767431352326e-12
7.044211633612181e-19
1.222778064655059e-12
1.9980128100154755e-14
1.0834008969476128e-16
4.550365488573759e-11
3.016242843164979e-09
3.21108179208602e-12
4.673925330147252e-10
7.065712399920272e-17
1.620519050838293e-13
3.259942424836956e-19
4.909225898694549e-27
7.145248041880619e-27
0.06220286339521408
8.306318318080984e-15
2.896818436531896e-07
4.759208059798462e-09
1.9892192684158254e-17
1.9756644836181055e-11
0.3036263585090637
5.2382585062745676e-08
2.0534223406963477e-16
0.054053064435720444
1.049045109298142e-10
2.407327095864992e-13
6.191615355959903e-11
2.274838524798028e-19
6.65689872810728e-20
5.7552087869594095e-06
4.1740712167349213e-16
0.6079421043395996
1.4699894322405295e-31
4.178969528229945e-28
1.4225751002719578e-13
1.340431417298765e-09
3.261236466412238e-09
7.637211830931156e-10
3.393761128363342e-11
6.231319250254318e-14
0.0013981431542825578
1.309827340108269e-05
3.2129189276568586e-27
1.6075342379777108e-18
1.3923065716718559e-14
2.698997046319892e-14
9.566006363747255e-07
3.031780239677432e-18
0.47348544001579285
1.7319699062198866e-12
9.728544129900155e-14
1.1115414912653592e-15
0.1258997619152069
1.03007087916818e-09
0.4687110483646393
1.2584092285688074e-16
1.558648007209266e-14
7.4500774886793745e-09
1.7241695143181387e-09
2.9072997493703404e-19
4.0294138291640625e-15
9.200039818027622e-08
2.9263300282337266e-17
9.924864755110282e-19
1.818667261429315e-09
4.804030017370814e-14
9.561695736773616e-14
0.5074470043182373
2.8165912124859108e-06
4.416552229556304e-09
4.3935292159742264e-08
6.727332307990586e-18
4.105756726005851e-18
0.7594018578529358
2.0727513341997674e-15
2.1730856050751868e-05
4.531149678649213e-30
1.2856506236498542e-11
3.013124475526679e-19
4.3535122967608705e-15
1.4688005537486447e-14
9.675171196379336e-21
9.485684220734257e-13
8.833936672287907e-20
5.4306497755413835e-09
2.21473741052733e-06
8.391250989699272e-13
0.15104568004608154
6.628380354702142e-16
4.6260694319378895e-09
4.2509561632705704e-17
0.7594018578529358
4.064191858299781e-07
1.3152810622533242e-10
1.0473510488782418e-09
1.0620306899357275e-10
3.593440862965779e-10
0.33578410744667053
4.762588229621789e-16
2.7033319500633635e-18
4.843395566248913e-35
2.8210028497070006e-07
0.6000046730041504
2.7235044938244007e-10
8.837106579195262e-23
3.8396812795172544e-19
1.6673199822454634e-15
1.680994828719574e-11
6.850332444671616e-10
2.955708754376262e-08
5.136140543271436e-16
1.7494031696006008e-08
1.1959148531240427e-12
5.749883640181088e-12
2.6989974166488465e-14
0.7594017386436462
5.912956175903368e-14
2.0742691561972135e-10
4.089554330181397e-05
1.6907892582903729e-15
0.4687110483646393
1.5042734024154293e-09
4.2883609097774556e-13
8.227662317443095e-19
0.0014340265766362508
2.5002945071610402e-05
3.6594672500898148e-09
1.467206760085936e-08
1.1775981558265551e-12
3.657870252314479e-28
4.4502180764664046e-11
3.8786003760798554e-07
6.479280007970277e-35
3.7510257518972407e-11
4.153288364254179e-06
2.741901720213896e-13
8.038753747717466e-12
0.00016449300650979838
5.509272284958546e-08
4.117060421032245e-19
1.5610610373627654e-24
2.467246304475165e-16
1.0911896197050657e-21
1.188183500970409e-14
7.364796512340405e-24
1.041461415620615e-20
2.6850196073492045e-24
9.274882273567927e-25
0.0007884755668467816
0.20483238995075226
6.973249286794096e-09
0.4189974069595337
2.9588520051714133e-13
8.055182852748749e-09
1.9953147613826306e-14
2.861569165857058e-09
5.87489175065539e-11
3.1008083007966225e-08
3.4265038721396765e-09
4.384094803573663e-14
1.5965195945090873e-10
3.06841068318049e-16
0.4111909866333008
2.522774359815891e-31
8.910536839579963e-07
4.38539628511486e-07
3.454780783808703e-10
6.288069333289016e-23
8.593376483279035e-13
1.4902646448108646e-09
3.3154040343027747e-10
3.1647564266883153e-32
3.415634224578749e-08
1.7876285305607074e-16
5.819591975592966e-09
0.0008180991803194295
3.818923794566078e-12
3.9045689331935034e-12
0.18874476850032806
5.5535021396887705e-12
3.262132367236049e-12
1.8566901600614584e-15
2.5423303864792388e-05
1.5839584755134841e-16
9.062850972391705e-16
1.708840021342965e-08
1.687593078254618e-12
0.7594017386436462
8.023571766926997e-27
3.952497766276999e-21
3.1967107986494143e-18
1.2324211138512979e-11
6.220066115383228e-33
5.147353535713417e-13
2.5323208862444842e-06
4.652878528784515e-06
5.388867772013763e-13
2.0190327920245005e-11
5.165365443077012e-12
4.7615216095201913e-08
8.807388135408228e-07
0.013305999338626862
3.458111260679664e-13
2.448009667279912e-28
6.064370471578331e-20
1.7513669109361953e-26
3.2977147705679274e-15
3.73862228496541e-20
4.100615784371297e-14
6.46652935313857e-20
2.1195927938639678e-11
5.936150546330922e-06
6.975087216489034e-13
1.3411234999229205e-14
1.508804776950886e-16
2.410293339455384e-18
6.523473010919854e-05
1.2235821039189142e-24
1.9048621738443585e-11
1.644241716605261e-17
0.008270971477031708
8.737289263054042e-12
5.433440194376046e-23
6.502674699081125e-19
0.22540999948978424
3.0507763097322274e-14
3.1024747577324927e-19
0.7594018578529358
8.170384882568683e-07
3.8905273442542234e-19
9.013313886997932e-28
9.450076520184436e-24
7.525961632832596e-08
7.495065505295056e-12
4.91997232480523e-06
4.336388068682833e-24
3.707330028912932e-08
8.559509014358275e-12
1.1050790820663188e-16
8.543863915343976e-22
1.5174484201961685e-08
3.8456975590030565e-08
2.5375785445564552e-17
3.4240066423080102e-15
1.2520470907580662e-10
0.7594018578529358
1.461996859913555e-12
4.4596293529334176e-13
1.1948242079480643e-23
6.403261869248757e-16
4.6974586757566314e-24
2.4687391296133295e-16
1.0489664287866919e-14
3.7644636411368375e-18
8.737115374267229e-16
5.335870147964182e-10
6.568824135527928e-16
3.029475313173366e-08
9.640375632977385e-11
1.864998558386809e-11
1.030578502093955e-14
1.2233248130772163e-11
3.1466935169342856e-24
1.1230036876731504e-06
4.458590251881998e-10
1.3646992668315432e-22
0.46028345823287964
1.0272878910650948e-14
9.55658414081435e-24
0.20062395930290222
4.206172093574373e-14
4.057060683983049e-12
2.0542649291737107e-15
2.67083904796822e-14
1.4124827626354752e-16
2.751245333368627e-13
1.3862160469420746e-05
1.004290323010194e-27
2.341369112959722e-22
3.670966109762662e-17
2.0082498090690674e-28
2.7646535682104405e-07
5.6557769886114376e-11
1.57662718054513e-08
2.0516310688519707e-08
3.957152993062639e-10
2.2474750814687303e-11
3.0080850996182726e-21
2.8845382059058163e-15
1.668334119362621e-23
3.033635013270126e-20
1.8252408182490202e-06
1.3744082623674028e-07
0.7594017386436462
2.4033795276891637e-16
2.2887713802968117e-06
2.458024325349191e-20
2.323598681978509e-13
0.428544282913208
6.801687442001645e-21
1.3413715679279803e-08
4.927570438562585e-08
0.07593831419944763
6.08092655156883e-06
0.12949858605861664
3.9711944948976764e-08
1.1033059646788466e-20
1.162793718118937e-26
8.779495881043916e-08
8.788563769576102e-06
2.1096939408343635e-19
2.3850728898127413e-06
1.980486161419813e-10
1.064002235858449e-15
2.0042599571508567e-27
2.681827608188634e-33
1.1800708845330403e-11
1.241178297757676e-10
0.4687110483646393
1.9554468188032274e-11
1.0692457600035518e-10
2.5234128386879682e-17
0.045031316578388214
1.1208460591155576e-05
1.272315815542134e-07
1.4247802818422883e-08
0.7594018578529358
1.2832564617597063e-16
4.916860403506587e-07
0.7594018578529358
1.1545590425912383e-10
8.589363972720754e-26
5.584557869735215e-09
1.3252338946320502e-14
2.9349187635681124e-07
6.086502578025395e-11
1.135941052359945e-18
6.478924032401506e-11
0.2289377748966217
1.9685661890071915e-24
1.0944019793459616e-10
1.3715789478800817e-09
0.7594017386436462
3.160328652675322e-09
2.942378371924533e-23
0.7594018578529358
1.8950966591059847e-06
2.1497765796655233e-16
8.551624252366464e-09
1.63703400856913e-11
1.8834493494832619e-07
5.9141737895979116e-12
2.4028378706654046e-12
9.883206047629031e-09
1.1255708533707805e-12
2.309309627096845e-10
4.3822066210635557e-10
0.7594018578529358
0.4156832993030548
1.560028908638978e-19
4.7643497550024394e-14
1.7795717963297177e-10
1.0973394574597149e-20
7.717051735817068e-09
3.819489661500817e-12
1.624116603621414e-10
1.7258398105568116e-14
2.818138642200017e-10
2.7097581413612176e-21
4.508277598926146e-12
3.6392327884831714e-27
0.4602835178375244
4.208918563220596e-10
8.408518529585901e-09
9.675167233974994e-21
5.463668270719075e-08
2.74447015045802e-06
1.8548010317257363e-27
0.18533730506896973
3.1251733343719344e-19
0.4594808518886566
3.0348525677690686e-19
4.424219772371713e-25
1.615319063319492e-11
0.07593831419944763
2.26749455531774e-17
9.33268841320545e-22
2.981427058599032e-08
7.130050668834455e-11
4.13637320693349e-12
0.2499040812253952
0.00013239587218495327
7.823311645532524e-09
3.034622748796845e-19
1.721426812527496e-05
0.4602835178375244
2.775818626100767e-10
1.011473423879544e-09
1.7652345019580954e-10
5.248237040289775e-19
1.019082198527371e-17
2.363298558551969e-08
1.6496242309484473e-19
4.6320062428482984e-29
2.892752025912212e-14
4.862417266460616e-13
1.352588027498383e-16
1.743469834135534e-09
1.7279794983398004e-20
4.276016352062926e-14
6.091323249619637e-17
6.907542894748037e-09
2.010373664292429e-14
1.0259822366124656e-27
7.037769700469106e-10
3.001174300406086e-12
1.3886086758819102e-12
2.861097295729716e-11
6.962107681985026e-05
1.35405442148881e-17
9.044407322899701e-07
9.243427526771948e-08
1.707866423198513e-08
2.570599785026273e-05
4.140868690174505e-28
0.07593831419944763
3.054538954219302e-14
1.328743614998324e-09
1.2222798953043278e-15
2.0073163942840818e-20
3.777467133716497e-10
0.014897240325808525
4.120772618334536e-16
2.0433428210288577e-17
8.212099176812077e-18
3.2121449554164576e-09
7.818474201826046e-13
6.036784483247556e-14
2.81363707296449e-16
4.1374253203778106e-10
3.368331296720968e-14
1.0986841015253627e-09
2.4823659549318056e-12
1.9758899482132313e-07
2.2974295579888776e-15
1.9030284903321756e-14
1.0737276050967203e-11
2.559269465179208e-08
6.6150155160953965e-15
1.689304894076692e-25
1.6875116291664747e-12
7.308607213741573e-17
9.976733184609341e-23
4.214081137015297e-12
2.6280035589324995e-10
7.865904989648437e-24
3.185369723860931e-13
4.682522760835358e-23
8.049260741920673e-11
1.216638130904986e-06
1.52648535861787e-15
1.171983227409828e-08
4.4910910487858424e-27
7.626137759589694e-23
5.432410251249117e-15
1.3118023090233773e-33
2.4011166443752802e-14
1.2260345796151096e-14
7.156847751258374e-14
1.8666594455158538e-27
1.2252560766052429e-12
0.4602835476398468
6.784324626042666e-13
1.049076859691491e-25
2.934541260610788e-11
9.661877376614034e-11
1.5401542852555859e-19
8.871621526561973e-17
9.504477384252333e-07
2.0932021020781104e-12
5.158192752894241e-12
4.569344721267233e-31
0.06721369922161102
6.408554884211862e-26
2.0590818333543986e-08
1.3725835112027604e-18
8.277497601484455e-07
7.944010331199496e-22
1.3115865015070783e-12
2.3083416224284047e-09
6.556177854774085e-08
4.596430652932328e-10
0.14526435732841492
3.0185981845478273e-16
2.8151105342016536e-10
2.8130556494855924e-07
1.3553006812918428e-18
1.090556401678849e-17
5.560774203223262e-09
1.1149645049737584e-37
7.369967056323954e-13
6.8431545730340685e-09
0.7594018578529358
4.737296215047632e-09
1.9443102378034452e-11
7.271166865529734e-12
1.6203191052710483e-06
6.116452903740101e-17
0.016049882397055626
6.173198621895954e-11
7.233731618725311e-16
9.969553901813437e-14
3.3731484951856223e-13
1.0942688653008802e-07
0.04503132402896881
7.37770706047334e-15
0.7594018578529358
2.9615136043970514e-10
1.2781400700848895e-12
0.07593831419944763
5.354722898493829e-17
1.1949311009511999e-09
0.21645048260688782
4.400753185225247e-08
4.77711104861265e-11
6.147355879738327e-24
4.3438968384381104e-11
5.341021977827321e-10
5.1231335959647435e-08
1.1592239008017885e-08
1.9481404192734442e-13
3.2469930316609223e-13
0.00035112803559628897
1.4412536949922815e-17
8.679225969571457e-15
8.024008289595699e-10
5.182609188903068e-07
1.3458496947309639e-07
6.085635032351601e-17
4.367996869034078e-11
3.0850456960075547e-16
1.4573595345046014e-12
1.111480111363155e-05
1.5631432484698427e-09
0.7594018578529358
7.69736191260616e-11
3.6051010711409814e-19
1.6803959344068894e-12
2.119901707019032e-09
1.2233305152344413e-26
8.087381162110349e-07
0.01611831784248352
3.0567322254113076e-22
5.934239528287668e-10
4.2255936075034394e-23
1.0645998745318828e-13
3.6508711439055003e-13
7.52346405198958e-22
1.3909613064299756e-31
4.5636224650390294e-20
1.6381068290204058e-10
4.2261300057989567e-10
3.2518949186806227e-24
2.029461246831812e-20
2.1538570984643877e-14
2.986380174972367e-08
6.326104443424203e-08
1.0073098685128762e-08
3.5784837296373947e-12
6.619219958580876e-11
6.621597329416538e-14
2.085092994164576e-05
0.42655298113822937
2.2440051655922033e-13
0.4602835476398468
8.409263159917328e-09
0.7594018578529358
3.332986660200746e-12
0.15517273545265198
3.230580436728208e-13
2.775080094767862e-06
1.163900458517503e-16
1.015228492651213e-13
1.1474299550435899e-10
9.948480907289691e-12
1.131214681948701e-06
4.383893253123475e-15
0.21645048260688782
1.0974127087485229e-29
1.5631432484698427e-09
1.9338091068027933e-22
1.027147945631171e-08
5.5033166328037405e-08
7.012627311782144e-11
6.052964787151294e-10
1.3516923138530482e-11
4.7607467441938074e-14
8.056728612607671e-14
8.595065654048126e-16
6.434389147404027e-09
1.3254744835278715e-25
1.0329046273976793e-07
3.513868137212107e-11
1.9521805795367825e-10
0.26610320806503296
0.4268513023853302
3.99538103297288e-06
0.03305510804057121
3.8378759234032265e-27
9.252169899179284e-11
0.7594018578529358
0.4687110483646393
6.838766548989231e-05
0.47348544001579285
1.2945556493162575e-13
1.3962842187018933e-05
9.541725223679254e-10
2.184952094793425e-11
8.14516885819047e-31
1.0396286158936504e-07
1.271485271079964e-06
3.1265614462555125e-17
4.684468369164423e-18
0.7594017386436462
4.296976381241546e-09
0.4195048213005066
1.8141433181489102e-12
2.8310673676725943e-14
0.21645048260688782
5.32067906891808e-19
9.772198560186367e-08
9.707458576412099e-08
4.178734592821058e-13
2.896299764599711e-08
4.764225119198179e-07
0.7594018578529358
2.2050603319267907e-13
3.783665265690964e-14
6.457759304426618e-10
1.867589651364444e-07
9.928925032872133e-10
3.243903102925892e-17
0.7594018578529358
9.342961748225104e-09
2.0728911786472888e-15
0.4602835476398468
2.202926203401534e-11
0.7594018578529358
1.0045370755716077e-23
0.3645213842391968
4.949797300990247e-11
1.2071515265232893e-09
0.06316528469324112
7.064788036418118e-10
7.060555560231302e-20
3.684239564643319e-18
1.4555340322493635e-10
3.70416258119433e-08
2.335685717747524e-16
0.7594018578529358
2.0182791596610438e-08
0.4602835476398468
9.51054933782799e-12
6.593087353662033e-20
1.0503298273444553e-18
1.2675087290925436e-09
8.614163011485852e-09
3.0212954040079635e-18
1.6843015518409656e-28
1.32891320790231e-15
1.2747896582375245e-18
0.00028925517201288
1.8201239296383595e-12
0.4602835476398468
2.8889348616465614e-20
4.625900749054467e-09
4.537546119574247e-08
2.88452011502101e-17
2.634093724100493e-05
4.203769993208317e-16
5.031364873331385e-16
1.0194817439038577e-06
2.9905356434307646e-15
2.7958237529716482e-12
9.609877524224025e-15
7.529635269356364e-22
1.1862441487961752e-14
1.232726566961857e-24
3.815402962890246e-10
3.08458929592196e-11
1.6777794851857124e-14
0.25832006335258484
0.04503132402896881
8.788008354255225e-24
2.168882778792583e-21
1.4699214759083128e-13
8.365048086972473e-12
2.949004742786444e-13
3.391394167571066e-14
0.0006941959250312159
6.556177854774085e-08
1.472819133353385e-11
6.761744698118289e-15
2.61633657381153e-24
1.1654930125215972e-14
1.7974704066356133e-06
0.6079421043395996
4.692528322882217e-13
2.513938084247022e-21
3.3789095660629946e-08
0.20723265409469604
1.0014919314101573e-12
7.273121065609987e-33
8.999473695849317e-06
2.1745667643280775e-06
8.818824312347036e-26
6.369994984401101e-12
8.239787639232946e-11
5.578568482533607e-19
3.712079520695072e-14
0.2948524057865143
3.7822716117562566e-07
3.182189433420543e-08
0.21645048260688782
2.833706687970452e-15
3.364860629315861e-06
1.1704615172287763e-06
1.431592451829677e-14
6.956554857213966e-12
2.4136985018123478e-17
0.7594018578529358
3.416401930641004e-18
0.7594018578529358
1.5167534473943291e-15
1.573281800351545e-12
1.917811493833311e-11
1.7186010887820375e-16
3.706946121919959e-15
1.5631427289707956e-09
8.057715031129742e-23
2.316373271398505e-09
3.3009095578230143e-06
7.550466267219986e-17
3.889509329500207e-08
4.0248671222415576e-16
6.582614069200346e-08
3.3011362534319896e-16
2.75461925855726e-13
5.026056575385244e-07
6.548522023582145e-09
6.82860466078223e-08
1.1670138297947726e-23
6.656205687721792e-08
3.9876095890311386e-18
1.2196355098257548e-29
0.26610320806503296
2.617321983972886e-08
4.416157147226532e-18
0.055171117186546326
0.7594018578529358
2.605098693679889e-24
0.7594018578529358
8.273875871216269e-06
1.4097184992793442e-05
0.7594017386436462
1.0424600806708145e-12
1.2175141925036217e-06
1.2368483115122146e-09
2.870446270416576e-15
5.299836073326396e-06
6.019404132290333e-17
4.599621480677873e-32
1.4874260773461239e-21
3.026140435825452e-14
2.1225678187331326e-14
4.160776784104785e-08
3.3350052171149407e-07
5.587539407130739e-24
4.624597726004595e-19
2.5267151519948747e-10
2.3003528695864128e-27
6.727615000263746e-10
2.868812300401702e-18
1.4204138543377438e-12
3.6625935096363876e-18
1.1629904049574175e-06
9.166938614620878e-23
9.718700178468939e-14
1.995562920041392e-26
2.1428412642796994e-17
1.782997527075729e-22
8.38522503010062e-13
2.865850936108429e-18
3.880789567627465e-09
1.6781602406306545e-11
3.804080930190896e-12
2.2410502029560448e-15
0.21645048260688782
3.746401271899383e-13
6.777633183891593e-18
6.626841857227137e-08
3.019015428102981e-11
1.666434319166311e-11
1.8284556703980226e-09
0.4268513321876526
2.271262947136717e-06
9.876342343950133e-11
4.83052852235251e-11
3.405306297482542e-10
1.2568777373063383e-10
7.10756242130335e-19
0.7594018578529358
2.5411936278732876e-22
5.830933041065679e-21
2.288182954245084e-12
2.480915339220127e-18
6.699398734335739e-16
1.391032805782519e-06
9.578806826560804e-14
3.5337438336550685e-22
0.15353034436702728
4.7507330770097955e-14
4.631541138947997e-24
1.5853907492882524e-17
6.546381930272845e-16
7.588254670776468e-09
1.6489558314680188e-05
0.7594018578529358
2.3865981453987228e-16
4.495822591462942e-17
3.3674502488182526e-09
4.874387715724012e-12
3.087012252034263e-08
3.5416779577469686e-06
3.803964822883528e-15
5.935850585299384e-21
4.801871996646176e-10
3.967586471415903e-06
2.0753637827901525e-08
3.310967428400345e-36
3.363211357831701e-10
4.117858417091327e-08
2.9953764414185865e-06
0.4111909568309784
1.285825360864493e-08
2.4290852616398088e-21
3.793221963959516e-33
8.698183482245017e-11
0.0016827437069457385
1.8678804118966853e-06
0.18185284733772278
8.658522229220346e-08
1.5945731599158856e-13
0.7594018578529358
5.285920604531214e-10
5.034474023509843e-15
3.5453420217830505e-08
0.7594018578529358
1.959572883884988e-14
2.3978489944733483e-09
2.9692099990436555e-09
0.2767029106616974
1.5488448895566472e-22
3.5326758959192727e-19
9.823201453589506e-16
0.22540998458862305
1.7751475747246258e-11
6.569045958892141e-13
2.640942597095268e-18
5.314874275406234e-16
7.366874385860043e-10
0.03305511176586151
1.9030274446394267e-14
3.879472531517272e-16
1.6241160447699632e-10
2.4773079155470384e-22
2.0534788992219853e-07
3.0984829734690817e-07
1.9019995502655844e-06
3.4808716037082646e-31
0.7594018578529358
2.5847481322473896e-18
3.484829080233951e-24
1.3225307221774927e-09
1.2449731308620641e-13
2.9044165845974346e-15
1.0155870578771815e-11
2.5174608969041085e-07
4.028807159411816e-16
3.3096811276077576e-09
2.72579035846162e-28
1.5195931629388316e-18
1.5363147423772622e-15
2.8130092309675175e-12
8.175656515031781e-15
3.8505905196229903e-25
4.397693936649709e-10
5.441741664868155e-09
1.2678230391267247e-15
0.7594017386436462
8.324603835487697e-08
7.912139052196946e-05
1.6742767297283196e-19
7.827809530428392e-12
2.0607685967544852e-14
8.86335690713055e-16
1.7572951523841128e-07
0.46028345823287964
8.937786983587126e-10
1.6938183929552218e-09
7.649709516055989e-18
1.3520246069137059e-24
3.2750065492200094e-28
3.4902132528684806e-14
6.005609117998348e-21
2.6552532468295983e-12
4.621524792519394e-23
2.6493423388804976e-12
1.653075868956721e-13
0.7594018578529358
3.5306721627844733e-13
1.8884973208716397e-08
2.626239342818269e-13
7.945873829011873e-16
1.083528496632335e-09
0.249904066324234
4.887341269011967e-11
1.4988961466183073e-11
3.3686911476143435e-09
1.9925763438621446e-18
2.4425791681735945e-10
2.205641946018413e-16
3.077109988902476e-09
0.04503132402896881
4.51531638293218e-29
1.900382980580378e-11
3.130246275347586e-17
1.840855686652624e-12
3.8004304355824223e-07
2.6065135868329063e-16
4.508956840483936e-21
2.897462227903878e-14
0.2164505124092102
0.4268513321876526
5.1972992595371176e-17
9.71870565493833e-14
8.919384725589623e-11
5.0175924697433445e-21
2.535961978891601e-15
3.2858258610031583e-18
1.100083771337359e-12
4.7624478287930755e-09
3.593781482465597e-13
4.76509092209729e-13
1.757136015652642e-35
7.970742223158573e-18
4.166513959680288e-17
9.665998531316982e-08
0.6079421639442444
7.632527642845296e-05
1.6489385760586736e-10
9.053280806421435e-17
3.238136101166271e-11
5.013923047574466e-05
3.3155005475945596e-08
1.257190657280844e-17
3.708548722242309e-14
1.8130308620965773e-17
1.0515411998186647e-07
0.4602835178375244
1.047258128271371e-06
2.9797254509770385e-13
3.2382185249949197e-12
4.943566830544741e-18
9.314520558515183e-07
0.46028345823287964
9.047488758646736e-08
6.591368878457914e-05
5.249653372536294e-12
4.56215781254819e-22
7.474091466021137e-10
2.9643145437866387e-15
1.3200033899091527e-08
1.0399361821466413e-12
9.909562603320344e-12
3.94674530242647e-18
9.463008407155936e-08
1.7442259066236903e-24
9.709485641586598e-11
2.8287383404673137e-08
9.205553661751295e-06
2.731163071305311e-07
1.8139642709602595e-17
2.4253225650006556e-16
0.45341891050338745
2.741901396196175e-13
1.5357320268447311e-16
8.54828754162443e-16
1.5631427289707956e-09
1.2098842110796467e-10
8.650827272942604e-12
9.79236536681566e-07
5.996472641139689e-07
3.360367727418625e-09
9.292786150208168e-13
2.678716205514166e-08
2.162195300594635e-09
4.834339887243238e-09
5.458222527870088e-14
2.5328482948935066e-08
7.597547716695693e-19
1.6840959725574254e-14
8.946500991061562e-12
2.5413367501821663e-11
0.21645048260688782
1.4783101872172763e-08
4.455993243974358e-15
2.215965879407228e-22
4.924317382702688e-14
4.014926132800194e-11
2.4321554064739456e-14
9.833715469859035e-07
7.661472525192569e-08
0.7594018578529358
3.0537148948095995e-25
4.305507319062896e-21
7.693474062770948e-18
5.611885446823837e-10
1.0482382639163086e-15
1.0153647659853587e-16
0.5074470043182373
4.140596393092927e-10
1.8822963034168082e-06
1.49427172450401e-23
3.394901033617898e-16
3.2381189793380287e-14
1.624871143554961e-23
0.620587944984436
0.7594018578529358
0.6205877661705017
4.945271157252657e-11
0.00015649859688527393
7.819309523644203e-17
1.0520671641604302e-09
1.2844413618528192e-11
3.663962445599842e-18
7.247825543175762e-14
1.8230782425173187e-08
5.443631057294257e-12
2.7378930774433003e-16
3.938607750772873e-05
2.4703920183702522e-06
1.1333776892764147e-13
0.22540998458862305
3.8035296315079634e-15
1.3356462433540376e-29
3.842217361514479e-10
6.694336265701943e-09
3.85465376438037e-15
0.16615284979343414
3.9392760299171363e-16
5.8992049880695984e-09
9.375133635857597e-05
7.6242978542870875e-06
2.380644146472276e-12
4.59996281271593e-15
3.3842133629192338e-18
1.1147815699173267e-09
7.307981502912794e-10
3.5619136198503263e-06
2.010197540757639e-16
4.153413008374592e-06
2.51785925393784e-10
1.0768998024142304e-20
7.434950967540238e-21
0.09301881492137909
1.8027996691603113e-08
0.22540998458862305
5.251922020085762e-09
8.704837137361728e-24
3.49097207807975e-12
0.46028345823287964
1.3164709308472373e-08
5.35673925798996e-13
0.3410153388977051
1.8149400421370094e-09
0.7594018578529358
6.104802003215157e-18
1.562623902187233e-12
1.7938963177076262e-09
0.5842873454093933
0.46028345823287964
1.2542483754891373e-16
3.192354184967159e-05
1.2750575554566042e-15
2.5597872858802746e-05
2.2390427251339037e-15
1.0410508274728767e-08
2.8076873031846664e-17
1.7535619548835968e-11
5.098819787673352e-10
1.3754565570774797e-10
3.907545495420633e-10
7.5883509021768495e-06
2.101944929531082e-07
9.002826782660297e-09
5.996051999810691e-13
5.834279619621124e-15
4.7987088439608516e-18
0.7594018578529358
0.7594018578529358
0.12589974701404572
0.26209813356399536
1.2648339340742413e-16
1.3139042103278448e-17
1.9799853396428485e-21
0.7594018578529358
1.2761124561340086e-05
2.4959564656628416e-16
1.260039245786079e-12
0.18533731997013092
2.1278071225547555e-18
7.781086501609138e-11
1.4765710496806777e-30
3.0408495791005896e-24
3.6626980520758204e-10
2.274917634806342e-13
0.00038229228720008506
0.3645213842391968
7.22367102298366e-28
3.430554725135281e-27
6.310864887320014e-12
0.7594017386436462
9.006970978431584e-11
9.810450147155785e-07
3.7772253216658507e-16
8.289349269744372e-15
7.697293959251874e-10
9.842211498065952e-34
1.4737536732394983e-19
0.4602835178375244
1.0482384678432958e-15
1.2471684841221303e-18
2.2475229060899547e-13
5.922261394931782e-07
1.8890259000496557e-11
4.222493399100542e-10
5.158192368456122e-12
2.1601335427693283e-08
8.066042210615981e-07
6.386395893859896e-16
4.616600253446488e-11
4.6907131191650095e-14
7.242166626313627e-05
8.75902330774328e-09
8.12522626328797e-09
1.2390490356209657e-22
0.00018239289204465925
1.0924865304413636e-07
2.1146734640583004e-11
1.0711312726954244e-17
1.2992001658793267e-19
6.539988209233877e-10
0.24511055648326874
1.5631432484698427e-09
2.176188747314154e-37
1.287938622198431e-15
6.197559553595215e-11
3.168433220296852e-38
6.365261547560869e-15
0.3151702284812927
6.501681663084763e-13
0.003697106149047613
4.1713725442306105e-17
7.763813802461994e-38
1.8063196002897208e-13
0.7594018578529358
6.763246862006761e-17
7.453643408135647e-18
1.0982104048744526e-17
2.252724401357583e-14
0.18183672428131104
1.2149548043848001e-27
3.495328419336179e-14
1.3021493723323684e-11
4.23054090817442e-20
8.194424623838284e-14
2.378086562953998e-10
6.928127424671633e-16
2.8284430926955164e-07
2.8886824858129945e-10
3.747998278065452e-08
3.329121466090413e-12
2.056985906996947e-17
0.00011335045631290617
0.4602835476398468
1.8088986333685473e-14
9.710125946222517e-15
3.3493157967293272e-15
6.530007026752982e-14
8.219801213948362e-13
2.420413886514974e-16
6.731430817670383e-07
0.18168216943740845
4.8588000995993364e-05
9.854170816370508e-18
7.608900859509497e-32
1.7823245874114111e-12
7.599960542172976e-12
3.891543489609529e-06
1.0351137814393155e-06
4.160556210431549e-07
8.055180466067172e-09
4.6281039092904255e-09
5.97097460633517e-09
7.86358570045422e-27
5.2376186837099675e-06
8.49816666522877e-11
2.8029388953588503e-12
1.624913532085139e-07
4.726801840778616e-11
1.2340767081748535e-07
1.1834595825375136e-13
0.7594018578529358
2.279735737223094e-08
2.928784582710925e-11
0.12589974701404572
3.181163209589893e-05
8.620979542973776e-13
8.733366192679399e-19
2.3691177355868662e-18
0.7594018578529358
1.451879435088385e-12
0.46028345823287964
1.2851058499782826e-08
0.045031316578388214
4.13782659347198e-12
7.806268819685682e-12
0.2731300890445709
6.485011161651262e-25
0.18533731997013092
4.369053302057617e-13
8.054592628225667e-10
0.7594017386436462
2.259808725786503e-21
9.087813208294511e-14
8.132673692029755e-06
3.44275030399979e-16
6.135011434385812e-12
9.829242634204187e-17
0.25832006335258484
1.670773904256372e-09
1.3636185840876172e-10
1.4919817838342861e-18
1.2049767537346345e-11
5.026102325662535e-11
8.620980810605646e-13
1.8716251326544635e-11
4.15883271773998e-09
5.680088322480469e-17
4.694413423222293e-15
1.1758046003729552e-24
1.2516426870756169e-05
3.141483768742735e-17
1.492454449703439e-14
8.803408260815227e-09
5.5001825521402346e-15
1.7701699304947795e-06
0.7594018578529358
3.8430578482713004e-10
1.5082725001610811e-10
1.783077402832913e-14
3.4118324952623773e-13
2.5400721987033057e-12
7.851906218859864e-21
2.2334641682987144e-07
2.9503852211904475e-16
2.6026155869519434e-13
7.020099196100347e-12
2.37778542565998e-14
1.4023098908427049e-11
8.324603835487697e-08
2.782174974484808e-20
1.1631714000228325e-14
1.3581482673403518e-15
4.773395764209387e-11
1.1838828067028967e-12
8.379502985073605e-19
1.2528877149944455e-08
6.406371621202313e-13
4.403171168329076e-15
9.511429484197352e-22
6.453478991683491e-21
4.59515697502868e-08
1.6543517572873275e-25
6.17130739069597e-23
3.703049753435686e-16
5.041538931401229e-07
0.4189974367618561
1.6695625781700894e-11
1.8919388991382913e-15
1.9017285440222425e-20
1.3486402104643457e-13
3.3229314030888475e-19
2.216939557752461e-11
2.882297101131118e-13
6.242373793079688e-13
0.7594017386436462
0.7594018578529358
1.3129247129876633e-14
0.006849247599414077
1.1261560573394682e-12
0.3144872188568115
1.8519248552545623e-06
3.178152593946812e-15
2.56545401347813e-22
5.1118422020024365e-08
3.817187597574494e-11
1.7218320833196662e-06
3.02047909734403e-09
2.199671774890237e-17
6.470192125001413e-14
1.9909752205107018e-29
1.0992391748071687e-09
8.939039397826129e-11
5.36450484877561e-05
0.7594018578529358
5.802928025341903e-06
0.7594017386436462
1.294775923866794e-15
7.379626948541226e-11
1.7017555065123398e-17
8.07871300535519e-19
0.7594018578529358
9.880528095932511e-10
6.359702247487852e-07
2.3120568556742337e-27
2.1923041121061423e-09
1.7627305098131283e-22
1.355632815242512e-12
4.30433132464471e-06
1.4172468248580079e-08
1.70567753710116e-08
9.710395161228132e-11
1.2920706322588059e-25
8.081512305889392e-25
1.0850337153083867e-26
0.32668089866638184
0.2921116352081299
5.456537525993298e-15
1.496759782520079e-07
6.458619789935345e-10
1.6792778609803916e-08
0.04503132775425911
2.598678428738318e-13
3.073158333420552e-15
1.3615742483285662e-09
1.7516654287879493e-09
7.06109898428452e-14
7.395126881411848e-21
0.0005228743323156612
3.2974529641463482e-15
7.342452669823368e-14
1.3934491876063196e-16
4.775804686788047e-14
1.9201273557782464e-10
5.930229777106758e-05
4.347562511242204e-13
2.607038234220758e-10
7.23931646850558e-11
4.625768070324012e-13
3.2400529953677463e-19
1.869208703404807e-13
5.696027501669742e-12
2.0456501171432867e-09
4.929031362223595e-15
5.364916291209441e-15
1.415177188276407e-22
8.566746843657775e-17
1.5767635173039405e-23
0.6079422235488892
0.7594018578529358
2.2776961365749544e-17
0.41444623470306396
0.22540999948978424
2.187632259040414e-19
1.836593997143443e-07
1.4149658132597783e-11
1.3667234548026906e-13
5.1501059347776125e-15
5.606559830879652e-22
1.2923589768759028e-10
5.2740781478354786e-12
1.898863691897615e-12
5.590057193987733e-19
3.199730977173382e-19
0.03305511176586151
2.1518126409250245e-09
3.547046689378351e-06
2.438631556826371e-15
7.934393182863782e-13
2.228694847088019e-16
0.7594018578529358
0.0015814255411396685
0.21645046770572662
2.4075842715768523e-27
2.220137242056162e-27
1.740861480252039e-12
0.4602835476398468
1.9548841200666464e-07
1.4486747661896421e-13
1.793711503684489e-05
6.22527295305307e-11
8.406540650148804e-14
1.1419493702497712e-12
1.3741327276353527e-27
2.4046839354384595e-13
4.999826779782744e-07
2.7117166564705885e-11
6.721978655837575e-07
3.3756081198091747e-17
2.7166310041986983e-16
1.0218462284131666e-09
3.888902188567446e-09
3.2171072411761735e-08
3.344487143319374e-07
6.623425146127703e-09
6.372514877250153e-06
2.8544901103960523e-12
6.972137053786251e-17
4.817750278900215e-17
2.0776130410808551e-13
1.5139506113009078e-08
0.7594018578529358
1.7734275820429823e-07
2.048917185671488e-26
0.2164505124092102
1.3856289340829398e-16
7.192598382760791e-14
1.9740660659144172e-14
1.4891940488860175e-10
4.3387294365209804e-07
3.343303064222009e-21
0.7594018578529358
5.836780843717449e-09
1.0410572599272986e-06
1.8529405807879584e-22
3.920019676305837e-15
1.999971041376436e-06
9.136346548170012e-26
7.301910118401188e-12
0.7594018578529358
1.712927932799157e-17
1.3893223062874814e-10
8.761111983254531e-18
1.9470403896992994e-05
5.870882153928253e-16
3.6704404391649264e-20
7.155938550316154e-20
6.956289722140021e-09
1.0612241953120299e-08
5.693448745485086e-16
7.67541006714709e-07
1.1528390391833934e-10
1.0834008969476128e-16
3.104117636682259e-20
0.7594018578529358
3.5956687759766118e-12
6.651988722840256e-06
0.18183673918247223
0.0845063254237175
2.6005374721871816e-14
7.324786152028442e-07
2.530214008183148e-13
2.0411883293016377e-09
2.022477877456495e-10
9.288007987289423e-08
6.334435803928975e-25
7.254296383851365e-18
7.266141454963228e-15
1.1424992575213439e-15
1.0925154182290162e-10
2.910428202483677e-18
5.781579960345949e-16
0.6000046730041504
2.9633765402350125e-11
5.001815484825061e-09
5.758699279613013e-23
4.2236126360289213e-16
1.4036234407640758e-08
5.875330451867633e-16
6.171463610621314e-10
2.8590974726204605e-10
4.762360826396741e-12
0.22540998458862305
2.670796739516604e-10
5.936260036017179e-07
2.0998949546787013e-17
3.1973999395614494e-21
6.153613269328225e-12
8.725309184399917e-22
0.7594018578529358
5.834202278249803e-07
3.4634500640595056e-16
5.65635258233833e-16
5.398740065432897e-11
1.3288354600231638e-21
0.18183673918247223
2.2776955825490287e-17
1.3485750822965864e-09
3.000567926845118e-11
0.7594018578529358
5.363160449284766e-13
0.7594017386436462
1.2018572385229874e-16
2.6090210374152186e-08
0.25832006335258484
3.1034677790582924e-13
0.2164505124092102
2.9246891195325423e-15
3.2381200637605077e-14
4.4542313912319483e-10
2.084677833910011e-09
2.909333963122333e-20
1.783077402832913e-14
2.034687366924411e-09
4.230967532470063e-18
1.3154623209989925e-27
0.7594018578529358
3.480275705847969e-18
0.7594017386436462
0.10341271013021469
1.2363275757203116e-08
7.996477543940544e-24
0.11075562983751297
2.7407565450621944e-24
1.48019187082889e-12
3.292767073758002e-12
0.08752807974815369
2.91837240947605e-16
2.571787477776751e-09
0.7594017386436462
0.7594018578529358
4.5367012659287737e-17
2.712205873162177e-07
3.143330455828355e-11
0.4687110483646393
4.397001827417486e-13
5.4524561473859076e-15
3.733879174093205e-23
0.4724315106868744
1.083741561864137e-20
3.362954849803262e-08
1.478730740521577e-14
8.559516820393217e-12
0.020543618127703667
5.7960891515026744e-08
1.0155658708473855e-10
8.435050293280389e-18
2.0966659401388024e-13
4.7434326637985265e-32
2.6242660059950493e-13
4.5836873664930937e-07
1.2346676508780584e-10
2.2206300568381063e-12
2.644137863547465e-13
1.8647396541122022e-14
4.3359073803945854e-15
2.55672754279943e-29
2.3477448233121294e-08
2.8932049748822485e-11
1.959622847872902e-12
2.917619493414183e-05
3.964507060368713e-10
7.084110321964047e-08
1.221098393800857e-12
2.8337996886234395e-22
3.164514590671877e-06
6.009002692569149e-09
0.7594017386436462
2.8326172737604752e-12
2.129303214409195e-08
4.420635017019964e-09
1.8000547704102607e-12
2.4007074790258454e-22
4.0867964476340245e-13
3.8849241218924155e-16
1.8138593710428763e-05
1.0101179953112119e-21
1.3588762891331418e-16
5.97503942754415e-07
9.471295684210237e-26
2.5050261922347256e-17
6.089661480778887e-13
6.3760288478103365e-21
1.0348088798228057e-23
3.225082995962958e-06
3.695894683598137e-09
8.23312898767937e-05
0.7594018578529358
2.2198351914363422e-07
1.3776269123088267e-17
5.299789386402143e-09
1.263247233080893e-16
9.176763300670018e-25
4.303626237018383e-15
2.4450403532770082e-26
0.14822599291801453
2.1947143236516044e-12
2.4262335683690996e-17
2.093631371528016e-15
8.944398149141481e-11
1.2803469796605872e-18
1.984470660222036e-36
2.2757409070207347e-17
8.681149544588975e-26
2.0007464472382757e-11
1.3078480908694872e-08
1.0849028336508382e-15
2.749574950391494e-08
1.1971145004079686e-27
0.00030916167832475104
4.913242486346797e-11
1.9222646439766816e-11
8.727256559432016e-23
1.7509088726942762e-13
9.156308777983098e-08
4.322064221305939e-09
3.847541168928302e-11
1.3400143400099245e-21
4.259909329154287e-09
3.620674935020362e-18
0.7594018578529358
1.159668247057617e-16
2.1666481410072133e-18
1.3277362735886763e-17
2.9096417658787485e-14
1.578345339558037e-08
4.5018171385557405e-08
0.22905150055885315
0.4268513023853302
5.226159735684354e-13
5.863912472529111e-24
7.385213629220191e-09
1.3621953615669216e-10
1.598574292586516e-10
3.1030549764021284e-13
1.4920342090361806e-12
1.2781401028323758e-12
0.24511055648326874
0.10741188377141953
1.2275912175630403e-08
0.7594017386436462
1.0251435541193758e-07
7.458908573425044e-10
6.866271887391746e-10
4.2471175925782845e-16
2.482272290684804e-05
3.4870659918968982e-06
1.8637388292303677e-12
2.4428733156181418e-08
1.4247938874351932e-13
7.385968448543534e-07
7.730822506289095e-26
0.42724061012268066
7.508525551440588e-20
1.4174491178083683e-09
0.33148452639579773
5.026070533653415e-07
3.279967883205439e-07
3.222473237226751e-10
1.8330010706258045e-20
2.468863537353055e-08
2.3783971330320484e-20
0.6079422235488892
7.340636984351675e-08
0.07593831419944763
2.1454068082886888e-16
3.103649574112057e-29
0.18183673918247223
2.7741772063820425e-06
3.368208527413117e-20
3.668896656857687e-11
3.946484633919063e-12
5.482792595480384e-08
2.000506087591229e-25
8.430087283068309e-08
2.9891833667393807e-06
1.9741260213815334e-20
1.9728800174652346e-17
1.5916880040676287e-14
1.2276892281840237e-16
0.6079422235488892
7.977135389834686e-16
1.452409054476593e-14
0.7594018578529358
1.1765057708484928e-11
1.1010026526424781e-09
3.950232127626845e-06
2.469296976559517e-08
1.2883646172816947e-13
0.06721369922161102
1.0215775424272467e-24
7.086518466339645e-23
7.32057267411692e-22
0.07593831419944763
2.986300415807956e-26
5.430099872150107e-09
3.504125994730643e-18
1.103955419724565e-09
8.080270660372779e-26
3.4610889574036145e-11
8.126647038278634e-05
0.00011562317716378302
9.925562536147054e-13
5.14213938518633e-13
1.277716888803704e-21
0.7594017386436462
7.192115978300641e-05
1.9198820487013072e-10
4.70400669931994e-18
1.9129420164226452e-14
1.6384025689095765e-14
1.095638141356679e-11
3.1363562731872743e-18
1.66671549008449e-11
0.26610317826271057
2.188020241533435e-08
0.7594018578529358
0.009920305523530848
9.090752710019754e-11
1.0361675622315076e-06
8.080274857148144e-26
1.709345806354118e-09
9.58409744103916e-19
1.9672319323306385e-11
7.252748955691074e-14
0.15517272055149078
0.06220286339521408
3.4297534595824225e-10
2.556434419272673e-18
3.37584454522827e-16
0.46028345823287964
2.9095281101477486e-10
1.3630369552570652e-24
5.5298210591512e-06
2.0628920710609493e-12
0.1859661489725113
3.2292961218894426e-06
2.9256958912545964e-08
0.21645048260688782
3.5250545546942356e-08
5.565336915672877e-15
6.497771483852771e-24
1.7503176019962311e-09
5.637750426373529e-21
9.551616202770567e-10
3.951511138541076e-08
4.586538011133496e-23
6.426662100992094e-13
1.6035854192720207e-19
9.008238269725507e-16
2.61296283483055e-11
6.311988886657214e-28
2.454242290868369e-09
0.05022256821393967
2.358742264807111e-09
5.240699197560815e-17
4.122540699546339e-11
4.8457369203478987e-14
4.272658070135492e-13
9.982704506292613e-29
1.5966818027261863e-19
8.221354245952448e-28
7.2656367246986125e-12
2.464087373641603e-08
2.2980593921618526e-15
2.1973649087821944e-06
1.9177670819215008e-08
0.06220286339521408
2.6754861942767536e-10
3.2124200873690117e-18
1.6654713250146873e-19
1.1375210541621028e-24
1.512195695637897e-16
1.0300047845070122e-08
8.080272038673531e-26
1.2173575273411174e-10
5.278442238423988e-06
1.237831289496951e-16
9.885811572808439e-12
1.856855622740943e-17
8.613985777116868e-10
2.4886872012861382e-15
5.339269631271453e-22
5.481766536962507e-20
1.0606687739335552e-07
2.6538252883169263e-16
0.4111909866333008
0.3059419095516205
8.480085752899751e-18
2.839897929734716e-26
0.7594018578529358
0.305830180644989
8.853516824663492e-14
2.2148097794563883e-27
2.4167103956595494e-07
8.369408172917496e-15
3.930654119976232e-11
1.0909072309380699e-10
0.7594018578529358
4.1185612395107214e-06
4.423254330818566e-11
1.1115104228701048e-18
2.9083078540568598e-12
2.7763112212619936e-14
7.990139992347973e-15
0.3645213842391968
3.973250833365998e-09
0.22905150055885315
1.7823480639051063e-16
2.9407281282669884e-20
1.7343679496589462e-09
0.039908528327941895
1.8719095056186984e-10
2.6839837482561488e-05
3.2134505235523934e-06
3.752855800813887e-16
4.058577857356667e-06
6.788373498279543e-12
3.1271551040706784e-27
2.940328287928572e-11
2.0171469518649225e-13
1.9143507078336632e-20
0.46028345823287964
7.37708598091606e-20
4.148567174541233e-22
3.4129228547845693e-09
8.528393744053762e-17
1.0002620092594588e-22
1.181301933739548e-11
0.4111909866333008
3.2043005140721293e-21
1.0861697502489632e-15
1.012602031259268e-12
4.407504819756263e-28
2.6052517373199294e-28
1.0763992015582335e-13
0.0003822921450784997
3.536361389025208e-08
4.3024132611541205e-12
1.4214757532404845e-07
1.1322981569262393e-13
4.551366496321631e-09
3.641450749439246e-30
1.3956469465223454e-06
9.111825019608507e-14
5.328201221831031e-13
2.537174383345584e-17
2.1592763839489901e-10
1.1551064581759263e-16
5.791028249029071e-23
5.536615123840905e-12
2.0189329034072e-12
1.5991627717950956e-19
4.002275896409555e-14
3.740063831200371e-18
2.5394604326852905e-18
2.038365712928528e-16
1.060668193855582e-07
0.7594018578529358
4.562446030988292e-06
8.08529672774615e-16
4.041099103149614e-06
3.287223147349027e-08
5.483162176172423e-07
5.788977703403867e-13
1.5574551343482128e-13
2.6681764372106343e-06
4.13230706733674e-10
6.944769789752154e-19
6.44443222100158e-14
9.187535452914223e-21
5.617592700616666e-16
0.7594018578529358
3.1942771977504575e-08
5.4111401995223665e-17
1.2880920733942676e-14
4.16688193757735e-15
5.708123663064442e-12
3.46782161980397e-11
3.450092204562413e-11
1.476910710499921e-07
9.044405552219517e-07
0.46028345823287964
3.3952896594259383e-16
0.7594018578529358
4.3324422812086375e-11
4.738032115126085e-26
3.755733758507306e-09
2.0651512764450924e-29
2.7146416340207208e-12
4.6670451363863183e-14
4.296665501791256e-21
0.5055586695671082
2.050648222261306e-14
1.868082086350673e-06
0.4602835178375244
7.20943577255121e-08
2.2620167549941975e-16
3.849812587069421e-10
0.02895267866551876
1.451571718909614e-18
1.753250305734853e-13
8.312137119582261e-16
1.6259579114300745e-12
1.3875157743093152e-09
2.30371154007498e-19
4.3619589855214833e-16
6.3261527456525505e-06
4.898469231799404e-26
1.9545424087797375e-12
9.670566434151219e-11
3.062847392589046e-14
4.5694469912847605e-08
3.2006508036369827e-08
1.6496245212792534e-19
1.0163205200159708e-12
1.293976792802737e-13
6.605002133897237e-19
2.900237954470716e-16
1.6661843923902694e-20
0.3144872188568115
1.9176024849223947e-16
0.7594018578529358
0.7594017386436462
0.4602835476398468
2.1289729298356854e-26
0.2400844544172287
7.347736776166231e-14
3.9203208372963537e-14
3.178196226981374e-10
1.0746694376422735e-10
0.4602835178375244
3.655148622704495e-11
1.1523097858349091e-27
2.8009139486389903e-11
8.16707098733782e-15
6.813130905231527e-08
0.013003263622522354
3.144712719689955e-11
3.263766633390056e-12
0.013940135017037392
0.18168215453624725
5.7646066208403674e-18
1.219074450293054e-09
1.098580397446824e-06
7.319653705612217e-21
1.1699291799717017e-09
1.0997170707268229e-15
5.961890553617916e-18
0.7594017386436462
7.354587452102397e-07
1.8968070037813933e-12
1.718310245742331e-11
4.1086326779961824e-13
3.2497808925210126e-10
4.3479757218381423e-07
0.0028106581367173256
2.4760194048250044e-08
1.2077205364944666e-21
2.9069592222442235e-24
3.4360412502263764e-13
6.191614901952111e-11
1.0889279844514206e-16
4.1112841154538464e-09
0.00014435053733332837
0.7594018578529358
1.0536690668211626e-11
1.5921095119915986e-11
0.7594018578529358
9.299181900582419e-09
2.3483534823162544e-11
8.797858697468061e-09
0.15517272055149078
2.3561988676256196e-11
3.189817922087363e-15
1.4555748858084437e-10
3.683043849407029e-19
3.650265726056332e-09
5.142749174036626e-08
3.7779466812521946e-08
5.126036470591949e-13
4.762572901267213e-13
3.9266956639481855e-10
1.0726708429169131e-05
0.7594018578529358
1.5765329373698702e-13
5.090258415831418e-11
9.718700178468939e-14
6.563883304463082e-15
0.7594018578529358
6.041322324030778e-10
4.0644430177552723e-19
2.205683906959733e-09
2.3927031421858117e-07
4.138007987019112e-18
7.4879778741477e-17
3.782348909926759e-09
0.3743075728416443
1.6632546289316118e-25
2.4977936747846716e-10
1.8304335519633392e-06
4.1674983921303776e-13
1.4971962921384378e-19
1.2043294355813294e-08
1.246462088783082e-12
1.509407406190755e-13
8.142166460707001e-15
9.629702192259916e-10
0.7594018578529358
5.101811397888072e-11
7.935546093888073e-10
9.342061006500231e-23
1.0063867509208684e-13
2.022517411333925e-09
2.833275742700808e-16
1.6270061873963614e-08
2.873968736357328e-12
3.2850006511746153e-07
1.1443273223721135e-24
3.785241067470592e-11
7.682660401971101e-18
0.46028345823287964
5.558273519397419e-08
6.31147070698744e-05
1.0948253381998234e-06
1.8235617479065005e-12
0.2636069357395172
0.2771478593349457
3.8698760633521835e-09
0.2921116352081299
7.56267316837813e-17
5.454896938798476e-10
7.38274666948284e-12
1.5721178444647444e-08
3.271435438547564e-13
7.880911362494826e-10
6.933908184920744e-07
3.1437315989918377e-14
1.6490703917380169e-15
6.786842661332973e-08
2.0956773744276465e-22
1.5586147280470163e-11
2.803154237228533e-09
3.029815036856535e-11
2.042021068624028e-27
8.449151767986461e-24
2.068298464906218e-16
9.247323808855925e-05
2.599548712912798e-10
7.675900999557544e-24
2.7303351684727334e-12
1.4209801448002656e-22
5.307790035935629e-18
3.6076247116954425e-20
4.167798953664536e-11
1.0195263604433867e-06
1.0175505848233312e-07
8.337324861531939e-09
1.5276968175286044e-12
1.3438537124894696e-13
3.207698469896268e-07
8.317619430730747e-06
1.671015988393974e-08
1.470928541222601e-07
2.0278437523451555e-06
2.3085064679715394e-09
8.685042991121475e-28
1.3157433299279037e-24
3.470104897042784e-14
4.05287631322446e-08
0.3645213544368744
6.874034724386324e-12
7.970290405977521e-10
9.52430934209431e-27
1.509244379158998e-17
5.587083714316447e-09
2.6509430484606734e-20
3.039387080869848e-16
7.597115810263165e-09
4.7280590031457265e-22
1.3918151255551473e-18
0.18168215453624725
3.7125961428674105e-08
8.098234561863764e-09
7.854858212020473e-14
0.3625624179840088
8.792726718205352e-09
6.046275003413455e-05
3.835979856333357e-10
5.684971546565378e-12
1.8863118996693716e-08
0.249904066324234
1.4081102635598503e-12
5.41794572544067e-09
1.3546044817821467e-21
1.9849373570976825e-15
1.3145313580016116e-11
2.1072256786150344e-17
7.409053014983454e-08
4.562787409822216e-08
0.00015646705211765509
1.9255436708464674e-13
6.302815863091773e-10
8.958966930924867e-13
4.529411227044279e-16
1.67841156773266e-08
1.0515294957611448e-12
0.11294224858283997
4.190347867477492e-17
2.09216237842926e-13
1.1437601927794645e-19
1.2034651173216878e-13
1.2811201519911413e-14
2.776238323442022e-10
5.86252221511133e-08
0.36930975317955017
1.9682347163522433e-15
4.569687333544088e-11
5.746074509268106e-20
1.347241794076838e-12
0.26610323786735535
1.0798740020298561e-19
1.13207142351895e-10
7.239219165667588e-11
1.2088028147282197e-23
4.272128733274541e-09
1.6944040600508858e-24
3.3988505412060184e-18
1.338850751744415e-12
0.22540998458862305
9.233893244806435e-16
9.656870085934305e-14
1.4791801664928824e-22
7.820343592238507e-11
3.6224335042689216e-22
9.414803393146045e-09
0.7594017386436462
1.8040662674873272e-11
1.0509360518264439e-07
2.1761413139584262e-09
2.660772542146812e-17
0.4602835178375244
4.571484034901001e-08
1.020737514906333e-09
9.616462240125147e-07
1.5378419334243138e-16
8.31177006565827e-18
7.234679446797994e-07
2.6619178948832735e-15
1.0817338566157574e-09
1.4907136299192986e-18
3.5715108530822796e-11
9.448483480339405e-20
3.8129930886273934e-08
6.581235869532486e-14
1.2165556802493668e-06
8.75902330774328e-09
7.577665022851607e-12
2.61636627786312e-15
1.7292943923388886e-07
1.5631428018112665e-09
1.0180092595096018e-05
9.767086185056653e-13
5.0300006378719365e-25
3.0542170381088558e-15
7.119391862215416e-15
3.3112422505346435e-10
1.410247898423267e-17
1.0890239290241839e-07
5.001177811060647e-11
8.80909389927242e-18
1.5266432656685517e-17
8.865540157581848e-16
1.2816517963896137e-07
1.2466407391212144e-06
1.9286673726415586e-10
8.379866057517427e-11
1.1358527917427406e-18
3.4075101610648416e-13
0.21800678968429565
7.164271167538254e-10
0.06316528469324112
1.3631729837503734e-22
9.075014969640887e-09
1.295475575414988e-12
5.3662374987800375e-15
4.019915729260839e-09
6.596713897949842e-17
2.52578719840483e-11
6.498478595839258e-10
1.9883779122976327e-08
1.8085196275602801e-12
5.3732072044634955e-06
0.4602835178375244
3.645702481005187e-09
8.080272038673531e-26
3.3651016480019604e-15
8.277666871929014e-20
2.1190097070235123e-21
1.4328721658837185e-13
0.005035939105797693
1.204133984747891e-07
0.008017765299414123
0.3191450238227844
3.014212286160156e-09
5.601559836252479e-08
8.419533054752736e-09
8.980524327931523e-25
1.5163550662850205e-13
3.410020428511886e-18
1.323449160284559e-09
7.203401266668841e-07
1.2810835741567552e-20
1.0800064041801023e-16
2.5603708297697044e-11
9.314788769050365e-17
4.229279846713616e-10
0.7594018578529358
0.5074470043182373
1.2778947414962434e-05
2.1841859497073622e-06
5.277219298345407e-12
2.47037825714882e-12
1.3530906968620229e-11
2.1523855382299066e-13
2.925856154954991e-10
2.6185515774854395e-19
1.1334340960763137e-16
6.3239510938544e-10
5.386586328364876e-20
1.8634529430684755e-15
0.2616250216960907
1.6159931542952513e-06
7.012704210054408e-09
1.563860589729597e-11
0.3144872188568115
5.2162523053335424e-23
2.615435120276561e-17
4.6807947335930865e-29
5.386462739250773e-06
3.953208836116341e-09
1.3649090249721606e-15
1.7189826467047078e-10
2.6093235662915112e-08
4.683170384657079e-21
9.74716099307467e-15
5.012191771960876e-07
2.2756686798712245e-10
0.0046697152681951515
5.546905713126906e-11
9.73875930846013e-12
2.6668897580666067e-15
1.457582529127898e-15
1.0465585465686164e-18
0.7594018578529358
7.197976825296823e-07
2.2098405292080637e-20
3.8321765531426004e-18
7.349657108166433e-19
1.1888504414997023e-29
8.433114859608421e-14
3.4981573677088666e-11
3.488285309772496e-21
2.5707065061807045e-28
4.51378942890862e-12
8.550987012992654e-22
1.3691175954584264e-10
2.1641603702133259e-16
3.8641856371131236e-29
2.510889682262287e-10
1.5875981363545617e-15
7.321333194930219e-14
0.22413772344589233
8.86655994148432e-14
0.22540998458862305
0.7594017386436462
2.318656264158704e-11
2.2981161725984545e-10
0.7594017386436462
6.548098627568703e-18
1.2303606307864143e-22
3.4567692294945355e-15
1.6334144927452292e-21
1.0056602352323306e-09
3.066268495659306e-12
1.8409927092222665e-06
2.4707245963248168e-12
5.616239128845485e-11
3.7553754232429406e-10
1.468325494757194e-12
5.764037644548962e-10
0.7594018578529358
2.349141447304815e-14
9.443145906233108e-25
4.073281548753697e-22
6.396928867085388e-11
7.067689637596134e-17
0.015863802284002304
1.4897607038921282e-08
2.2507198024614208e-10
1.1054121337221709e-10
3.816354424771427e-22
4.652977087809268e-11
8.145466438844662e-15
1.3235917788614275e-05
8.769659824180214e-09
8.620987817652006e-13
0.03305511176586151
2.9961138261203647e-19
2.0330195340248677e-14
8.159438044651e-14
3.834707705101217e-15
3.901501386414223e-07
6.327962382931972e-21
0.12077590078115463
0.06220286339521408
2.3411475735859842e-27
6.499313198070996e-13
5.521131723453604e-10
5.121971776090548e-07
7.588393566226595e-10
2.0307461124478813e-13
0.05006493628025055
1.211910027435514e-20
9.029376609044119e-08
2.8327210946049127e-08
1.1944810520389089e-11
5.574706938161744e-07
0.7594018578529358
7.287304048843057e-08
1.1931881568642734e-09
8.629432114679969e-11
2.1208002266069718e-10
8.277497610860962e-07
3.8984855345118043e-10
1.870860581312716e-11
0.03305510804057121
2.5017960595476457e-24
2.775854950762279e-13
0.4602835178375244
1.1762708963788862e-13
3.075396022833137e-15
2.2879259005783964e-08
1.0910443768015944e-07
0.4602835476398468
0.22540999948978424
2.8717258669326237e-08
5.43790480977536e-18
1.306378224621838e-15
7.952019462184137e-10
9.202399587562695e-18
6.809795099084507e-15
8.144706512104751e-07
0.41444623470306396
3.3079002593857786e-15
4.898468788377862e-26
1.588650312275561e-11
5.726151236092882e-10
1.8710317289909092e-13
2.5463085621700156e-08
0.46028345823287964
4.5644945236329536e-20
7.710055532928944e-24
1.7799724870465272e-15
1.652565096390131e-07
2.6085402007684196e-16
5.388867772013763e-13
1.2175635843213517e-16
0.22540998458862305
5.7559880366965284e-05
1.0452454571942419e-14
4.344265356117634e-11
1.752457142036901e-16
4.1280390967067075e-11
0.6079421639442444
8.37087665427304e-06
2.9062877194180614e-25
1.1453409468530013e-13
0.7594018578529358
3.2968051886838215e-18
1.5481534984829512e-12
1.5743307067654145e-20
1.9584662668458826e-22
0.4602835178375244
7.120562999604802e-14
8.733187960675108e-13
6.1498180797384405e-16
1.2337150290523662e-17
2.966047300532767e-19
0.49712473154067993
0.32668089866638184
1.350375958134701e-19
2.4785248291438858e-11
9.675782021021268e-13
0.7594017386436462
8.609517125675886e-28
0.4602835476398468
9.712021464511775e-07
1.8563071760165693e-08
2.084089618034328e-14
0.6079422235488892
1.5103446576783925e-10
0.21645048260688782
0.4602835178375244
3.44892605313955e-21
3.3062895619841474e-18
2.3506718127888474e-07
0.05022256821393967
6.103401405140116e-10
8.478353258300322e-08
4.651598914756305e-08
1.697136028756289e-16
1.803166905824287e-13
0.01611831784248352
1.1805361392422936e-07
2.651036937235958e-12
0.46028345823287964
1.5469468361404972e-21
2.486440704380794e-13
4.483302394509439e-19
9.414532914868373e-05
1.4612084097618805e-10
6.446267050671447e-13
2.9448702271435597e-13
1.025063926048323e-17
3.25612952006128e-09
3.81718630900783e-11
2.532758209267436e-16
6.670891411551077e-12
4.1740731544686885e-16
0.25832006335258484
2.889490315113256e-10
1.8234694324006215e-08
0.7594018578529358
1.9979591274049563e-18
8.500463319136525e-07
0.2164505124092102
8.418699134724605e-06
4.21870773004124e-28
0.7594018578529358
5.377315417022283e-08
3.2400182347438576e-16
6.86365823591492e-16
1.2354626413995121e-18
6.569453735985335e-10
3.5847390522167575e-10
7.785530349567462e-13
1.1926311046367513e-07
3.8109181086591145e-26
0.009393111802637577
8.497221882924062e-13
7.706361656972411e-09
1.124584501059605e-09
2.2940729960138663e-10
9.321820420984385e-22
4.0047756309135015e-08
1.2969244402056841e-24
1.4702829935979637e-07
1.5276736278542952e-22
8.576433345047799e-14
4.3639593231068304e-14
0.6079421043395996
6.1771277292779e-14
2.370918474139159e-12
6.498148842594582e-33
8.266198809627608e-22
1.142388053141422e-09
6.87404720032935e-07
2.8492546508581784e-07
1.139986417920692e-19
9.16142519151621e-15
2.0665690535327428e-08
2.5641355046464894e-07
0.2767029106616974
2.7563081788872344e-16
3.454781742516124e-10
3.658805262646228e-05
9.885814534711856e-12
8.277495440453286e-07
0.7594017386436462
2.2667795169109827e-13
5.89023144986178e-14
6.261037085753873e-18
2.124533582942508e-25
2.4174798508239273e-05
2.8796580102772853e-10
1.0593101837560764e-11
2.8566832443508687e-11
9.505884407917394e-08
1.2835175860166852e-12
5.5082977207643096e-12
1.05646742763481e-09
2.3902248024782432e-23
2.810176037521139e-10
2.2147372043953916e-06
7.876926057692838e-12
2.6125438381233744e-09
1.3257127753254009e-09
2.5059574645629294e-17
0.7594018578529358
0.26209813356399536
3.4139525112287746e-13
1.791079058742655e-11
0.7594018578529358
6.36734801583781e-18
1.0870179148017559e-14
8.946998086128062e-22
3.0578023766406787e-12
1.3089709021080555e-09
3.561661663089082e-14
2.1993075390908202e-12
3.683043849407029e-19
2.6451808442767154e-11
4.791710769359908e-16
0.4602835476398468
1.951745585047562e-37
2.90817420791784e-10
0.7594018578529358
4.746122079402663e-10
1.5597855318568258e-10
5.4822218735850966e-11
3.9547583054612225e-18
1.1129892354524694e-10
1.5078957269960996e-08
2.92464866865781e-06
2.93117788787437e-12
1.5446476440283783e-12
6.966978847306738e-08
1.3130916899382425e-15
7.096609478111737e-09
1.7637002625251548e-18
6.116450842981209e-17
3.601463646109664e-08
7.809616553553432e-18
7.868998957586593e-16
0.36930975317955017
2.18670029999525e-06
1.6246608126072955e-11
8.344172240304405e-10
5.296587011174354e-10
4.5390266600637544e-13
1.0750108028797396e-11
5.208663546469511e-28
1.4045094276867586e-08
7.038990450630649e-08
4.42316374419186e-17
1.3813925444564767e-17
2.985364075054254e-10
1.3211145729479825e-11
3.261614783880504e-17
1.9209215093729434e-12
7.084154010020936e-10
8.809052243309185e-12
4.988864249576507e-12
4.389570607227969e-08
3.62732545235601e-18
6.838766548989231e-05
1.1206022841923203e-07
4.889095494594642e-16
0.7594017386436462
2.342228646101773e-11
3.3824321685540433e-11
1.1017690657894154e-22
1.4889005233480245e-08
0.06721369922161102
3.1626202952887044e-06
6.357707437256145e-10
1.1842320012331929e-15
0.0304719191044569
1.0545870645933642e-09
2.127341492176708e-16
8.851946403748716e-16
1.0893602523705756e-14
5.311577867425083e-17
5.961889421670637e-18
1.5682796218201565e-25
8.86557470325293e-09
5.135815169677489e-16
5.027171325541922e-19
4.441198788934855e-12
8.060291370612349e-18
1.0873117577554887e-09
2.090581848955516e-07
2.760714823828385e-09
5.8506545290611164e-18
8.316791351628769e-24
6.618979653301864e-19
5.02904034810831e-15
3.598461241540264e-08
1.3179698477946513e-06
3.300992229965522e-34
3.1643160139697516e-17
3.8689578350311985e-20
0.15353041887283325
1.3796603394922688e-13
1.7275556971735587e-12
1.2354122620226986e-07
5.013169780240762e-24
4.5440676016462706e-08
0.00016357737627925584
4.3579070684852724e-18
8.251267906437113e-21
1.0156012424967476e-18
1.7070300744362186e-09
3.277026924851878e-14
9.33290619581511e-15
6.936814890616464e-25
1.1626728586376923e-07
1.0201572217391327e-09
5.605116517141156e-29
3.9060968828448185e-07
1.1078757179227372e-11
6.104718202270626e-09
5.094027276198712e-13
2.663318660520342e-09
1.0330293468975577e-22
4.224659402342708e-12
4.597782142554377e-24
2.706855741748868e-18
0.4268513023853302
7.310323741265992e-08
7.22866251707193e-06
1.3504830366799094e-08
6.9101271783733115e-31
8.593342134508918e-06
4.1747865100988436e-10
1.4122279130015926e-07
1.7945166124162685e-09
2.035669888184583e-09
7.525501804064772e-15
1.1365429552569158e-21
2.959333827570145e-14
1.67358279052225e-23
3.7050640141256774e-05
3.430955858170899e-13
6.857050363483783e-17
9.256241653792221e-11
7.12792456042866e-18
9.086367864172217e-17
4.0044730314738935e-14
2.0684358184863594e-12
5.919090403085356e-07
7.23941938205631e-07
5.244154683077278e-22
2.4604300846026515e-19
2.9444003776653554e-16
0.42056095600128174
1.0907892368496637e-20
1.1474299550435899e-10
3.196234680680585e-20
8.747558725978514e-06
3.848602356085836e-15
2.9870966505838123e-21
3.601464098531702e-08
3.0450949106158457e-06
1.635618048428263e-15
1.1492411331922717e-11
2.1833742111652995e-20
2.9704201065857764e-16
1.5700098599318314e-14
1.8172045325048487e-17
1.5104720134357124e-10
1.7374482150974145e-08
1.8303875346199418e-08
4.577103652366097e-25
8.676560432821612e-14
4.193398023943337e-14
9.880528095932511e-10
9.524324854437817e-09
0.7594018578529358
1.565202922864785e-20
0.7594018578529358
2.7427537024764324e-07
0.08752807974815369
9.65791237500035e-12
4.353384060109739e-06
1.166231713460151e-11
1.9202704274721428e-17
7.136135656979577e-11
6.246660418980861e-14
0.3138170838356018
2.0217782503377224e-08
1.5733114499670247e-06
9.726349312731955e-09
5.286094861969287e-21
2.4662223641413883e-10
1.4119478474433733e-11
4.839880682723494e-10
4.335597563997137e-15
2.2190995417943363e-07
0.7594018578529358
8.675404934253781e-08
1.382981529433968e-08
1.084210640819611e-17
2.8277960494028634e-14
4.649627640380141e-23
8.327825009466271e-13
2.509248154268239e-05
7.130048428198743e-11
1.322164778637912e-12
1.1071403441755554e-09
1.0648646629970878e-10
3.79074519824447e-14
7.592441572505737e-20
1.1531153280206433e-13
6.652057864799683e-11
1.3836671849572367e-13
3.9373572548386944e-10
0.7594018578529358
1.35912649765125e-10
4.380875524412787e-09
5.0577939385977907e-11
2.9538170380030166e-13
9.240465907151167e-13
7.926896824118378e-05
2.2198919439159628e-07
0.46028345823287964
4.199509830798105e-17
1.2041080877007606e-09
2.617323461856623e-08
5.470652637300262e-07
2.1379257883070721e-10
3.5493976088224446e-17
9.246776635909225e-07
0.06721369922161102
0.2767581045627594
8.074222804626265e-11
1.1264832376329668e-18
8.214051995224708e-21
7.587203323011911e-26
2.0915515402332038e-17
3.8456974983575436e-08
7.137182596521604e-20
3.5985056571844977e-07
1.1365429552569158e-21
0.03305511176586151
7.70234308776844e-24
0.7594018578529358
0.7594018578529358
1.4335112884721647e-17
4.7622560806640515e-09
1.7822428089718722e-12
1.078797378447959e-09
8.223681879751088e-21
0.7594017386436462
1.7943111062256316e-12
4.0083984412551226e-05
1.814703866705271e-10
0.29485243558883667
6.012344856716068e-18
6.59514005565265e-20
0.3191450238227844
0.7594018578529358
5.282947004100051e-21
2.2705565793762508e-17
1.5631426737801866e-09
1.45872763870255e-14
2.779771481034118e-11
5.925752926948684e-12
1.2114969155123472e-09
7.132242879409934e-21
1.8543102301464492e-10
3.8882442774484884e-14
4.55254419619294e-24
1.571448391307137e-22
1.1637539386402306e-10
1.0832639269866555e-07
5.5586430759684055e-08
0.0018739296485218437
9.880528095932511e-10
1.311199858700295e-16
1.030947749459323e-12
3.905263064659019e-12
3.716541666380575e-06
1.539441716887138e-11
1.5825807369177007e-34
1.2343871577422407e-15
2.059827889921553e-10
7.530060072287179e-11
1.8501962844565486e-13
1.0456944087817239e-36
3.595447780280104e-18
5.965415454416351e-07
4.440626704769584e-18
1.397670784605745e-12
1.3260347796655245e-23
1.969514844491045e-06
4.7820267490720455e-15
1.9102511060303462e-16
0.008754236623644829
4.5865765970530856e-23
4.9509180300579694e-14
1.8636816634997122e-20
1.664997742093085e-07
5.68738266624302e-11
1.839510157600361e-17
1.823235615079757e-16
3.327660363130254e-14
1.5888323970613884e-07
2.859098757302034e-10
7.447753045587096e-18
1.1061537503848273e-09
1.278232966782428e-13
1.507656470977946e-26
2.2597586345240927e-08
2.880714871612744e-24
1.2098760604759614e-09
0.020543653517961502
6.224248771321277e-08
9.577977297044509e-17
0.4268510341644287
2.834944309943337e-19
2.670651658043775e-18
5.4221813821174666e-15
2.1278048229717356e-18
2.2578964624270568e-14
8.202517421526484e-11
0.42854413390159607
1.88110244170758e-15
1.1397911470321874e-24
3.9673020613319113e-22
6.605922587140893e-19
7.395882368269396e-17
2.829999238686241e-19
3.861724054497736e-12
0.5074470043182373
7.580448928856643e-23
3.146058973454864e-19
8.006691303778382e-08
3.995388971340633e-06
4.063719781997964e-26
0.7594020366668701
1.7231758596712078e-07
2.1153467285819925e-28
3.1344435418198294e-09
4.236254611716416e-05
1.847019217186459e-07
1.1930043187989851e-14
