0.01586153730750084
7.622240764911269e-15
0.6177374720573425
1.6544530902452022e-18
1.4271587193351757e-08
3.6821910474957194e-10
0.6177374720573425
7.360078510160997e-16
0.3354239761829376
0.6177374720573425
2.6773057781230063e-05
1.4811274396876748e-18
8.696425940547144e-14
7.856972725309413e-23
1.1281311461606673e-07
4.373553702459597e-10
1.0588851865137045e-05
0.3354239761829376
0.2383536547422409
6.362454157249212e-13
8.201592039885664e-15
3.9188093977053693e-14
4.6390282604633197e-17
1.0137317134573055e-09
5.854145828185713e-05
8.685136408184857e-10
1.4034514325390504e-09
0.3354239761829376
0.6177374720573425
0.0002586986424733054
1.6666199991146797e-19
2.745362723663807e-10
0.03230803832411766
8.375277216045104e-06
1.3735896010474554e-15
4.712542018434033e-12
3.0926582043457713e-07
3.228137046166784e-13
0.00859171524643898
1.8031383939647583e-09
6.461524061592498e-06
3.003325086411467e-10
1.8752952862418862e-13
1.6887919650751838e-08
0.6177374720573425
6.242392568398051e-09
0.00859171524643898
0.6177374720573425
0.3354239761829376
8.797878039989975e-05
5.020430116312721e-11
4.452452819261045e-11
0.00859171524643898
0.00859171524643898
3.827692730560835e-13
0.6177374720573425
2.4078609005135264e-12
0.3354239761829376
4.458493232340189e-28
0.6177374720573425
0.010225425260700582
6.624982685005413e-14
0.3354239761829376
0.011791030455678623
0.01586153730750084
4.573470197268256e-18
1.8214643518493374e-12
3.53971592601221e-13
0.6177374720573425
0.0001940819783464217
0.3354239761829376
0.00859171524643898
0.00859171524643898
0.6177374720573425
5.980916599962193e-15
1.991987478771441e-05
0.3354239761829376
2.4573269636355734e-12
0.6177374720573425
0.00859171524643898
1.3539786941517297e-21
5.17291267926849e-10
0.2383536547422409
0.0004553432605470871
2.2866483881074468e-23
4.105455240711853e-19
0.13274018466472626
0.6177374720573425
0.0032954970374703407
1.1999480258462244e-12
0.3354239761829376
0.0005868239400365168
0.3354239761829376
0.3354239761829376
7.625960541865175e-07
1.3919341730485906e-14
2.4664631826953328e-14
0.374233603477478
0.6177374720573425
4.874694857256403e-07
0.01586153730750084
0.6177374720573425
0.00859171524643898
0.6177374720573425
0.6177374720573425
0.6177374720573425
2.2266691014332946e-05
1.0049030734580485e-11
7.767547566716552e-11
0.3354239761829376
3.6228778939762105e-10
2.236085446925821e-23
8.993409386532289e-13
7.30138016750618e-08
1.5210628253830788e-05
5.3335507355298754e-15
1.1910318786399903e-10
0.6177374720573425
2.2260707941337158e-07
9.358072921655664e-14
0.00859171524643898
5.383912552732152e-15
0.6177374720573425
1.4240536180292931e-27
0.3354239761829376
1.1849248803636407e-06
0.3354239761829376
6.000321076571451e-13
0.0828382819890976
0.6177374720573425
6.709523530398672e-13
2.958904052097733e-14
2.8315091168186847e-16
0.6177374720573425
2.267679813672586e-11
1.0745527800352502e-12
3.9854563807606965e-16
0.6177374720573425
9.3302581127249e-06
6.274294318697677e-17
0.03230803832411766
5.451102166563452e-11
7.790281079528756e-15
0.2383536547422409
6.978608332802235e-15
0.1750832349061966
4.033788929390159e-12
0.00859171524643898
0.3354239761829376
6.797638447006271e-13
1.9665249851209554e-09
0.00859171524643898
4.0837730540227862e-22
3.902077804050387e-14
9.541730649822378e-09
1.4347856397553104e-10
0.3354239761829376
0.3354239761829376
1.6434854397147693e-12
0.00859171524643898
1.1529373128123535e-10
0.6177374720573425
7.618316690657263e-08
3.6026187637222945e-09
2.326770741296894e-14
5.1139927792453334e-08
0.0828382819890976
1.9432227830142545e-13
4.808551817842589e-10
7.245069290429969e-07
0.3354239761829376
1.796155606107445e-11
3.434244746063725e-12
2.2848500966863607e-06
0.0828382819890976
1.045002135280169e-08
0.3354239761829376
0.01586153730750084
4.3066259164389485e-14
5.505556469740247e-19
6.9327250118795075e-12
3.644859602679886e-12
0.0013101251314935171
6.4710257102431314e-15
1.7600170442236844e-09
6.843526914920141e-07
0.3354239761829376
2.4084687040149276e-06
2.303895710871994e-21
3.1020802365453764e-12
1.134163208577691e-18
0.6177374720573425
0.6177374720573425
1.2002221200957218e-14
1.6817337679348003e-15
2.973614927632055e-13
0.3354239761829376
0.3354239761829376
2.6007914286279113e-09
0.6177374720573425
0.00010678920648836437
0.00859171524643898
8.487086237227893e-15
2.730743547394348e-10
2.6879527979915987e-14
3.540393074910403e-16
0.6177374720573425
1.8991118217906424e-12
7.221963736951931e-15
2.421683788623977e-05
5.783145954648501e-15
3.6643427875136572e-09
0.007152311389277521
3.0952502666754275e-06
7.919658827149781e-10
2.0625868981556583e-13
0.0004450623471143056
1.7107117114502463e-10
2.434161354381173e-25
1.2380309459071428e-06
0.010225425260700582
4.933916508162724e-09
2.3633626358532898e-14
2.257092103949145e-13
2.1570246614415556e-17
0.3354239761829376
7.364185799216532e-15
5.2788018970243486e-12
2.5138887599045952e-12
0.3354239761829376
0.6177374720573425
7.212453945067187e-05
0.3354239761829376
0.0013752996915964572
2.3530560742270268e-05
9.2138195504355e-06
0.6177374720573425
0.3354239761829376
3.739049313902742e-09
0.6177374720573425
0.6177374720573425
6.068295249120768e-12
1.857266216388266e-06
0.0013421909563864354
2.0058081194729722e-10
1.1206264448179734e-13
0.0005343016302218239
1.8856546425456364e-07
0.0012448265482737464
2.3999765948670366e-13
0.03230803832411766
0.19194620847702026
0.01586153730750084
0.6177374720573425
1.4432871223476647e-12
0.6177374720573425
1.3525494335778548e-11
0.6177374720573425
7.190540403305406e-09
5.595116483280444e-13
5.4607621795937006e-14
1.0938004758482487e-11
5.216608442431127e-08
7.054563487120846e-07
3.210398627192831e-12
0.3354239761829376
3.448526148447859e-11
0.3354239761829376
0.3354239761829376
4.997476541871709e-13
0.3354239761829376
6.992162824848296e-10
0.007152311389277521
5.645915078882584e-18
1.3902456454069515e-14
0.6177374720573425
0.01586153730750084
0.00859171524643898
3.2289416674023116e-06
0.6177374720573425
0.03230803832411766
6.04850260956231e-17
0.0011496322314350632
0.6177374720573425
9.583126624457757e-15
1.660834664422472e-11
1.19225145512548e-11
7.120293322876584e-11
3.032477466472827e-16
0.00859171524643898
0.00859171524643898
3.316280763060223e-17
0.6177374720573425
0.0012448265482737464
1.9401667149212618e-13
1.5457504222462346e-11
3.807688906626786e-15
0.3354239761829376
4.119518533897992e-17
0.6177374720573425
1.4380079535282215e-09
7.210968556197034e-21
2.9333995538197812e-15
0.0012448265482737464
9.312035888673321e-14
0.00859171524643898
2.736666174232663e-13
9.654686960061529e-11
0.3354239761829376
0.00859171524643898
8.118917229173598e-18
1.3035434963899412e-10
2.2518371725660735e-20
0.3354239761829376
1.559943763468922e-14
3.1410742831218015e-15
4.335576087478611e-18
0.6177374720573425
7.187601546947951e-15
0.0013101251314935171
3.5236548002920035e-15
0.6177374720573425
1.7013982315478223e-25
0.3354239761829376
0.0012448265482737464
4.092489230911686e-12
2.6318768329018125e-15
8.760935245341104e-16
0.010225425260700582
4.610689470702618e-14
2.284143708802947e-13
9.396858479196059e-13
0.3354239761829376
1.0234173871594854e-10
0.3354239761829376
5.2948814211027304e-05
0.3354239761829376
1.0774530194403914e-10
0.6177374720573425
0.3354239761829376
3.5840411681162546e-06
1.190073896007051e-12
0.029535505920648575
0.3354239761829376
0.3354239761829376
9.225139139741827e-05
0.6177374720573425
1.9112338515880362e-07
5.567108570271179e-13
2.502508376049341e-18
0.00859171524643898
1.4881646644290214e-12
0.6177374720573425
0.03230803832411766
3.2775379688659796e-21
3.497210717365352e-12
7.291094620707515e-12
9.422502065595851e-15
3.297976108410184e-18
0.3354239761829376
0.000371932580868022
0.0013421909563864354
0.6177374720573425
0.3354239761829376
0.0004553432605470871
0.3354239761829376
9.900982667959396e-16
1.1985228208365936e-10
0.03230803832411766
0.6177374720573425
9.27453923752034e-08
4.294341019076185e-18
0.3354239761829376
0.6177374720573425
2.1843282047508544e-07
1.316657542388884e-19
1.2554797752249952e-11
2.2258731220487165e-10
2.053431962940804e-16
0.3354239761829376
0.00859171524643898
4.725464357391013e-14
2.421683788623977e-05
0.6177374720573425
2.96962160889721e-06
1.6977346432495116e-24
1.7285822353541002e-12
0.11445850878953934
4.610051288627389e-09
3.460112517705219e-12
1.6428101159255962e-05
1.1742179112611405e-16
0.00859171524643898
8.797878039989975e-05
0.2383536547422409
0.6177374720573425
0.6177374720573425
1.8856546425456364e-07
0.6177374720573425
0.6177374720573425
0.01586153730750084
2.0437712941215654e-11
4.7600356795131935e-17
0.3354239761829376
0.6177374720573425
6.298544968534894e-22
2.0626765075613725e-05
0.3354239761829376
0.3354239761829376
5.5104431060399645e-09
0.00859171524643898
5.401667152844433e-08
2.4926703957815062e-09
1.479574152899307e-17
3.822256981167762e-13
7.618316690657263e-08
1.638539005605958e-05
0.00859171524643898
9.952282705488956e-20
0.01586153730750084
0.6177374720573425
0.6177374720573425
6.309513766925758e-06
7.959421497392092e-13
0.00859171524643898
9.800547104492603e-22
0.6177374720573425
0.6177374720573425
0.01586153730750084
0.6177374720573425
3.4090172297670032e-09
2.7083616114955023e-16
0.3354239761829376
2.437063250233335e-13
0.6177374720573425
8.375277216045104e-06
0.6177374720573425
1.6921621491722794e-16
4.066726456060108e-15
0.00859171524643898
0.6177374720573425
6.805036412064457e-19
0.6177374720573425
0.6177374720573425
0.6177374720573425
0.3354239761829376
2.46359699771151e-16
7.021526014133712e-11
1.3770123264252133e-25
7.436615876842435e-05
9.127034710420455e-09
0.3354239761829376
0.0004553432605470871
5.059974242666406e-14
5.60779995191659e-15
5.946892131925844e-18
2.1864923610107032e-08
0.01586153730750084
2.414482039803665e-05
0.6177374720573425
0.6177374720573425
3.9558974729300886e-11
0.3354239761829376
0.3354239761829376
1.2147017232290717e-08
5.06434817109532e-05
2.4664631826953328e-14
1.0583776425001797e-10
0.0012448265482737464
2.602707959961536e-13
1.242398015020808e-09
1.1586496601236633e-15
1.7949561284422328e-12
0.3354239761829376
4.066876885013703e-13
0.0004450623471143056
0.3354239761829376
1.415792664125083e-10
0.6177374720573425
0.6177374720573425
1.6428101159255962e-05
0.0010371128882760705
1.869562108200669e-09
2.798135130014077e-10
2.3658661965984363e-12
7.959473362650084e-18
0.6177374720573425
0.6177374720573425
0.3354239761829376
6.145769335951939e-17
0.03230803832411766
1.7671843959585443e-16
0.6177374720573425
4.8604509888444685e-14
3.6125486242795346e-17
1.5055483935449111e-05
5.737811080918152e-09
1.1449769776543941e-10
0.3354239761829376
1.4977234663725704e-15
2.665623065247948e-13
0.3354239761829376
0.00859171524643898
0.3354239761829376
2.988250557902011e-14
9.530525377761834e-27
1.2572515827915187e-07
3.4906073212176204e-05
0.3354239761829376
1.2365533748778421e-19
0.6177374720573425
6.230406598671648e-14
0.6177374720573425
8.711529029103282e-06
1.4660496110424708e-14
0.00859171524643898
0.0005868239400365168
0.0828382819890976
5.603665358630142e-18
0.6177374720573425
0.01586153730750084
3.194779900939667e-15
3.4797197670987855e-07
2.267624496761261e-11
4.672162813057274e-11
4.65278902172299e-26
0.3354239761829376
2.0431391193492254e-09
0.3354239761829376
1.4246288852952752e-05
0.13274018466472626
2.3018086124273356e-09
0.01586153730750084
3.736335455025724e-11
0.00046549562316805515
0.0065836212754532275
2.970348707328529e-09
1.4640035769361198e-10
0.6177374720573425
1.6352368720024283e-11
6.722128107249274e-10
0.21014241874217987
0.6177374720573425
0.6177374720573425
0.3354239761829376
1.014084414638802e-18
0.6177374720573425
6.861596903667132e-13
1.4171836381047037e-12
0.6177374720573425
7.821584210826351e-19
0.3354239761829376
1.861206953756209e-11
0.1750832349061966
7.531317960919393e-11
0.13274018466472626
3.1032569755322375e-16
3.6931386172960137e-16
1.3655663152682837e-09
2.501145729626044e-14
2.447019269932471e-06
2.549941816414352e-16
4.7467550394057045e-17
5.669343130813994e-06
5.820410379656836e-10
0.3354239761829376
1.8856546425456364e-07
1.3471113256628994e-14
0.00859171524643898
0.3354239761829376
2.1378419228363984e-12
2.716696763036362e-12
0.6177374720573425
8.56909812343026e-16
1.9528216275825018e-12
0.6177374720573425
0.3354239761829376
3.566060990737819e-17
4.5371233740640013e-13
5.649112352928211e-06
1.4829505698119818e-13
0.2383536547422409
7.202359809602101e-11
2.6241967605360305e-13
2.7790137028701244e-14
0.00022089127463584268
0.01586153730750084
0.011791030455678623
3.291614041081789e-12
0.3354239761829376
1.638539005605958e-05
0.6177374720573425
1.2787323538158107e-14
0.05477210879325867
3.1647482218933475e-18
0.6177374720573425
0.3354239761829376
0.3354239761829376
5.654154725065951e-12
0.0005028194078719322
9.156679234519819e-12
0.00010980768305070271
2.4139613850810194e-13
0.6177374720573425
0.6177374720573425
0.3354239761829376
1.5192118394883923e-06
0.0012448265482737464
0.00859171524643898
0.6177374720573425
4.166602899698672e-17
1.0190451767850386e-09
5.049078253749763e-14
1.7961447799141812e-14
0.3354239761829376
9.536738033749444e-07
1.3162290391102542e-11
0.3354239761829376
7.23067192316254e-14
3.084288555578969e-07
4.056112962559369e-18
0.6177374720573425
0.01586153730750084
0.01586153730750084
0.6177374720573425
0.6177374720573425
2.2121643088664926e-11
3.6783300660310474e-05
0.3354239761829376
0.3354239761829376
2.24681252780299e-12
0.00011124219977342155
0.6177374720573425
1.0758911550421116e-12
1.8267831044207117e-10
5.609245275683378e-17
4.3790817415612107e-10
8.797878039989975e-05
0.6177374720573425
1.5331325658988537e-11
7.463454979797995e-14
0.3354239761829376
2.7790137028701244e-14
1.674893265947808e-12
0.6177374720573425
4.4225165560476697e-14
0.00859171524643898
1.0348817157355938e-14
7.794520639420303e-16
0.3354239761829376
1.415792664125083e-10
3.044124708351954e-16
4.226042846059628e-15
7.438458033779815e-06
4.862944820460061e-07
0.6177374720573425
0.6177374720573425
0.6177374720573425
1.4730241474127492e-13
0.3354239761829376
1.1578773141750844e-20
0.6177374720573425
5.175906187192974e-14
1.0801791658724034e-13
0.3354239761829376
0.01586153730750084
2.2668988833482594e-15
3.1585204500775727e-09
4.0030316203303195e-11
0.0065836212754532275
0.6177374720573425
0.3354239761829376
4.15520499192554e-15
0.6177374720573425
0.3354239761829376
2.109008624114457e-14
1.348099033768335e-16
0.011858852539962106
0.00859171524643898
4.774244546112804e-13
2.0092815813488268e-18
0.6177374720573425
2.950942991582752e-14
0.6177374720573425
0.0013752996915964572
0.3354239761829376
1.058505469973129e-10
0.6177374720573425
2.377097572356425e-14
1.2009609105526342e-24
6.1017481996175094e-12
1.9066489080064906e-15
0.13274018466472626
0.3354239761829376
2.0468771939103896e-10
0.3354239761829376
6.03861972841014e-11
8.375277216045104e-06
0.03371749445796013
2.134230575174056e-13
5.473282988549609e-15
5.332337629400493e-13
4.021648736566855e-24
0.3354239761829376
0.6177374720573425
7.640860020234233e-15
3.338811135627456e-19
3.964646692835739e-06
2.415629641305132e-15
0.00859171524643898
0.6177374720573425
8.87611502200601e-26
1.3859011206734864e-08
0.0013752996915964572
0.6177374720573425
1.0567662301243451e-11
0.03230803832411766
6.43226445799848e-14
3.542596525292438e-19
8.435300165975831e-20
6.931004196491512e-09
8.70906169761612e-19
0.00859171524643898
1.1882935132330496e-12
1.4079820879117814e-14
1.94172474360619e-15
8.49994785984525e-17
2.9987460530469476e-15
9.049342898333969e-20
0.00859171524643898
1.881547491519055e-44
1.1424914712582531e-17
3.3712816507789393e-15
0.007152311389277521
1.5895094698535637e-09
0.3354239761829376
1.7228003748754518e-10
0.6177374720573425
1.1582710591355013e-06
0.3354239761829376
8.875887123054172e-12
1.9401918940137117e-16
4.933916508162724e-09
0.3354239761829376
3.469793152037568e-18
2.686199437624608e-06
0.6177374720573425
4.8817372003877506e-21
0.3354239761829376
0.00859171524643898
1.040948806546567e-14
6.107995153705693e-10
3.5550527138050646e-13
1.3353117112704138e-15
1.6904130906609084e-11
7.275414825238395e-14
9.376119756230627e-12
0.3354239761829376
0.6177374720573425
1.8856546425456364e-07
0.03230803832411766
0.03371749445796013
2.431522444401233e-07
2.2033340791251727e-08
0.6177374720573425
0.6177374720573425
2.6974131032076373e-17
7.035124250954369e-15
0.6177374720573425
1.1582710591355013e-06
5.667836940188223e-14
2.3454091220574175e-10
4.840479104025195e-12
0.6177374720573425
1.054776824627703e-16
7.716560220280636e-11
9.55475479522086e-13
0.007273624945388024
1.0769500411212072e-11
3.7548962343968263e-19
7.141159005154917e-11
0.00859171524643898
0.6177374720573425
3.3551506407284236e-12
0.01586153730750084
0.6177374720573425
0.3354239761829376
0.6177374720573425
0.01586153730750084
0.3354239761829376
4.0468587927252686e-11
3.724210777193142e-08
1.123665280513815e-06
0.00859171524643898
0.0005868239400365168
2.5652544580710997e-11
1.355856639452065e-12
0.3354239761829376
0.03230803832411766
1.7432689378838928e-08
0.6177374720573425
1.3808935234330049e-12
6.666917917816617e-15
0.3354239761829376
2.3183475616542477e-09
0.6177374720573425
4.117412903968789e-11
1.5198548196315442e-16
6.172975755919437e-21
0.3354239761829376
3.696104286184372e-17
0.3354239761829376
0.6177374720573425
1.2625958877156103e-09
0.6177374720573425
0.05477210879325867
3.038798670209726e-26
1.7612612333620687e-08
0.00022089127463584268
6.626693416463433e-11
1.7430600980732222e-15
0.6177374720573425
2.4664631826953328e-14
8.887543530016954e-10
3.021447170208569e-08
1.5783295411967005e-05
5.874519876065029e-13
5.60616696894804e-13
9.523757684137349e-20
0.6177374720573425
1.0928029298584549e-14
9.959502192942081e-06
0.00859171524643898
1.1318264657119369e-13
2.5921991536771087e-12
2.9817185943107027e-18
6.427236241695009e-10
0.3354239761829376
1.6397418015763176e-14
4.270020925281589e-09
0.6177374720573425
2.039747320319823e-05
0.6177374720573425
0.3354239761829376
2.2717600123051006e-13
8.904397245216908e-11
4.025022541415968e-06
4.580310591626353e-17
0.00859171524643898
0.6177374720573425
0.6177374720573425
2.245514916867398e-05
4.177981400327508e-20
1.8284174536915612e-13
1.0687148677158126e-11
3.619680243959494e-09
2.7833389135463194e-10
4.550423964167906e-11
2.464979190542435e-11
2.1290351096481536e-11
5.900348512793281e-12
0.016429150005308757
1.756855318699553e-08
0.6177374720573425
3.6368326488575125e-08
3.7139571501651034e-08
6.768222266778007e-15
0.13274018466472626
1.0657877447168222e-14
1.013549024237774e-05
0.00859171524643898
0.0005868239400365168
1.9430995844614468e-10
1.8504304900077853e-09
3.890248867989193e-08
0.3354239761829376
1.444949728154106e-25
5.125401806180027e-12
0.21014241874217987
0.3354239761829376
0.00859171524643898
8.857757151377936e-11
2.4542870652423685e-14
6.388929825169254e-09
2.7790137028701244e-14
0.00046549562316805515
2.44713890106944e-11
0.011791030455678623
0.01586153730750084
8.375277216045104e-06
3.8510001973684765e-12
0.6177374720573425
0.3354239761829376
1.869262245540441e-09
2.914901152574857e-16
1.0564446929121363e-12
1.7723270996636145e-17
0.3354239761829376
6.338558354239481e-19
0.3354239761829376
2.7790137028701244e-14
0.01586153730750084
2.7790137028701244e-14
4.340367351837997e-12
1.6794521320830881e-09
7.882723832125e-13
1.354038378950781e-11
3.710001415366045e-09
1.739735590107318e-17
0.01586153730750084
2.686142076871575e-17
7.321602554676567e-11
1.1694083420225265e-13
1.48747843974565e-51
4.884819968548315e-13
2.357200697877605e-10
4.025022541415968e-06
0.3354239761829376
3.976107632848957e-06
0.03230803832411766
5.771690818150655e-14
0.6177374720573425
7.136578401010255e-08
0.0828382819890976
0.00859171524643898
1.2411386453901717e-06
3.103333172007681e-17
2.2825854291419523e-07
4.330327269822486e-15
2.0146398575601832e-14
2.6917521829549014e-11
6.46667698697976e-11
0.3354239761829376
1.1185969981244185e-17
1.2631996684752427e-10
6.41605204056956e-06
1.6933601945423086e-16
0.3354239761829376
1.2318785689458076e-07
0.3354239761829376
0.01586153730750084
1.3728607251033978e-13
4.923346573717076e-12
2.39366319688513e-08
5.0563625127054285e-05
2.7790137028701244e-14
0.6177374720573425
0.3354239761829376
1.1910318786399903e-10
0.0012448265482737464
5.977123020590151e-13
4.3041624485058807e-17
2.1585522686371827e-07
0.3354239761829376
2.6898525033172047e-15
3.275477969741758e-17
1.0694512870764114e-09
1.3859011206734864e-08
2.7806340499532787e-06
1.7723614333267163e-17
0.3354239761829376
8.286629335508169e-17
2.0029092592974524e-09
0.6177374720573425
4.5243690556919414e-15
2.4638109453798033e-15
2.689996310119164e-14
0.6177374720573425
4.520916782725324e-15
9.084148208433658e-13
1.091534100581941e-14
2.735713855619179e-15
1.662728880044702e-13
0.13274018466472626
0.3354239761829376
3.857819244690084e-10
5.639324745381442e-10
0.01586153730750084
1.1378797815837305e-05
3.3767398106038234e-16
8.375277216045104e-06
0.00859171524643898
4.025022541415968e-06
0.6177374720573425
0.6177374720573425
1.1750248561096778e-13
2.60879346908045e-09
3.3979931862397047e-17
1.3864187802914847e-08
0.3354239761829376
3.354599057375349e-09
1.5731650950014602e-15
0.3354239761829376
1.4624548229442256e-16
7.421713754646826e-09
9.405330111087205e-16
1.2529953898121836e-19
0.016429150005308757
2.7790137028701244e-14
0.014599894032094607
2.3284392954528613e-08
0.0001940819783464217
0.3354239761829376
3.230229861273178e-10
0.01586153730750084
2.7790137028701244e-14
0.24807773530483246
1.1582710591355013e-06
9.233257230557314e-11
0.03230803832411766
4.3355210947802754e-14
0.6177374720573425
1.013549024237774e-05
1.7796166388943303e-15
2.579723714184196e-10
2.7790137028701244e-14
0.6177374720573425
2.9847103356426652e-09
1.013549024237774e-05
0.01586153730750084
0.00859171524643898
0.007152311389277521
5.055048063156067e-13
1.0511048951671633e-10
4.80192238185019e-14
0.6177374720573425
1.4538272550069144e-17
3.1638535143153297e-07
0.00859171524643898
0.0065836212754532275
0.00859171524643898
3.045741474483547e-16
4.933916508162724e-09
0.3354239761829376
4.512170448763129e-13
0.057420965284109116
0.0001502973768219727
5.578507142801279e-09
4.3504889552809346e-10
0.00859171524643898
0.01586153730750084
1.4842635539746935e-09
1.9555509152842695e-11
0.3354239761829376
1.0829912594058703e-10
7.71230631625901e-09
1.1388078878059635e-07
2.5571305773077417e-15
2.421683788623977e-05
2.7790137028701244e-14
0.007152311389277521
4.2923817132277414e-13
0.00859171524643898
1.6428101159255962e-05
1.472503139327729e-16
3.2681043838654026e-11
2.0796974324938132e-13
0.6177374720573425
0.014599894032094607
4.167681488380044e-08
0.3354239761829376
0.6177374720573425
9.353626735692286e-11
6.618465541486903e-09
2.6683511207146423e-08
1.5681916247498564e-11
2.9103562757619255e-14
1.1203350075787447e-14
5.433350480974191e-15
5.1261734377341615e-15
1.9896190969045155e-14
1.67830748777159e-08
9.943121598304239e-14
0.6177374720573425
0.3354239761829376
8.408040130552943e-09
1.1169394931734904e-06
6.314067764796346e-13
8.042955245680089e-11
0.3354239761829376
2.1562172603095606e-14
1.188862946650583e-10
0.3354239761829376
1.0167043353912678e-10
2.478614047655627e-10
1.4181952067455545e-12
3.400375918773147e-17
0.3354239761829376
9.183698565130079e-08
0.6177374720573425
3.2370192516555386e-10
1.8557230601984167e-09
0.3354239761829376
1.1220351048405559e-08
3.025499644343958e-12
0.00859171524643898
2.373608002389077e-13
2.654025393570479e-16
3.2969168246448985e-16
4.22954767465494e-05
1.3258477467097432e-08
3.663039798055163e-07
0.01586153730750084
7.763766935885363e-18
1.638539005605958e-05
6.7346994666901e-08
0.6177374720573425
1.3843233414766618e-09
0.3354239761829376
0.6177374720573425
1.638539005605958e-05
5.369366955623403e-11
0.3354239761829376
9.538608845942831e-14
1.2906355526565148e-13
2.2638607159707242e-05
4.0967909570829977e-16
0.3354239761829376
0.6177374720573425
0.00859171524643898
0.6177374720573425
0.000842890915779021
2.5405234788067247e-15
1.4544348864451005e-13
0.00859171524643898
3.846737683897902e-21
6.547411050344107e-13
2.7790137028701244e-14
4.116980749658961e-07
1.7282526051728508e-08
0.3354239761829376
0.0828382819890976
1.542316725693649e-08
4.427524294711481e-19
0.00859171524643898
0.6177374720573425
0.01586153730750084
1.2873744856962687e-16
6.332861444255742e-13
0.00859171524643898
2.1203707202419098e-16
0.16226056218147278
7.451120520754691e-07
1.456425802430183e-11
2.904606079265406e-07
2.3407490399039363e-10
0.3354239761829376
0.03230803832411766
2.7790137028701244e-14
3.4296596301719665e-07
1.7577766237301444e-12
8.872964232909703e-16
1.8363761236882116e-12
0.6177374720573425
1.9242503213551775e-24
1.5729498035508716e-17
7.358345496561328e-08
0.3354239761829376
4.704575414761351e-16
0.6177374720573425
2.190194893842411e-11
4.987786870847655e-11
0.6177374720573425
4.0518025375469174e-13
0.6177374720573425
2.7790137028701244e-14
0.6177374720573425
0.3354239761829376
8.680699515735682e-15
1.1793025057577925e-16
0.13274018466472626
0.00859171524643898
0.3354239761829376
4.537244514971854e-13
1.6540226780996774e-05
5.691826626808169e-17
8.06858622003009e-06
0.00014121483403540613
5.9316373890004536e-12
5.481406347289487e-26
0.01586153730750084
0.6177374720573425
0.00859171524643898
0.6177374720573425
0.374233603477478
0.05477210879325867
0.3354239761829376
2.778813147959413e-07
1.4187030142635696e-07
0.13274018466472626
2.981912300877403e-07
2.7790137028701244e-14
1.2704232969179837e-07
2.3546582482099023e-11
2.062686031466828e-08
1.1347446344985828e-09
5.342628000824282e-13
0.6177374720573425
1.0095847022473733e-14
1.0182019307868998e-07
2.7790137028701244e-14
2.014785738752124e-12
8.543327718496434e-15
0.3354239761829376
2.1551080962058017e-10
6.508224621922901e-16
0.6177374720573425
1.4089626318428614e-08
0.3354239761829376
7.75660494338689e-16
0.03230803832411766
5.539367451043912e-10
3.271178038907199e-05
4.0030316203303195e-11
0.0009994959184062013
1.6735558815875553e-05
2.432970734993634e-13
7.522653071223803e-16
1.8924223487334292e-12
4.866256775590608e-13
1.796214413515745e-13
5.650255497821504e-14
0.3354239761829376
0.6177374720573425
0.0828382819890976
1.5823254776685196e-12
2.7790137028701244e-14
2.7790137028701244e-14
0.004531969762540555
3.5388945342862413e-10
8.775861014465703e-06
6.233025326007359e-14
2.006398688319448e-15
8.905037600485322e-13
0.0005868239400365168
0.00029731171235393205
4.684037535666083e-14
3.2185701981755825e-07
0.00859171524643898
6.534880884030093e-12
1.3481657214051355e-07
3.060395847569143e-11
0.3354239761829376
0.3354239761829376
0.3354239761829376
0.3354239761829376
2.7790137028701244e-14
3.886219387448165e-20
6.117901356558279e-15
0.6177374720573425
8.269690904394873e-17
1.144999126074807e-14
1.7281695694889953e-11
7.803262757406418e-15
9.121550918479498e-14
1.0443795096978234e-12
0.01586153730750084
0.00859171524643898
2.7790137028701244e-14
4.442116047987753e-10
0.3354239761829376
0.3354239761829376
0.00859171524643898
3.291717229491872e-06
0.24807773530483246
1.3499955680197984e-13
1.6164926158220086e-08
0.6177374720573425
4.885851053073811e-09
0.6177374720573425
6.434179523656384e-30
9.563985245693906e-15
5.810467725741114e-10
2.2407128433711782e-12
0.3354239761829376
1.7576444727238433e-16
0.3354239761829376
0.3354239761829376
0.6177374720573425
2.7790137028701244e-14
2.5302149516213e-13
8.659549826251607e-10
8.445801100274691e-13
1.2856640182943788e-17
0.0005868239400365168
8.337177618527402e-18
0.03230803832411766
0.3354239761829376
2.96962160889721e-06
9.628747345855528e-08
4.4572223315872306e-15
0.03230803832411766
5.289614916183316e-09
1.5410169927059607e-18
0.3354239761829376
2.8719702218876463e-10
4.41758345347093e-15
0.00859171524643898
1.4811274396876748e-18
3.649846907260447e-09
0.3354239761829376
1.601256895816773e-16
7.516513285916273e-12
0.6177374720573425
2.7790137028701244e-14
1.3404571238799914e-17
0.6177374720573425
5.723829517445986e-14
0.6177374720573425
1.638539005605958e-05
2.4889674832340097e-09
0.3354239761829376
7.165127097735381e-09
5.155076064142753e-15
4.9240721954766396e-09
0.05477210879325867
2.0593903484032682e-07
0.00022089127463584268
0.6177374720573425
8.342003736014685e-15
1.2380309459071428e-06
0.00859171524643898
2.9970565035656e-09
0.3354239761829376
0.3354239761829376
2.5470004377780778e-11
0.3354239761829376
0.3354239761829376
0.6177374720573425
3.0587196070478236e-13
1.9984192187973717e-09
0.03230803832411766
4.2045894753291605e-21
0.00859171524643898
1.891198450238417e-10
0.6177374720573425
0.00859171524643898
1.0903485432074917e-11
2.7790137028701244e-14
0.016429150005308757
0.0828382819890976
3.8502689424720426e-06
2.7790137028701244e-14
0.13274018466472626
1.6896169474522504e-08
2.7790137028701244e-14
1.7282526051728508e-08
0.6177374720573425
1.7153192356786493e-10
0.6177374720573425
8.375277216045104e-06
4.177063044626773e-11
0.03230803832411766
1.6428101159255962e-05
0.0828382819890976
1.2624489823846156e-16
4.987897315954911e-25
2.1771199662982618e-13
5.15908331648324e-10
1.116292517953146e-17
0.03230803832411766
0.3354239761829376
2.685320111875984e-15
0.3354239761829376
4.3741468201497814e-11
9.672792757718893e-10
2.0094788590572624e-16
3.7871045620250845e-12
0.3354239761829376
1.861967224136311e-05
3.914450710903981e-15
8.327515362353959e-10
0.6177374720573425
9.737887436267003e-06
3.8227652900959246e-12
8.560368348660987e-13
0.6177374720573425
0.6177374720573425
0.6177374720573425
0.3354239761829376
0.00859171524643898
0.00859171524643898
0.13274018466472626
0.3354239761829376
9.681729452716255e-05
0.03230803832411766
0.00859171524643898
6.721667252900082e-22
1.881547491519055e-44
1.217608372000219e-10
0.3354239761829376
1.510381185359291e-12
3.827216081552073e-17
1.5935002457601365e-16
0.0008420978324111539
1.2738231827628173e-22
0.3354239761829376
1.033843185530068e-10
2.4009041111421587e-13
1.0018148419634042e-08
0.6177374720573425
3.7665293430001934e-12
7.452720708684155e-13
0.3354239761829376
1.2142532325265146e-13
7.232689705658443e-18
0.3354239761829376
9.982243750723285e-11
8.46315439009606e-12
0.01586153730750084
1.3628161780732744e-06
0.00859171524643898
1.6193770488518188e-18
2.7790137028701244e-14
1.1445403896158154e-11
0.13274018466472626
0.6177374720573425
6.164612331908519e-11
1.2862602360715487e-16
9.39190880365011e-14
1.3495008677148498e-09
5.835580941698275e-16
0.6177374720573425
1.8678327466231105e-13
0.3354239761829376
0.6177374720573425
0.13274018466472626
0.2383536547422409
9.607074320149033e-15
0.3354239761829376
2.7790137028701244e-14
0.007152311389277521
0.3354239761829376
1.536876644821583e-08
5.637636624942551e-24
3.3419706930948143e-16
2.7790137028701244e-14
1.3888939771381382e-11
1.0167043353912678e-10
0.03230803832411766
0.6177374720573425
7.780513129088127e-14
0.3354239761829376
3.7548277751820695e-22
0.6177374720573425
0.3354239761829376
0.3354239761829376
5.8584153884641554e-05
3.083089549123715e-13
2.2277131998342605e-07
1.6428101159255962e-05
0.00859171524643898
1.5472893152434893e-15
0.01586153730750084
2.7790137028701244e-14
0.0013101251314935171
7.584724074763884e-16
0.00859171524643898
0.6177374720573425
0.01586153730750084
0.3354239761829376
2.98414223029226e-12
1.1108583578856382e-09
4.473573138218999e-15
0.5171758532524109
2.5202395824525403e-15
7.62821771408322e-10
1.4481140099660258e-13
6.410521180948406e-17
0.3354239761829376
4.033488236494731e-08
0.6177374720573425
1.18622710287369e-08
1.4187030142635696e-07
5.6314041588333555e-14
4.0030255523171143e-07
8.375277216045104e-06
1.845062832132572e-28
1.0448737893793718e-09
1.346551922617279e-09
1.7060433451121717e-15
2.667516237131588e-16
1.4061185918840212e-12
0.3354239761829376
9.69205490596282e-12
0.3354239761829376
0.3354239761829376
4.0817660362549024e-25
0.3354239761829376
2.7790137028701244e-14
0.00859171524643898
0.6177374720573425
3.868931409961633e-13
0.3354239761829376
0.00859171524643898
1.5150457969607789e-15
0.00859171524643898
4.327651192829041e-13
0.6177374720573425
0.3354239761829376
1.6428101159255962e-05
2.1416248452906022e-14
0.6177374720573425
0.3354239761829376
0.00859171524643898
1.2400007458294597e-13
7.514804533710051e-23
0.3354239761829376
2.549941816414352e-16
4.685850302463179e-13
0.01586153730750084
9.343078912063447e-12
1.164674142714677e-15
2.7790137028701244e-14
2.8473170020510818e-15
1.3796508597600918e-09
1.9112338515880362e-07
2.1843282047508544e-07
2.981912300877403e-07
0.3354239761829376
5.787250762508945e-16
0.6177374720573425
3.816756668550834e-11
2.569811875189124e-10
0.13274018466472626
0.6177374720573425
0.6177374720573425
1.0157206626028968e-16
2.3155051234830975e-12
6.443972414004873e-13
4.025418080605729e-12
1.0647422056278117e-17
3.625971851598731e-05
5.8584153884641554e-05
2.0182039177927126e-12
6.543585473203089e-17
0.01586153730750084
4.28228261335763e-08
4.686258593972092e-12
1.4693271184022904e-18
0.6177374720573425
1.0470216874977825e-12
1.0471262149068108e-17
1.1582710591355013e-06
8.97956827813749e-11
5.195730636675651e-16
0.2383536547422409
0.13274018466472626
0.6177374720573425
2.266878801686613e-19
0.6177374720573425
2.1591684659955693e-08
2.2747890883084502e-14
0.3354239761829376
3.396571401642566e-07
6.706538751027385e-08
1.5783295411967005e-05
7.298085262725085e-12
2.5463212338039424e-05
0.00859171524643898
2.8868387852806783e-09
1.7938003765325712e-07
8.11771278350937e-20
1.2094281589235893e-08
4.288239113018746e-08
6.493978024072185e-18
1.5204165935625922e-12
7.972587273884521e-11
1.0440944997351205e-17
7.712601941666559e-10
5.246642950908462e-12
1.6872195967002667e-11
5.610069841643943e-14
5.649112352928211e-06
0.6177374720573425
8.375277216045104e-06
6.3825300036684955e-21
2.029374376215089e-10
0.13274018466472626
0.3354239761829376
2.2277131998342605e-07
0.6177374720573425
0.6177374720573425
2.2277131998342605e-07
0.3354239761829376
4.314391271954601e-10
1.5144777799141688e-14
0.6177374720573425
5.131019670376834e-14
1.415792664125083e-10
4.117561630418368e-13
0.6177374720573425
0.6177374720573425
1.0543127819292026e-15
0.00859171524643898
0.01586153730750084
0.3354239761829376
5.667809448147356e-16
0.6177374720573425
0.3354239761829376
7.439582572545701e-16
0.6177374720573425
2.7790137028701244e-14
3.680461099105998e-15
1.9936839338589738e-09
3.6312476085437833e-06
0.3354239761829376
7.182561923464945e-12
0.00859171524643898
8.546009810890817e-13
0.6177374720573425
2.5455680736439414e-15
8.131778432202694e-08
4.8909990415142175e-16
2.0490743589205615e-13
1.235841215442949e-07
4.3640841282279395e-12
5.2242882172271965e-08
0.00859171524643898
0.00859171524643898
1.6428101159255962e-05
0.6177374720573425
2.2277131998342605e-07
4.731273651166834e-12
1.243485507177432e-06
0.3354239761829376
9.876112822174308e-11
0.6177374720573425
4.661015568673778e-09
0.3354239761829376
8.2048475637742e-12
2.7790137028701244e-14
1.346551922617279e-09
1.6613334661795e-10
4.77322481664761e-18
0.6177374720573425
3.5344876852568906e-12
0.6177374720573425
1.7408968158792215e-08
0.03230803832411766
0.3354239761829376
8.797878039989975e-05
0.3354239761829376
5.844663326570827e-14
0.6177374720573425
0.00859171524643898
1.1628988052177524e-07
0.6177374720573425
2.96962160889721e-06
1.5696062807374167e-10
5.987119317133901e-13
0.0828382819890976
2.695940814111311e-10
0.0012448265482737464
2.7790137028701244e-14
0.6177374720573425
5.215668666752209e-16
8.421349847936814e-14
0.01586153730750084
1.7651395828705322e-11
4.3574545078761944e-20
0.00859171524643898
3.89370181216981e-14
0.3354239761829376
2.106495010059448e-14
4.866588208794262e-09
1.365429086287136e-11
1.9101615916435618e-17
0.2383536547422409
0.6177374720573425
6.592149353606912e-19
2.7790137028701244e-14
0.3354239761829376
0.6177374720573425
1.6933601945423086e-16
0.3354239761829376
5.658402433568143e-15
1.6989282061521516e-11
7.673830058464175e-05
0.3354239761829376
2.0234189317486417e-16
0.6177374720573425
2.2277131998342605e-07
0.3354239761829376
1.6428101159255962e-05
3.604282368137971e-17
0.3354239761829376
1.9618315640197614e-12
4.514427493478676e-08
0.3354239761829376
0.6177374720573425
1.8504304900077853e-09
9.531603014324214e-22
2.0134478552138606e-15
0.00014716895027769276
1.013549024237774e-05
1.4187030142635696e-07
3.916856177708243e-13
1.797308790308818e-15
0.0005868239400365168
0.01586153730750084
0.00859171524643898
0.6177374720573425
0.0031492408435940256
1.3232749892787644e-26
2.7790137028701244e-14
8.797878039989975e-05
2.7790137028701244e-14
5.270047173444937e-10
8.080603922487483e-22
2.7683072119670262e-12
0.3354239761829376
1.0167043353912678e-10
3.025499644343958e-12
0.1750832349061966
2.7790137028701244e-14
3.206143729968598e-16
5.819023029447482e-14
4.043090687815307e-09
0.3354239761829376
7.86281878486058e-17
0.13274018466472626
2.7126326368678852e-12
4.175880570778097e-16
3.269046400811341e-13
0.6177374720573425
2.4251578440027306e-20
0.6177374720573425
9.344269793086047e-11
1.2380309459071428e-06
5.883445444354349e-11
4.560895526852253e-10
1.6124482069330372e-13
0.01586153730750084
0.05477210879325867
2.7790137028701244e-14
0.6177374720573425
0.3354239761829376
6.425280496883677e-10
1.2216654931970796e-18
3.195146185483585e-06
1.1209065039937568e-10
4.170987074556643e-07
0.13274018466472626
0.6177374720573425
0.00859171524643898
0.6177374720573425
0.00859171524643898
8.73638191385874e-07
2.681455822546862e-14
2.694401274222048e-13
8.565344781379681e-18
0.6177374720573425
0.3354239761829376
8.711529029103282e-06
2.406512774466759e-07
0.6177374720573425
2.777713398878814e-08
9.040813966425315e-06
2.869273693008707e-07
1.1347446344985828e-09
5.1894533001382756e-09
1.354038378950781e-11
0.3354239761829376
0.3354239761829376
1.0319614252525342e-10
6.453930238211721e-18
0.3354239761829376
9.412298521307261e-14
2.421683788623977e-05
2.540822786997605e-07
1.0374509236286866e-09
4.793066373817244e-17
1.1582710591355013e-06
3.4225341119316215e-10
0.3354239761829376
0.6177374720573425
0.001216601422612991
0.6177374720573425
0.0828382819890976
2.5082740534473538e-14
6.769540460292812e-13
3.2898367163001685e-05
0.3354239761829376
4.73893984659735e-13
0.6177374720573425
1.0288531858344994e-21
4.2456868464436005e-10
0.6177374720573425
1.6456221896460512e-10
3.5586280624019276e-12
6.9500836028750965e-09
0.6177374720573425
1.6688104182985186e-11
4.502307152301152e-13
0.0828382819890976
0.6177374720573425
0.00859171524643898
1.1160342608203487e-07
3.4274598616353736e-11
3.8435465740556176e-13
0.3354239761829376
4.852879381056711e-13
3.003325086411467e-10
0.3354239761829376
0.374233603477478
3.733868269446888e-18
0.01586153730750084
2.0936885005487575e-14
4.86105527620026e-13
2.7790137028701244e-14
1.1197272615424645e-05
7.169057121124114e-07
4.804853167594487e-13
0.00859171524643898
0.01586153730750084
4.099943304086405e-15
0.6177374720573425
2.205752993545291e-16
0.03371749445796013
1.85585418253828e-18
1.9927490318604394e-07
0.3354239761829376
4.952488231991014e-12
0.3354239761829376
0.6177374720573425
3.194376937181635e-13
0.00859171524643898
2.7790137028701244e-14
1.7296508763199294e-22
0.05477210879325867
0.00859171524643898
0.6177374720573425
0.3354239761829376
6.988249019926486e-17
1.5192118394883923e-06
1.9303054189746095e-07
0.01586153730750084
3.6805363157664156e-18
0.6177374720573425
0.21014241874217987
0.3354239761829376
9.95436692397046e-11
5.979137037404506e-11
0.6177374720573425
3.326432196741707e-08
0.6177374720573425
2.876088297925806e-07
6.229838321477831e-10
6.2077731855467096e-27
2.0858187972431777e-12
1.5192118394883923e-06
9.196343014319796e-10
0.3354239761829376
1.1033514740249165e-13
0.03230803832411766
2.2277131998342605e-07
6.931004196491512e-09
8.13053264141497e-15
9.60468002476868e-10
0.2383536547422409
0.3354239761829376
1.4647212446065465e-08
3.0777424420112544e-09
4.358965183964001e-15
3.542647466183406e-17
8.814318403581821e-15
0.00859171524643898
6.667181464585572e-10
0.6177374720573425
2.7228840827174886e-12
8.486564835490831e-13
1.616708891226739e-09
9.115717487569876e-08
2.2277131998342605e-07
2.2277131998342605e-07
2.3933661842465878e-11
4.062363886054074e-05
0.00859171524643898
1.972689487715648e-06
2.6425970645805225e-10
5.861894501178923e-14
0.24807773530483246
0.03230803832411766
1.0568273692535941e-10
0.6177374720573425
1.8520043948019978e-09
0.0828382819890976
5.426781485194914e-14
2.1411367101441932e-15
0.00022089127463584268
1.5030136246931274e-25
1.9868553688754678e-13
0.03230803832411766
2.7790137028701244e-14
8.205243625188557e-07
5.619756129405859e-07
0.01586153730750084
2.4224652210800713e-14
1.2998922469735339e-15
9.69701469996108e-17
7.618316690657263e-08
0.6177374720573425
0.6177374720573425
1.3946930829915766e-12
1.6462053897049459e-22
2.944711092312171e-11
3.622695958880594e-11
6.299680827182274e-15
6.07835921342603e-15
7.669078658845227e-12
6.207337783171276e-22
3.481431782462952e-07
2.7790137028701244e-14
0.3354239761829376
0.6177374720573425
3.1033563183802506e-12
6.014419057473629e-10
7.178063793571273e-13
0.3354239761829376
2.5936053083469985e-21
3.1777733328169116e-15
0.6177374720573425
0.3354239761829376
1.4005237836305102e-12
4.9579711883573934e-14
5.381122685600096e-09
6.028069618029912e-12
2.87113227366355e-11
5.348190527631583e-06
2.989077390356385e-14
0.3354239761829376
1.0285121251238223e-12
1.1347446344985828e-09
0.00859171524643898
7.436850263250187e-14
2.5109339019635858e-14
1.1347446344985828e-09
4.456769343105165e-13
2.4251251505176716e-06
8.223471851160965e-07
1.1599347121769777e-08
9.337889272736761e-10
5.173195828055561e-19
0.6177374720573425
0.0031492408435940256
4.135255593100677e-16
1.6481476294062242e-11
7.70485756751601e-09
0.6177374720573425
1.4616960049282596e-10
0.3354239761829376
0.03230803832411766
1.3875076030900027e-17
7.2008180202139015e-06
9.271468581920704e-17
0.6177374720573425
0.00859171524643898
0.00859171524643898
1.2321828825862958e-16
4.16158265609462e-09
0.00859171524643898
0.3354239761829376
0.0828382819890976
4.355054682084143e-05
3.2481859590253738e-15
8.716438898553593e-10
0.00859171524643898
3.0952502666754275e-06
7.387093658952061e-15
5.092517863671078e-11
1.6735558815875553e-05
1.5828135111590818e-06
0.00859171524643898
1.9412630633427663e-15
3.228201208528513e-10
8.231832579268374e-10
0.3354239761829376
8.797878039989975e-05
3.886219387448165e-20
4.6256841435178776e-14
0.13274018466472626
5.048145468440549e-14
0.000371932580868022
0.01586153730750084
2.914901152574857e-16
7.963547005743273e-12
0.3354239761829376
5.773572828226162e-13
3.4096327364712175e-08
1.804910610587258e-11
0.00859171524643898
1.4693271184022904e-18
0.3354239761829376
0.6177374720573425
2.785157615276521e-13
0.3354239761829376
2.7790137028701244e-14
1.055427183904576e-07
0.6177374720573425
4.3690479879440286e-11
0.3354239761829376
2.5174632576413657e-24
0.6177374720573425
0.5171758532524109
9.695341375769521e-08
0.3354239761829376
3.0174766695351197e-41
1.3027050108668464e-15
3.163293431272588e-05
2.8787941538467248e-06
5.498519449104024e-08
0.3354239761829376
0.007152311389277521
1.692422763191059e-05
0.3354239761829376
3.7860533114477135e-14
1.1073938826855714e-12
1.6828810563224165e-14
0.0005868239400365168
3.9768337736909453e-08
2.8598835547901526e-16
1.0286489394149138e-20
2.2494030848380216e-09
1.6519362385679073e-13
6.808779527562588e-14
2.421683788623977e-05
8.017387312674281e-08
0.3354239761829376
0.00859171524643898
0.6177374720573425
0.001048707117393563
0.3354239761829376
2.019343245328511e-11
0.3354239761829376
0.3354239761829376
0.0031492408435940256
1.3535386145969873e-10
2.917467942782567e-17
3.577651635477074e-12
0.3354239761829376
0.3354239761829376
0.3354239761829376
7.450554399293291e-10
0.6177374720573425
1.6428101159255962e-05
1.955621952528391e-15
2.6997042828119415e-14
1.0191398490434382e-10
2.495696544491646e-16
2.4052748172836193e-10
1.6035790991789566e-12
1.2551419672332775e-08
0.6177374720573425
2.480231600645049e-08
0.00859171524643898
8.687929496313436e-17
1.4168001661141547e-27
1.950974668400579e-11
1.0512173963513402e-09
0.3354239761829376
3.538034731703191e-15
0.3354239761829376
6.479095454077328e-19
1.1582710591355013e-06
8.38100741571387e-10
0.3354239761829376
0.007152311389277521
2.130274964693112e-16
2.681455822546862e-14
0.011791030455678623
0.00859171524643898
0.3354239761829376
0.0005868239400365168
0.002169024925079713
0.00859171524643898
3.74739988437985e-18
1.084601225509228e-13
0.00859171524643898
0.00859171524643898
0.03230803832411766
9.405349518358397e-14
0.01586153730750084
7.796005082803638e-11
0.6177374720573425
2.7514398747289728e-11
2.332900157322702e-07
7.438458033779815e-06
8.131336480556943e-12
1.2380309459071428e-06
0.6177374720573425
0.3354239761829376
5.250265769645933e-18
1.4002182046657527e-13
3.050469182703323e-10
2.7790137028701244e-14
0.3354239761829376
1.4216465972775407e-14
0.6177374720573425
8.189816891327104e-13
0.6177374720573425
1.415792664125083e-10
1.2380309459071428e-06
1.6509129036902427e-08
1.3288181041902147e-08
3.60167495066775e-14
0.6177374720573425
0.004531969762540555
7.203675698278862e-12
0.03230803832411766
0.3354239761829376
1.4551739512162953e-08
2.7790137028701244e-14
4.603400747507984e-10
1.4789856962883967e-16
1.0562244570446906e-10
0.6177374720573425
1.0468753893633232e-08
9.283640664813331e-15
0.00859171524643898
0.3354239761829376
5.613142563175593e-11
3.688335460575538e-17
0.00859171524643898
1.6714553342310486e-08
1.616708891226739e-09
0.6177374720573425
1.6614378244458315e-09
2.294564440268396e-12
0.6177374720573425
8.711529029103282e-06
8.711529029103282e-06
1.2648798729969716e-11
0.6177374720573425
0.6177374720573425
4.270766104907511e-08
2.4754807262615247e-10
9.661878332068995e-14
1.3770441205304059e-21
2.7716840076835107e-12
0.00859171524643898
1.1582710591355013e-06
0.3354239761829376
0.6177374720573425
0.6177374720573425
4.678734015766621e-13
0.00859171524643898
5.545815064452146e-19
2.7790137028701244e-14
3.434244746063725e-12
8.496260944748967e-09
1.0483160820851403e-13
6.888774263718027e-11
0.6177374720573425
0.01586153730750084
0.3354239761829376
0.01586153730750084
1.2224534042702917e-09
0.00859171524643898
1.0049563290238069e-12
1.5265961261038441e-16
0.00035276267041244513
4.4658999046890166e-10
2.0592695359481434e-22
7.281254697644615e-16
5.915421107287042e-15
3.692213135401228e-11
2.5029602122238867e-12
5.2935574168718694e-05
2.7790137028701244e-14
4.055311199556214e-12
0.13274018466472626
0.6177374720573425
3.694028430648603e-19
0.0034933436867173873
1.2195072889295621e-14
5.471945323519785e-05
6.709195277723854e-13
2.7790137028701244e-14
2.1000951306982698e-08
0.0012448265482737464
2.8787941538467248e-06
1.1589615894109762e-19
0.6177374720573425
0.0032954970374703407
8.797878039989975e-05
1.1679873177960144e-12
1.4181952067455545e-12
2.7790137028701244e-14
9.250905887841292e-17
5.857644246800228e-17
2.7790137028701244e-14
2.421683788623977e-05
1.6878287088228214e-18
2.591443200754701e-12
1.1917197580820856e-07
0.6177374720573425
0.1092512309551239
2.3698345768945588e-08
6.79835068939509e-10
6.574488442906654e-08
1.4446405375423728e-26
1.3324554861319709e-20
0.00859171524643898
1.548294178099915e-12
0.00022089127463584268
6.153181092120069e-13
1.6981809151750067e-11
1.6189333745109349e-15
0.6177374720573425
6.777716241571352e-10
4.2331995296228776e-11
0.6177374720573425
0.6177374720573425
0.6177374720573425
0.3354239761829376
0.00859171524643898
2.7790137028701244e-14
2.7790137028701244e-14
0.13274018466472626
2.7060038641744495e-10
1.0181199179853603e-10
0.00859171524643898
9.541730649822378e-09
2.3111357756079288e-09
7.178477846679611e-16
2.7790137028701244e-14
3.661574090737327e-13
0.00859171524643898
0.03230803832411766
1.1508778528183054e-06
5.871664018883047e-17
3.525894488630839e-16
0.0013101251314935171
1.5192118394883923e-06
2.4877928263150277e-16
0.3354239761829376
1.3259240468044862e-12
4.759960697304789e-13
0.3354239761829376
9.868340878191799e-19
1.3623845974915014e-11
9.43973605568318e-13
8.802867320766339e-23
2.7790137028701244e-14
1.0617582283534944e-06
2.2130109124730256e-06
2.0553568072461115e-15
8.18154496946789e-17
1.8504304900077853e-09
7.776400404455248e-09
8.887728619832643e-17
6.566039921240961e-12
1.801068652667462e-13
9.653586998603248e-14
0.3354239761829376
0.6177374720573425
0.01586153730750084
3.3836363061718577e-12
0.00859171524643898
4.85443042471202e-14
1.5192118394883923e-06
0.13274018466472626
0.0005868239400365168
0.24807773530483246
2.5485696358753158e-08
0.3354239761829376
0.00859171524643898
3.728582450175391e-14
1.8083247543026202e-14
0.00859171524643898
0.6177374720573425
6.550046001518016e-09
2.7790137028701244e-14
2.7790137028701244e-14
4.5867600322587685e-12
4.817905479965644e-10
4.6145106373868225e-15
0.00859171524643898
4.578630803858613e-11
0.01586153730750084
0.05477210879325867
7.190540403305406e-09
7.837891479953758e-13
2.7790137028701244e-14
0.6177374720573425
0.6177374720573425
0.3354239761829376
3.794664035721967e-13
0.3354239761829376
1.9125245820082105e-09
0.00859171524643898
3.301066293516661e-17
0.6177374720573425
7.051486976029326e-07
1.9303054189746095e-07
2.109647620915523e-11
2.581738354043288e-12
0.3354239761829376
5.094015052602825e-07
1.8168099928527917e-09
1.735237835057039e-12
3.7038435550145742e-09
2.7790137028701244e-14
3.5080157831899384e-11
1.6638370698080726e-17
0.03371749445796013
0.00859171524643898
0.6177374720573425
0.00859171524643898
0.0828382819890976
0.3354239761829376
0.3354239761829376
1.0826639778653687e-13
0.6177374720573425
0.3354239761829376
0.6177374720573425
2.7790137028701244e-14
0.6177374720573425
0.00859171524643898
1.5192118394883923e-06
9.720205772786932e-16
0.6177374720573425
0.01586153730750084
3.129268827871293e-15
2.249416909298013e-16
3.766063061141022e-11
7.674253197795525e-12
0.00859171524643898
0.00859171524643898
4.2722523588663913e-10
4.242171534237134e-12
2.274984774836785e-18
7.221067691996937e-06
1.359971832250643e-10
5.067231815095052e-06
0.007152311389277521
0.3354239761829376
0.6177374720573425
0.00859171524643898
0.00859171524643898
0.6177374720573425
5.053066242619367e-13
0.3354239761829376
1.0996505236773342e-08
6.164400744933936e-10
0.3354239761829376
4.1702715839093867e-13
0.3354239761829376
1.337908738072163e-10
0.6177374720573425
8.405771608298837e-15
0.000371932580868022
1.8041285520167504e-15
0.00859171524643898
0.3354239761829376
1.2824893414812792e-12
0.01586153730750084
0.6177374720573425
2.533645748191484e-13
9.698635957373773e-09
0.6177374720573425
0.6177374720573425
9.801338138740132e-11
0.3354239761829376
0.3354239761829376
0.6177374720573425
0.3354239761829376
0.00859171524643898
1.2193552242398427e-23
1.0960830678038672e-07
0.6177374720573425
2.018848797940534e-15
0.05477210879325867
0.01586153730750084
9.607074320149033e-15
7.811024427908337e-09
0.13274018466472626
0.3354239761829376
1.2070505127061927e-07
5.369207764534366e-12
1.406331757264398e-10
0.00859171524643898
0.01586153730750084
0.3354239761829376
9.460652855671177e-11
0.6177374720573425
6.931004196491512e-09
0.3354239761829376
6.8324075407440256e-09
0.6177374720573425
9.225139139741827e-05
9.167938062045439e-11
1.81823351832515e-12
0.6177374720573425
2.765936395921758e-07
0.3354239761829376
3.230229861273178e-10
5.712794167854807e-17
1.0965454476865383e-09
1.2040835270238275e-16
1.5783295411967005e-05
2.7790137028701244e-14
9.95206019179014e-07
3.163293431272588e-05
0.3354239761829376
0.00859171524643898
8.917591041555133e-18
2.0726035009089263e-06
0.3354239761829376
2.6693495595085055e-14
0.3354239761829376
0.6177374720573425
0.6177374720573425
3.0127476915436325e-13
0.01586153730750084
2.2855058686488527e-15
0.01586153730750084
3.165882714827358e-11
1.415107832301269e-13
2.4117479861427885e-10
1.0321730721873661e-15
6.803753972550591e-06
5.65603241528526e-07
2.0932875752676538e-10
6.728553380851122e-23
7.485114034720335e-14
3.762846149318121e-17
0.3354239761829376
1.855364240972707e-25
2.7790137028701244e-14
2.6837477006312405e-13
3.340910385024444e-08
0.3354239761829376
9.75547227838591e-07
1.5201230502118816e-18
0.6177374720573425
0.00859171524643898
1.3014706794931272e-12
0.6177374720573425
1.3147054486252729e-20
0.00859171524643898
0.6177374720573425
1.3568593373323929e-12
2.7790137028701244e-14
1.923640152348004e-12
3.667493126204092e-14
0.6177374720573425
1.7014300812855506e-17
0.6177374720573425
0.00035276267041244513
0.01586153730750084
0.00859171524643898
0.05477210879325867
4.070488496123676e-16
1.4297586664749906e-13
0.00859171524643898
7.493614310803615e-11
0.6177374720573425
0.6177374720573425
8.711529029103282e-06
0.13274018466472626
0.49921149015426636
0.6177374720573425
3.947244088884318e-13
1.4032704047726816e-09
2.0091026442728164e-19
0.0828382819890976
0.00859171524643898
2.6666870492852424e-15
6.7877589811539105e-18
8.131071620909958e-06
2.7790137028701244e-14
2.7790137028701244e-14
1.840385138063068e-12
2.7790137028701244e-14
1.027743579235383e-09
8.13159263935967e-08
0.3354239761829376
0.0828382819890976
1.2369479589448683e-17
1.8889907340665167e-15
1.2913676839509167e-14
6.491898517894671e-05
0.6177374720573425
3.1844586497614336e-13
6.290500397861915e-19
0.6177374720573425
5.139111402686849e-16
0.6177374720573425
0.3354239761829376
0.6177374720573425
3.764602682566282e-10
0.3354239761829376
2.7790137028701244e-14
0.0065836212754532275
0.3354239761829376
2.7790137028701244e-14
0.0012448265482737464
1.9489440307058296e-14
2.420782426605824e-12
2.206625951118163e-18
4.958669825217609e-09
1.4246288852952752e-05
1.4629223531306343e-14
8.711529029103282e-06
2.7790137028701244e-14
1.8935660010131316e-12
9.579215742767908e-16
2.7790137028701244e-14
1.0687148677158126e-11
1.106620170726475e-29
2.3753734993756264e-20
4.189615832287886e-17
7.139179770115835e-07
8.222253577152834e-19
1.7326047281291917e-13
5.723923198242525e-05
4.603594263214907e-15
0.6177374720573425
5.1647102797215336e-05
2.0324329989319106e-10
0.00859171524643898
2.96962160889721e-06
0.3354239761829376
2.7790137028701244e-14
4.025022541415968e-06
1.8965161951431943e-16
0.6177374720573425
0.01586153730750084
0.6177374720573425
0.6177374720573425
0.6177374720573425
3.9838582121653545e-16
0.3354239761829376
8.429099009548366e-10
2.96962160889721e-06
0.13274018466472626
4.9422369436185676e-14
6.080326066010485e-19
0.3626464903354645
1.5920502930197097e-16
0.3354239761829376
3.326432196741707e-08
1.0216781587415659e-09
8.532699203358068e-10
1.878490440745933e-17
2.092516250643286e-08
3.1768901692668664e-12
2.7107119584296486e-09
6.828000428893469e-16
1.6895831671903285e-18
1.972475017264819e-15
0.3354239761829376
0.01586153730750084
6.372383863927318e-13
9.837018014361945e-09
0.000842890915779021
2.421683788623977e-05
7.131963752103324e-10
1.726017068238001e-14
1.5448087299168901e-06
2.145231868514164e-15
0.00859171524643898
1.2766487393854902e-13
0.6177374720573425
6.165978881131441e-09
2.7790137028701244e-14
0.6177374720573425
2.245514916867398e-05
0.6177374720573425
1.0237108965195946e-09
1.3359031525946815e-08
0.24807773530483246
1.1173850971924283e-14
0.3354239761829376
0.3354239761829376
5.077956529457973e-08
4.952488231991014e-12
5.58650915577824e-17
8.505425226121533e-07
7.793220774175069e-08
0.6177374720573425
1.9094989069366083e-11
1.7769503362544304e-12
1.1923361256037335e-15
5.668129519539044e-07
1.6428101159255962e-05
5.81621003886263e-14
8.600045042184107e-10
1.4968782270969185e-08
4.957415344227286e-16
1.7418773799047979e-12
0.3354239761829376
2.48581436329185e-12
1.0247498691444413e-19
8.159761350221436e-17
0.3354239761829376
0.3354239761829376
0.6177374720573425
0.3354239761829376
3.3238678936291123e-13
0.13274018466472626
0.6177374720573425
0.3354239761829376
0.00859171524643898
2.999128659453199e-13
1.6972122852842105e-11
0.00859171524643898
2.7790137028701244e-14
1.7562921616772556e-12
2.421683788623977e-05
0.3354239761829376
4.645608952511491e-12
1.347909608920832e-09
0.00859171524643898
3.5493645905638675e-10
0.0828382819890976
3.0621954779314605e-09
0.0013421909563864354
2.421683788623977e-05
1.479588759031179e-11
1.1042473601507095e-12
1.2656345459053945e-12
0.3354239761829376
2.7790137028701244e-14
7.431258508365246e-14
8.021554699301607e-10
1.6933601945423086e-16
2.7790137028701244e-14
2.7790137028701244e-14
1.0217167217057456e-14
2.4862827134509607e-10
0.6177374720573425
0.3354239761829376
2.7790137028701244e-14
0.6177374720573425
2.967324992683458e-17
0.0828382819890976
4.636143120166846e-08
2.7790137028701244e-14
7.216038102049784e-18
0.13274018466472626
0.03371749445796013
0.03230803832411766
0.00859171524643898
0.3354239761829376
0.6177374720573425
0.00859171524643898
0.00859171524643898
0.6177374720573425
1.080988908562697e-05
0.3354239761829376
1.5192118394883923e-06
6.0618702028678604e-15
3.078901202725352e-17
7.782817139060918e-10
0.3354239761829376
3.498712672005712e-27
0.3354239761829376
0.3354239761829376
5.797070597580022e-10
0.6177374720573425
2.7790137028701244e-14
4.849770731837589e-08
2.0912171474374442e-22
1.3424056586144608e-16
7.213769654750133e-21
4.852708456753543e-13
1.4758513641305601e-10
3.340910385024444e-08
3.3619990028927137e-19
3.760526209619349e-16
0.6177374720573425
0.00859171524643898
6.643801156136049e-18
0.13274018466472626
2.909491880602981e-07
0.3354239761829376
0.03230803832411766
9.607074320149033e-15
0.6177374720573425
1.2039079835500532e-12
4.6414482736023e-06
0.00859171524643898
0.00859171524643898
1.0435921670854457e-11
0.05477210879325867
0.1750832349061966
0.24807773530483246
4.4402139403204296e-10
2.7790137028701244e-14
0.00859171524643898
0.6177374720573425
2.6225665859452393e-18
0.3354239761829376
2.434663100659045e-09
2.6086525785004954e-16
0.01586153730750084
3.691320053188769e-14
9.541730649822378e-09
1.8463885768203585e-12
0.00859171524643898
0.13274018466472626
6.952407657433205e-12
4.0655339689209424e-13
0.011858852539962106
2.421683788623977e-05
3.523937372516041e-11
7.22378900586739e-08
4.005843654418927e-18
0.01586153730750084
4.929821656982586e-11
8.145259334045008e-15
2.8890441038071885e-14
5.402678914245576e-11
2.519201000680057e-13
3.947919849416743e-19
1.8856546425456364e-07
0.6177374720573425
3.0002632358983884e-16
0.00859171524643898
0.01586153730750084
6.178109649198593e-10
6.851699540369833e-20
0.3354239761829376
1.7800948852496855e-19
0.6177374720573425
4.5867600322587685e-12
1.7583207505961734e-12
1.6933601945423086e-16
0.01586153730750084
3.486302080911806e-09
0.3354239761829376
6.472282548397342e-13
4.893108535106187e-11
0.6177374720573425
5.5613902855929035e-11
8.257179583755163e-06
0.6177374720573425
6.662123962814695e-14
8.797878039989975e-05
0.0012448265482737464
1.1970266729055951e-12
9.607074320149033e-15
4.1101379751828995e-15
2.7790137028701244e-14
0.6177374720573425
1.866989078338341e-13
2.7790137028701244e-14
2.686199437624608e-06
0.3354239761829376
1.9522223602262908e-08
0.01586153730750084
1.0167043353912678e-10
9.001780637453481e-07
8.737108037819183e-16
1.1210224512043351e-14
2.7790137028701244e-14
5.108526591428161e-16
0.3354239761829376
2.761819030635511e-18
0.6177374720573425
0.00859171524643898
3.77846867475529e-19
7.833873793466486e-27
1.1647919942946093e-22
0.00859171524643898
0.3354239761829376
0.3354239761829376
3.7050812518034007e-08
0.6177374720573425
2.421683788623977e-05
0.0002586986424733054
2.625874688500326e-16
0.01586153730750084
1.869685560828221e-07
0.03230803832411766
1.2292406741940806e-12
1.4187030142635696e-07
9.541730649822378e-09
2.2277131998342605e-07
1.8365532450336213e-13
3.532975974003135e-14
0.3354239761829376
0.2383536547422409
5.24917519260043e-12
1.1809558550854925e-08
0.3354239761829376
1.0372933738253186e-12
0.00859171524643898
1.0537767724292676e-06
6.499963963217361e-09
5.887269876995421e-05
6.565883186945143e-19
6.3194063708181495e-15
1.4811274396876748e-18
1.6200494068967454e-11
3.10134269099684e-10
0.0012448265482737464
3.208598778986378e-17
0.00859171524643898
1.1970266729055951e-12
0.3354239761829376
0.00859171524643898
6.091964191865041e-12
7.287856804914587e-26
1.638539005605958e-05
8.423007659887244e-12
2.7790137028701244e-14
8.316239974307674e-14
0.3354239761829376
1.3713961226074366e-09
7.849452216658762e-09
1.9627326231992575e-15
3.376824728535146e-16
2.325457202650076e-16
4.639510372671463e-13
1.464531711472802e-06
0.007152311389277521
0.00859171524643898
8.486712724450353e-15
7.895366654839082e-11
1.6577017031139922e-06
0.0828382819890976
3.757193784905117e-09
4.164144054982748e-17
1.0536401380150965e-09
5.228898617827974e-12
2.99448137453191e-11
0.13274018466472626
7.724736236051935e-13
0.2383536547422409
0.3354239761829376
5.866318389708164e-11
3.738827716452141e-25
2.7790137028701244e-14
3.2233422105392264e-11
6.856391180207943e-10
0.6177374720573425
0.6177374720573425
9.128804964720494e-07
0.6177374720573425
5.038888181404238e-07
0.6177374720573425
0.00859171524643898
6.934415713166905e-08
2.537154856521342e-13
1.645446777080942e-15
0.00859171524643898
5.795902908380604e-10
1.0128161901691745e-08
1.4270049120915792e-08
1.9809471700100505e-09
0.00859171524643898
7.604982376659697e-17
1.1330345368779743e-13
2.836577593300368e-15
2.7790137028701244e-14
3.7826545905304995e-15
2.3234909953554713e-10
1.0780297644028234e-12
1.941238915878138e-18
1.205787459265108e-11
0.03230803832411766
1.1146944032578144e-07
4.955024351659031e-16
1.2380309459071428e-06
2.7790137028701244e-14
0.0828382819890976
1.0216781587415659e-09
5.350549753762245e-16
1.0521607146293724e-15
8.222050746123373e-22
0.6177374720573425
5.097151109010802e-14
2.1843282047508544e-07
0.00859171524643898
1.936362389048041e-11
2.3388273127393817e-15
1.9485723489846796e-14
3.454094363636187e-10
0.00859171524643898
0.3354239761829376
2.7376904274198955e-12
0.3354239761829376
4.81719839174116e-05
3.2029163494140182e-12
7.747277186539496e-10
3.041645564623822e-11
2.7790137028701244e-14
0.00859171524643898
0.6177374720573425
3.219409426804236e-11
1.2364749737175072e-08
1.7651523895294825e-08
1.4943756096488808e-16
1.9408318032475977e-19
0.6177374720573425
6.027609347097006e-08
0.3354239761829376
0.0031492408435940256
1.9696315910342593e-07
4.3239881540127634e-11
5.677633026829524e-14
0.13274018466472626
0.3354239761829376
1.6428101159255962e-05
0.3354239761829376
2.8432855431289628e-05
2.0714290210354355e-08
2.655219132066956e-10
1.5148586893341546e-16
0.00859171524643898
2.7790137028701244e-14
0.3354239761829376
4.146888189622446e-14
0.01586153730750084
0.011791030455678623
1.254280735926308e-19
0.3354239761829376
3.579471197571621e-09
5.324576150224355e-07
0.3354239761829376
1.1375266543639471e-09
9.511511798236493e-07
1.0518384233220043e-12
0.3354239761829376
6.626309659328e-06
2.7790137028701244e-14
3.229442854863468e-14
0.3354239761829376
2.978996656634521e-11
2.9473967784553204e-20
9.175102901853684e-12
4.7237830700952855e-11
0.01586153730750084
7.29086952959343e-08
0.3354239761829376
1.2439010738429538e-15
1.1746084729090849e-08
0.13274018466472626
2.925188546403293e-05
1.0535550376338776e-14
8.480990947881992e-16
0.3354239761829376
1.877214620483088e-17
0.3354239761829376
0.0004553432605470871
0.00859171524643898
2.6984257985361096e-09
0.3354239761829376
3.917675491342748e-06
0.6177374720573425
2.2518371725660735e-20
0.0828382819890976
0.6177374720573425
0.0065836212754532275
0.029535505920648575
2.8787941538467248e-06
2.1869745024407376e-17
5.989243566484296e-12
2.473241010918208e-14
0.6177374720573425
0.3354239761829376
7.087796265438874e-13
2.2518371725660735e-20
2.6836833782983145e-18
6.839820042489333e-13
0.3354239761829376
3.279434274455183e-17
1.985363872726177e-12
0.6177374720573425
3.4016063868917068e-09
6.803753972550591e-06
0.6177374720573425
8.262772017366634e-15
1.5412207941989464e-13
2.694401274222048e-13
2.2518371725660735e-20
2.851742819130528e-12
6.636847468770365e-31
1.5024413571214058e-10
3.4700005706828215e-11
6.42987031607627e-14
5.300463738070701e-11
1.1978943940657612e-10
0.3354239761829376
3.022454603107142e-07
1.208181708737494e-16
0.6177374720573425
6.359569687145278e-13
3.711722454603506e-14
1.757358056463897e-10
2.0169932829644866e-14
1.6428101159255962e-05
3.499051958755601e-06
0.3354239761829376
2.7790137028701244e-14
2.4815834913413197e-18
0.3354239761829376
0.3354239761829376
9.82473835745254e-11
0.6177374720573425
0.00859171524643898
0.3354239761829376
8.888324371283823e-14
2.069738894045758e-17
0.6177374720573425
2.7790137028701244e-14
0.00859171524643898
5.656139157907479e-09
2.7790137028701244e-14
1.811355347437771e-14
4.850837377242685e-14
0.3354239761829376
4.0030316203303195e-11
0.6177374720573425
9.695341375769521e-08
8.642942322833004e-17
0.01586153730750084
0.01586153730750084
2.7790137028701244e-14
4.778261676733588e-11
4.978799152752085e-13
0.00859171524643898
0.6177374720573425
2.0321591465977755e-13
0.01586153730750084
4.120452612391727e-10
2.7790137028701244e-14
3.311844902738175e-12
4.879709913415105e-13
0.01586153730750084
0.6177374720573425
6.338546207685887e-09
1.3126911220273936e-11
4.556133626810797e-14
0.00859171524643898
0.00859171524643898
0.6177374720573425
1.1173979854075546e-07
4.843323280941013e-34
1.4818912685854468e-13
0.3354239761829376
0.3354239761829376
0.00859171524643898
0.3354239761829376
6.698319866817833e-12
8.661928151625058e-12
1.439543177425756e-06
0.01586153730750084
2.038467294151435e-07
3.694822487764348e-10
1.638539005605958e-05
1.7379736828336304e-14
1.2457179391958282e-10
0.3354239761829376
0.6177374720573425
1.7060964480006584e-13
3.461662137121803e-12
2.7790137028701244e-14
0.3354239761829376
0.6177374720573425
4.009532777647597e-08
1.881695505025844e-09
2.4697607600786264e-14
4.1931128117783e-07
0.6177374720573425
0.3354239761829376
4.16510064854998e-13
2.5731271026110083e-15
7.502596920638638e-14
0.3354239761829376
0.5171758532524109
0.3354239761829376
3.5406980202425913e-16
3.1839781950472906e-07
9.737887436267003e-06
1.6577017031139922e-06
4.059182153630673e-13
4.10599564478435e-13
0.3354239761829376
1.013549024237774e-05
2.959849907744735e-18
0.00859171524643898
0.6177374720573425
0.6177374720573425
0.00859171524643898
7.640369014657685e-13
0.0828382819890976
1.551773338978177e-05
2.7790137028701244e-14
0.6177374720573425
1.638539005605958e-05
0.6177374720573425
4.574861704986891e-13
0.011791030455678623
2.7790137028701244e-14
6.05548494965992e-10
0.13274018466472626
1.244930017606877e-25
2.7790137028701244e-14
2.0677694697703864e-10
0.3354239761829376
0.3354239761829376
0.3354239761829376
2.6061424593652893e-13
4.174912910509424e-18
2.617187871679265e-15
3.0725980948877003e-15
4.026528149041183e-09
0.6177374720573425
1.5783295411967005e-05
6.103338705900317e-13
0.6177374720573425
0.3354239761829376
3.789136435096596e-10
1.5266662061520238e-17
1.0543127819292026e-15
0.03230803832411766
1.2923704179580958e-14
0.3354239761829376
5.9659804369074636e-06
1.1105121956091772e-07
0.0828382819890976
8.050121504727208e-20
9.349595548308753e-06
4.690651317519371e-10
1.997304753541675e-09
1.5192118394883923e-06
0.00859171524643898
1.1910318786399903e-10
9.730004881713871e-10
9.129032909213542e-05
7.481486458967503e-16
1.3224425961995652e-09
0.1750832349061966
9.161359451557873e-07
1.0783558775602818e-12
0.3354239761829376
0.00859171524643898
8.375277216045104e-06
3.3945249159283115e-14
2.7790137028701244e-14
1.1146944032578144e-07
1.1765938332435207e-10
1.1038397617485994e-10
9.487985584248144e-14
4.317969692941941e-22
1.796219690092305e-17
0.00859171524643898
1.3808326500790822e-14
0.00859171524643898
0.3354239761829376
0.24807773530483246
3.0783989016038283e-16
8.086424816105135e-15
7.622240764911269e-15
7.929338911260487e-08
1.1708187057866197e-18
0.6177374720573425
3.694822487764348e-10
1.6428101159255962e-05
0.3354239761829376
5.137229000862911e-14
3.4604968242919966e-14
2.2390543350241542e-07
6.514211043621749e-15
0.0005868239400365168
1.128180654709519e-12
0.3354239761829376
8.887543530016954e-10
8.790993617416109e-15
0.6177374720573425
0.03230803832411766
0.00859171524643898
3.0952502666754275e-06
4.661015568673778e-09
2.2518371725660735e-20
0.3354239761829376
1.6735558815875553e-05
0.0012448265482737464
2.7790137028701244e-14
2.7276754045487402e-09
0.3354239761829376
6.507513671217071e-16
7.585589285117875e-07
3.117395486977382e-13
0.6177374720573425
0.24807773530483246
1.096785977888865e-08
0.3354239761829376
7.80488695664353e-16
1.7474035907168332e-12
0.00859171524643898
1.5273935810783266e-12
9.867597352639621e-17
5.234501929493552e-13
0.00859171524643898
2.285287342846043e-12
0.00022089127463584268
1.6596807314920952e-09
0.3354239761829376
4.4831750004931385e-13
7.29445296954575e-08
0.6177374720573425
4.8039296299528993e-14
2.694401274222048e-13
2.59697692712683e-12
0.00859171524643898
1.585426053564054e-11
0.014599894032094607
1.2319830646264353e-13
0.3354239761829376
4.5867600322587685e-12
1.763003187951466e-17
7.143371318709437e-12
3.5016215311062086e-15
0.01586153730750084
0.6177374720573425
3.005131292416524e-11
2.6785057614358906e-09
1.4862760355702937e-10
0.00010980768305070271
5.471945323519785e-05
0.6177374720573425
8.711529029103282e-06
8.711529029103282e-06
2.2835624727616997e-06
3.8902833082165986e-11
0.13274018466472626
0.6177374720573425
0.3354239761829376
0.0011496322314350632
1.346551922617279e-09
3.068235227142309e-08
2.0245668639112205e-27
1.013549024237774e-05
0.01586153730750084
0.3354239761829376
6.33879411297575e-15
0.3354239761829376
0.6177374720573425
2.421683788623977e-05
0.6177374720573425
4.0030316203303195e-11
1.559943763468922e-14
0.014599894032094607
0.3354239761829376
1.256776854746232e-13
0.6177374720573425
0.13274018466472626
0.00859171524643898
7.792316646332648e-08
1.8972506791878666e-15
2.0769003421357507e-12
1.7829366765053385e-16
0.01586153730750084
4.338186325655075e-14
0.00859171524643898
1.2880028438450398e-09
6.4094757495701705e-09
2.049934312601265e-10
0.007152311389277521
0.0013101251314935171
0.3354239761829376
3.0004113138194376e-17
5.63769577036247e-05
1.415792664125083e-10
6.374414820380757e-10
0.3354239761829376
5.576920938411643e-09
2.7790137028701244e-14
1.4497000422237534e-20
2.4119222314409243e-22
1.885324126437822e-09
1.30768393092478e-13
0.01586153730750084
9.70109071075387e-08
0.6177374720573425
1.2660081644430595e-19
6.426445781633804e-13
2.7790137028701244e-14
0.3354239761829376
1.6951514229545315e-15
7.112178914180087e-08
5.781949938178922e-14
0.24807773530483246
0.00859171524643898
6.497720138296501e-11
6.024924517084324e-12
0.3354239761829376
2.7790137028701244e-14
1.633829791700058e-10
0.3354239761829376
2.7790137028701244e-14
0.6177374720573425
3.3211111621237485e-13
3.151645240945969e-16
3.2194715453506555e-11
0.3354239761829376
7.64715571482893e-09
1.5046467418878733e-18
0.3354239761829376
1.1972929638045e-10
0.6177374720573425
0.6177374720573425
5.083359347404904e-08
1.2184818456531096e-13
0.3354239761829376
4.955212929856741e-12
0.3354239761829376
9.48069540491171e-13
1.1175343024956788e-11
1.5596879172886934e-20
1.0140311181372158e-15
2.7790137028701244e-14
1.383220999683361e-11
3.1163508853006145e-10
8.208057674585572e-17
9.505578217459675e-16
7.545991893195764e-06
1.6428101159255962e-05
0.3354239761829376
0.3354239761829376
6.931004196491512e-09
1.6660042931836562e-13
0.6177374720573425
0.3354239761829376
0.3354239761829376
9.449968889428074e-05
1.2775641393665152e-13
0.03230803832411766
0.3354239761829376
0.6177374720573425
3.2499296074487677e-06
0.6177374720573425
1.3752569524622134e-14
0.6177374720573425
0.6177374720573425
7.437633783031876e-14
2.7790137028701244e-14
4.318220037929729e-18
7.992094278236443e-11
2.7790137028701244e-14
0.6177374720573425
1.0122308325280432e-07
0.0065836212754532275
0.6177374720573425
0.3354239761829376
1.30890839355983e-12
0.0005868239400365168
1.0022455512753295e-12
0.3354239761829376
0.00859171524643898
1.082590004418702e-10
3.006562937033187e-15
2.7199032609012066e-07
0.01586153730750084
3.114304722986006e-17
0.6177374720573425
0.0005868239400365168
5.246642950908462e-12
5.0008666537800435e-11
0.3354239761829376
9.739755402585684e-09
0.13274018466472626
2.5094831439035893e-12
0.002344980608083927
4.018798547741749e-09
7.997510983272515e-10
0.00022089127463584268
3.519864342848599e-18
5.2408259409658865e-11
0.6177374720573425
3.230229861273178e-10
0.0828382819890976
1.6596807314920952e-09
0.3354239761829376
0.3354239761829376
0.3354239761829376
0.3354239761829376
7.178477846679611e-16
1.4063721776532885e-12
0.00859171524643898
0.00859171524643898
3.5500519519659356e-17
0.3354239761829376
5.4399273979818595e-14
2.888377162008266e-14
8.364082841662822e-14
0.01586153730750084
0.0032954970374703407
7.618316690657263e-08
5.057121926939421e-07
2.212537403405535e-12
2.590472805679102e-16
4.6042434865386665e-16
0.3354239761829376
0.01586153730750084
0.007152311389277521
8.096964989468227e-18
2.1308822291235078e-10
4.976612883621646e-21
0.6177374720573425
2.527979013928063e-14
0.3354239761829376
2.7790137028701244e-14
6.285771657797977e-15
0.13274018466472626
0.3354239761829376
3.0638665430982306e-09
2.4190768576241884e-08
2.7790137028701244e-14
1.025869789245224e-05
1.3704440902537647e-07
1.5610596079902686e-16
1.5448087299168901e-06
2.4965616820586716e-16
0.3354239761829376
9.625074022378211e-23
1.9451288224470238e-05
2.124074568958821e-22
2.44100135741245e-13
0.6177374720573425
0.6177374720573425
0.3354239761829376
2.421683788623977e-05
3.2044284513618443e-15
3.167463225640222e-07
4.2007297580122023e-16
2.13881959901948e-06
0.00859171524643898
7.51434408462416e-12
2.96962160889721e-06
2.3207694134379356e-13
0.00010678920648836437
0.01586153730750084
1.1299493045386637e-13
4.947032078005371e-08
2.7790137028701244e-14
0.3354239761829376
2.2277131998342605e-07
6.702803524351945e-11
3.326432196741707e-08
2.7790137028701244e-14
1.1763598907861947e-12
3.802679904582199e-12
0.00011093278869367916
0.6177374720573425
0.6177374720573425
3.4518104446752045e-14
0.3354239761829376
9.129032909213542e-05
1.700232353843176e-13
0.3354239761829376
2.7790137028701244e-14
0.3354239761829376
4.23309397951945e-05
6.51411969340269e-14
0.374233603477478
0.014599894032094607
0.00859171524643898
6.3253530950239004e-12
7.811024427908337e-09
2.2729332822083062e-17
1.427068921473856e-18
2.7790137028701244e-14
5.079690400582023e-05
2.7790137028701244e-14
6.654340028248977e-16
0.6177374720573425
5.433542820097643e-09
7.759906221905963e-11
0.6177374720573425
4.225451321955009e-09
1.0443795096978234e-12
2.2625062159474026e-13
6.775942706882601e-14
7.677997532165854e-14
0.6177374720573425
1.3187278130816563e-06
0.00014716895027769276
6.946459549585896e-12
3.165560841414511e-12
5.395060343972461e-13
0.01586153730750084
2.7790137028701244e-14
1.008058141153095e-08
2.7790137028701244e-14
0.01586153730750084
1.2625384076099957e-06
1.827442091256259e-19
0.3354239761829376
2.9478050398955436e-11
4.180445902219486e-14
2.7790137028701244e-14
2.7790137028701244e-14
0.6177374720573425
0.00013703271417085487
5.984324882401216e-12
0.3354239761829376
2.0669228186760608e-08
1.8779719888996155e-09
0.6177374720573425
1.1394215432397523e-08
1.9112338515880362e-07
1.9289770084284926e-15
0.6177374720573425
6.0187162238385524e-18
4.292584056854057e-11
4.171832933809405e-13
4.327487825607699e-12
3.1505214056736808e-18
2.7790137028701244e-14
0.00035276267041244513
0.2383536547422409
4.694572003747175e-16
0.3354239761829376
0.6177374720573425
5.651567040800715e-23
1.3797399794976737e-10
5.018705285592138e-10
0.3354239761829376
4.548912976083223e-12
0.0004553432605470871
7.47369427587909e-05
1.3049026948981295e-22
2.733440983215222e-13
5.943580651557128e-11
1.8504304900077853e-09
1.0216781587415659e-09
2.7790137028701244e-14
1.676436020898342e-15
2.549941816414352e-16
0.3354239761829376
1.9904169399357953e-16
2.625070263743199e-14
0.6177374720573425
6.372625017814494e-08
0.6177374720573425
2.7790137028701244e-14
5.398704011333567e-14
7.210802736725016e-16
0.01586153730750084
7.412973214421338e-11
0.24807773530483246
0.0828382819890976
1.29861850358856e-07
2.5871417522508254e-13
1.2065689669117748e-09
2.7790137028701244e-14
0.3354239761829376
5.55599357352984e-11
0.3354239761829376
1.232440381125256e-14
0.01586153730750084
8.87611502200601e-26
0.6177374720573425
1.3623614930256337e-12
0.3354239761829376
0.00859171524643898
1.027757875055938e-13
2.7790137028701244e-14
0.00020978566148924672
8.134510565665909e-16
0.3354239761829376
8.375986131991438e-20
1.3961869528663275e-11
0.3354239761829376
0.3354239761829376
1.0543127819292026e-15
0.00859171524643898
1.2139827752189033e-09
1.2069999589857238e-09
0.6177374720573425
0.0828382819890976
5.3572257082486065e-06
4.6042434865386665e-16
0.03230803832411766
1.6380627924882862e-14
0.24807773530483246
1.6538844794255992e-12
0.00859171524643898
1.1704085390623026e-11
0.3354239761829376
2.7790137028701244e-14
1.4355415666896527e-09
0.3354239761829376
4.288507201158621e-12
0.0005868239400365168
7.352253916606851e-10
2.387900081828679e-09
0.01586153730750084
5.425676945744104e-11
4.6042434865386665e-16
0.3354239761829376
0.13274018466472626
0.3354239761829376
0.3354239761829376
0.3354239761829376
9.047538517404155e-11
0.6177374720573425
5.521796203491317e-15
0.6177374720573425
0.3354239761829376
1.1569841386713275e-23
9.399218968540546e-13
0.00014716895027769276
0.6177374720573425
7.570546134362328e-22
2.071174657161908e-11
0.6177374720573425
0.6177374720573425
1.5192118394883923e-06
5.973120452499539e-11
0.2383536547422409
1.9871794030418272e-13
0.03230803832411766
2.8898146582806976e-10
4.3561746037046064e-10
3.886219387448165e-20
0.6177374720573425
5.2408259409658865e-11
0.00012998558764376744
0.0002586986424733054
2.869273693008707e-07
0.3354239761829376
0.010975110129700094
2.017825396169638e-11
0.3354239761829376
0.6177374720573425
2.7790137028701244e-14
0.01586153730750084
3.801437740815073e-18
1.8919907493888855e-12
4.933916508162724e-09
1.4811274396876748e-18
7.440582823750402e-10
3.104304809894554e-10
0.6177374720573425
0.3354239761829376
0.6177374720573425
0.0001502973768219727
1.1957560548352874e-12
7.268141962751774e-07
1.0100663311751362e-22
1.0181683992100348e-16
1.6352827403356728e-09
7.543175299134556e-10
2.1705720736684196e-16
0.0003957319686421004
2.7790137028701244e-14
2.1843282047508544e-07
8.686980067529262e-15
2.7790137028701244e-14
0.00859171524643898
0.0002586986424733054
2.7790137028701244e-14
3.370250951131282e-14
4.202317609599482e-13
6.115540423592463e-18
0.00859171524643898
1.1050406190779033e-07
1.4798890703632222e-15
4.422200623431636e-18
5.992364578018596e-14
6.542597871096769e-15
0.3354239761829376
0.00859171524643898
6.411212335886698e-14
9.241031959427864e-14
0.3354239761829376
0.3354239761829376
2.456008560522732e-14
3.3425565179115116e-16
4.146557844391613e-15
1.741313811465782e-07
0.3354239761829376
8.711529029103282e-06
2.5729754468704607e-05
0.6177374720573425
1.868815058871646e-10
0.03230803832411766
4.186797677140266e-12
0.3354239761829376
0.6177374720573425
1.3966245898895724e-14
9.90346158271884e-06
3.8375589749062364e-12
0.3354239761829376
8.474060030174191e-07
1.6323654037019282e-05
4.3640841282279395e-12
5.024699124533538e-16
1.1207969508572173e-13
9.336856433505768e-09
0.3354239761829376
1.4050245561395835e-11
2.632761721224366e-10
1.2380309459071428e-06
0.01586153730750084
0.011791030455678623
1.0459364854478057e-14
5.061836819001202e-06
7.2110603588800666e-12
0.3354239761829376
1.7707087712603288e-46
1.5870686482573398e-17
2.600934982397258e-10
0.00859171524643898
0.13274018466472626
7.49979473589578e-12
0.3354239761829376
5.4521667555363564e-08
3.8097072227110743e-10
1.4532791078725062e-06
0.5171758532524109
5.77241490515332e-12
0.03371749445796013
0.6177374720573425
0.3354239761829376
1.7309832187509217e-09
3.2427407239226935e-14
4.161589169353565e-28
3.8301143791296005e-08
5.400874769666088e-11
1.0304854159481802e-08
8.939193174725396e-10
1.183662611258183e-14
0.6177374720573425
1.0138816862476377e-11
0.0012448265482737464
0.6177374720573425
0.00859171524643898
0.6177374720573425
8.410898116339783e-05
2.4601335252186083e-14
3.205759450713889e-14
0.6177374720573425
6.146629447296566e-10
6.864980362591189e-12
1.1043216261279103e-16
0.03230803832411766
2.7790137028701244e-14
5.951052601933534e-10
3.962997844942406e-24
4.479291368805099e-16
1.7282526051728508e-08
4.5707746726250726e-15
0.6177374720573425
1.510621308937403e-11
7.282626993490737e-21
2.7790137028701244e-14
5.500764430134929e-12
0.0005868239400365168
0.01586153730750084
6.71277041765107e-12
7.376086382174914e-12
0.6177374720573425
0.1750832349061966
9.976779897280671e-14
1.0232791056381091e-05
0.6177374720573425
4.49689016149704e-17
2.1361523011932316e-06
1.78828334399427e-13
4.701636636739109e-14
1.21006274317074e-11
0.00014716895027769276
9.692962240458219e-13
1.751070522534521e-11
6.179799337548759e-22
5.65603241528526e-07
6.187355714879731e-14
1.4724564013557925e-13
1.7510440419895062e-11
1.021272392949521e-13
1.0997852131194939e-13
2.2518371725660735e-20
6.574009469255631e-14
1.2709415606569327e-12
5.595694618833768e-15
4.3559732071704035e-16
1.8034422562077543e-15
1.0679410610436976e-10
3.2359674478083196e-14
0.3354239761829376
6.73245993300737e-08
6.729337061978224e-09
9.818090716705013e-10
7.772210575359094e-14
0.01586153730750084
0.13274018466472626
0.5171758532524109
4.218670326403878e-11
0.3354239761829376
4.12514851879512e-11
0.3354239761829376
3.941988559572133e-14
0.0065836212754532275
0.01586153730750084
5.4702132200695926e-05
1.6428101159255962e-05
0.3354239761829376
1.6933601945423086e-16
8.352749414529663e-12
2.7790137028701244e-14
2.7790137028701244e-14
0.6177374720573425
0.6177374720573425
3.7616567662535643e-07
0.01586153730750084
0.6177374720573425
0.3354239761829376
0.3354239761829376
5.643165868624276e-13
1.9880413931177254e-15
5.845750733848428e-17
4.2515718606754134e-10
0.6177374720573425
0.0828382819890976
0.00859171524643898
0.6177374720573425
2.47825089217971e-07
0.6177374720573425
3.7026996492314834e-09
5.439926874150392e-16
1.5192118394883923e-06
1.2176862856262422e-18
2.891699732993628e-09
1.099918210259071e-09
0.00859171524643898
4.548497763458054e-14
0.00022089127463584268
0.6177374720573425
1.8030972714612806e-15
2.7790137028701244e-14
0.3354239761829376
1.818717758008079e-17
0.6177374720573425
0.01586153730750084
0.3354239761829376
2.720788304565037e-05
2.65807778299474e-13
7.315067404775789e-14
1.1415598380514819e-17
0.2383536547422409
1.1599347121769777e-08
1.9866593823266814e-13
0.24807773530483246
5.966088274213079e-16
0.03230803832411766
0.3354239761829376
1.926972348033843e-17
6.387040603676156e-09
1.5427210526084458e-08
0.3354239761829376
1.4735898284453525e-06
9.369804494448158e-11
1.381520087298449e-11
1.897219798757191e-15
5.383052188466707e-14
1.4101467758616032e-11
0.00859171524643898
0.3354239761829376
9.94703128870011e-06
0.014599894032094607
0.3354239761829376
3.562077013367373e-11
0.13274018466472626
1.0216781587415659e-09
3.8620886284127e-14
0.6177374720573425
7.618316690657263e-08
5.167920301744587e-23
0.6177374720573425
1.3919094517939342e-22
2.7790137028701244e-14
8.743439631778967e-13
1.8565448748266684e-09
5.563952719550992e-14
9.913558304900706e-11
0.3354239761829376
4.140720533315888e-19
2.72858005674588e-18
1.3836262990795224e-15
8.375277216045104e-06
2.5266150702295826e-17
1.768502108531732e-14
0.3354239761829376
1.415792664125083e-10
1.430551321272706e-17
3.056586625877939e-12
2.406512774466759e-07
0.0004553432605470871
0.03230803832411766
2.7790137028701244e-14
7.580256565448048e-14
0.00859171524643898
2.48111976875341e-07
0.0828382819890976
1.881547491519055e-44
3.755966415307545e-09
0.13274018466472626
6.915636934118143e-09
0.6177374720573425
8.096188516579426e-07
2.328505351716089e-16
2.4117284808030284e-12
2.386111607860064e-13
3.7127714594893535e-08
0.3354239761829376
0.6177374720573425
1.0175454746882657e-11
0.6177374720573425
1.2625384076099957e-06
1.8856546425456364e-07
1.5596126794692935e-08
1.9112338515880362e-07
0.3354239761829376
2.7790137028701244e-14
0.6177374720573425
0.00859171524643898
4.0368783715179035e-09
1.27012483045936e-16
0.3354239761829376
5.841237508688076e-12
0.014599894032094607
0.49921149015426636
0.0002586986424733054
2.7790137028701244e-14
0.6177374720573425
0.00859171524643898
1.1227698842067795e-09
2.412654976799313e-20
1.5572408536894117e-10
5.972598931586453e-17
0.3354239761829376
4.391991093760412e-10
0.6177374720573425
0.6177374720573425
2.566717125975336e-09
2.619163754112832e-07
2.141279000693577e-17
0.3354239761829376
0.3354239761829376
0.03230803832411766
0.3354239761829376
0.6177374720573425
0.6177374720573425
0.3354239761829376
0.00859171524643898
0.000842890915779021
7.132686760085306e-09
6.293796344169401e-07
1.0255118404749182e-13
3.7616567662535643e-07
0.00859171524643898
0.3354239761829376
7.470746333929351e-11
2.4620626649421003e-22
0.6177374720573425
0.13274018466472626
0.00859171524643898
9.695341375769521e-08
4.3668268576537795e-14
6.289316531907865e-14
1.0430226043618963e-08
3.170308153355106e-08
0.01586153730750084
6.311988750309171e-07
8.828640804621799e-13
7.027227292010672e-09
5.205580256878325e-10
0.3354239761829376
2.124112948860346e-12
1.0167043353912678e-10
0.0012448265482737464
0.03230803832411766
8.359415475818108e-06
0.3354239761829376
3.5358581840460853e-09
4.0030316203303195e-11
1.2860324404095108e-08
1.5814065171364287e-12
0.00859171524643898
0.01586153730750084
4.2144940116761155e-17
1.1179458366819676e-12
2.6475395794499267e-06
1.4526872270417069e-24
6.738600790563072e-08
2.7790137028701244e-14
0.3354239761829376
0.6177374720573425
2.3729277088322564e-15
3.8897281077352825e-09
9.213025298918908e-14
1.8856546425456364e-07
1.975052581373919e-13
2.2518371725660735e-20
1.127395283199287e-10
1.6428101159255962e-05
2.7790137028701244e-14
1.5096085154859244e-16
1.0956014725027776e-14
3.2187954839986246e-16
7.219063111073885e-16
1.1033512932345218e-15
2.1297773346103365e-12
2.7790137028701244e-14
0.6177374720573425
0.3354239761829376
3.379966481988282e-14
2.1620732557957612e-08
2.9656996496017472e-15
0.01586153730750084
6.040554280657969e-16
5.888515636193408e-14
3.2419711650275954e-09
9.140911596117239e-08
1.2380309459071428e-06
0.6177374720573425
4.1101379751828995e-15
0.6177374720573425
8.797878039989975e-05
0.6177374720573425
0.00859171524643898
0.3354239761829376
0.3354239761829376
2.9922157918459143e-19
6.677873682294615e-16
9.578634663648702e-26
1.9557325039765465e-10
5.891843961281862e-14
3.657885570075508e-08
0.01586153730750084
0.3354239761829376
0.00859171524643898
4.534988982418739e-18
0.00859171524643898
1.861616171809961e-11
8.624759690276281e-10
4.090439026918635e-12
3.163293431272588e-05
0.00859171524643898
1.6860206264342423e-07
3.2939950256977986e-12
1.7530544106862098e-07
1.9875143607448057e-13
1.1582710591355013e-06
2.21494867074e-08
1.0666385299352102e-15
2.331681526406443e-14
1.58847943536541e-10
3.4700005706828215e-11
3.4389488341638355e-11
1.4842635539746935e-09
0.6177374720573425
1.5075627368816926e-10
5.268961475200874e-09
2.639225286606395e-10
0.00859171524643898
0.6177374720573425
0.01586153730750084
1.962651311786211e-17
5.104015593421497e-13
3.220252535861937e-13
0.0828382819890976
2.7790137028701244e-14
2.7790137028701244e-14
1.870853187706429e-17
7.204271849747725e-12
8.397805782641964e-05
1.0781527195374505e-12
4.899503580135089e-12
4.969629865230381e-08
1.1508778528183054e-06
2.7287459632862566e-17
4.768485678493808e-06
9.643961930545139e-07
0.6177374720573425
1.4756159997044742e-10
0.00859171524643898
0.6177374720573425
0.6177374720573425
8.711529029103282e-06
4.264168624604836e-18
1.7759637180436572e-10
0.374233603477478
0.01586153730750084
4.554439516608886e-15
1.274621564547633e-09
1.1040718677180649e-11
2.7790137028701244e-14
0.03230803832411766
1.7436891747233316e-10
4.1844132883300205e-17
3.2427407239226935e-14
6.929663301317509e-09
4.7337919627573824e-14
2.7790137028701244e-14
7.23067192316254e-14
0.6177374720573425
0.00022089127463584268
0.3354239761829376
0.3354239761829376
3.8445971963713234e-14
2.6988258692625916e-17
7.622240764911269e-15
0.3354239761829376
9.698635957373773e-09
3.351172159444796e-10
4.407558672746599e-12
7.265109485576685e-13
0.3354239761829376
0.3354239761829376
0.6177374720573425
0.6177374720573425
2.559966912961351e-13
1.50069425010987e-08
1.8172710666305808e-10
1.0975686844853745e-17
0.3354239761829376
0.3354239761829376
0.6177374720573425
1.1414842594120663e-09
3.265257499861006e-07
6.774077975959433e-11
5.073101267024901e-10
0.6177374720573425
2.989672518021613e-14
1.7510440419895062e-11
0.00859171524643898
1.3014922512089506e-09
0.3354239761829376
9.761350666230095e-07
1.2212868644328821e-11
9.129032909213542e-05
1.1970266729055951e-12
4.116779751727664e-09
1.6451643279630308e-07
2.7790137028701244e-14
2.566002809700013e-12
4.279298102720865e-11
1.5484428723257528e-17
8.408111137491902e-11
0.6177374720573425
0.3354239761829376
0.6177374720573425
1.3923720255346972e-09
1.668293287879908e-11
2.7790137028701244e-14
2.7790137028701244e-14
5.882258151139456e-16
7.628865570447213e-20
0.6177374720573425
1.1596458378879175e-08
0.3354239761829376
2.7790137028701244e-14
6.661834110481427e-11
5.1131149340615965e-18
1.0443795096978234e-12
7.808283499564296e-08
1.103841771801173e-12
1.1314475910254453e-10
6.467818277808512e-12
6.51610262980649e-19
2.7790137028701244e-14
1.7436608999234835e-15
0.01586153730750084
2.0071894777810823e-20
0.00859171524643898
5.13367611812581e-06
1.5784730513304536e-12
2.7790137028701244e-14
0.01586153730750084
0.6177374720573425
5.593378150466961e-18
6.8931887894405725e-18
3.1583636523559594e-12
1.7369794260995364e-14
6.61044749096425e-14
5.3859673024642005e-09
0.6177374720573425
9.344560751570587e-10
0.6177374720573425
1.0543783446688319e-16
4.1739414153068575e-08
0.3354239761829376
0.6177374720573425
2.7790137028701244e-14
0.3354239761829376
2.7790137028701244e-14
2.1125293233673409e-13
9.9099939922261e-13
4.282155542736427e-16
0.2383536547422409
6.346131291935168e-16
6.581076307933598e-08
4.5661255166783015e-06
4.471726117422641e-06
1.814285037106578e-12
4.933916508162724e-09
4.936252789819532e-21
0.3354239761829376
5.2251241505898495e-14
1.0074917882827588e-14
2.8598415633242663e-13
4.947032078005371e-08
5.176220117352052e-13
2.7790137028701244e-14
0.01586153730750084
2.7790137028701244e-14
6.510046521075691e-08
1.2728867233738737e-08
0.3354239761829376
3.8603198614896143e-10
0.0013752996915964572
0.3354239761829376
0.3354239761829376
1.384929424850039e-12
6.370789310315441e-13
0.3354239761829376
2.1346741040332504e-18
0.6177374720573425
1.1997498660263393e-16
5.913406128905824e-11
8.010832065656014e-12
0.6177374720573425
4.923550642751974e-08
0.6177374720573425
0.3354239761829376
0.6177374720573425
0.6177374720573425
8.638533048471774e-12
5.369410222197305e-09
0.00859171524643898
0.3354239761829376
1.612107051859454e-09
0.3354239761829376
1.0964612703018088e-22
1.2305000100778144e-08
0.6177374720573425
0.3354239761829376
3.671744566802753e-16
8.656786654937455e-24
0.0004553432605470871
0.3354239761829376
5.86598825693105e-11
2.4902590365051443e-17
0.3354239761829376
8.130434077184077e-13
7.420893068988671e-09
6.028393042365291e-07
4.699322629230621e-12
0.6177374720573425
1.6933601945423086e-16
4.943347848755462e-24
1.9750326431545272e-16
1.5811590557832422e-18
7.302184588864451e-21
0.6177374720573425
0.01586153730750084
4.377101849272619e-14
3.2611961750348254e-09
8.689063820898764e-17
2.7790137028701244e-14
0.3354239761829376
0.03230803832411766
0.03371749445796013
0.3354239761829376
0.3354239761829376
0.007152311389277521
2.4041809804306913e-11
2.7790137028701244e-14
2.2700072953600905e-13
4.373337475096453e-12
1.8061119351626323e-08
1.1408321524488267e-08
2.421683788623977e-05
6.127975258657923e-18
0.3354239761829376
4.0030316203303195e-11
0.6177374720573425
0.00022089127463584268
0.6177374720573425
1.8609742131596128e-18
0.3354239761829376
1.1050406190779033e-07
0.3354239761829376
3.601815025522792e-11
2.7790137028701244e-14
9.022636228428325e-14
1.7014398458521232e-11
4.71010003540999e-14
2.050851071707039e-15
2.7790137028701244e-14
0.3354239761829376
0.00859171524643898
3.822059986620818e-11
7.394063900558537e-18
6.635160578725868e-13
2.288535570559588e-17
0.3354239761829376
1.3456571427937443e-11
2.5203467474502268e-17
0.6177374720573425
3.054088140379923e-21
5.471945323519785e-05
2.2592955011123266e-19
0.0012448265482737464
1.0167043353912678e-10
1.390642494667551e-14
4.345853594737645e-12
2.7790137028701244e-14
1.857822033064946e-16
2.7790137028701244e-14
1.7043186939955365e-11
1.413108743715738e-17
1.6428101159255962e-05
4.0907242797206653e-13
0.6177374720573425
0.6177374720573425
6.5327672899961474e-12
5.999202737527522e-13
0.0013101251314935171
0.01586153730750084
3.964646692835739e-06
0.6177374720573425
0.6177374720573425
4.348810807470621e-12
0.6177374720573425
0.03230803832411766
7.535491226294057e-17
2.753560949737287e-12
1.303923225444529e-11
0.3354239761829376
0.6177374720573425
0.3354239761829376
1.8756943252898964e-15
1.128180654709519e-12
0.6177374720573425
0.00859171524643898
0.6177374720573425
8.375277216045104e-06
5.16910102592919e-07
1.054273841096107e-05
2.8432855431289628e-05
8.085169645660769e-17
4.280176717832055e-13
0.01586153730750084
4.610051288627389e-09
0.0065836212754532275
0.0012448265482737464
0.6177374720573425
7.501609451761252e-12
0.3354239761829376
0.0005868239400365168
0.3354239761829376
1.9171608999842385e-14
0.00014716895027769276
2.4251251505176716e-06
1.2114463686515403e-08
0.3354239761829376
0.13274018466472626
3.8889459700938355e-18
6.1625062194240165e-09
0.3354239761829376
0.0005911142083144805
0.3354239761829376
0.0031492408435940256
2.7790137028701244e-14
2.7790137028701244e-14
2.0677600195716296e-08
0.6177374720573425
1.25489274113901e-06
0.00859171524643898
7.551316965005945e-10
0.6177374720573425
4.352429512160747e-14
2.2404011109783915e-15
0.6177374720573425
3.054344820024597e-23
1.662728880044702e-13
6.745861034193855e-13
0.3354239761829376
0.6177374720573425
2.5161286517864544e-10
0.6177374720573425
2.7790137028701244e-14
1.5717190503909524e-14
0.00859171524643898
0.49921149015426636
1.5568458196840596e-10
0.00859171524643898
4.614737029624475e-11
1.353290448350089e-09
0.3354239761829376
4.244637863738489e-17
0.03230803832411766
2.8692197022983335e-22
1.6822412224475856e-08
0.00859171524643898
2.091137550523312e-12
0.01586153730750084
2.7790137028701244e-14
7.190393882500287e-17
0.00859171524643898
0.3354239761829376
4.988706893296911e-13
0.6177374720573425
8.599689018788674e-09
0.6177374720573425
2.6996112448062576e-15
3.886209741297784e-20
0.3354239761829376
0.08283822238445282
6.438463787087012e-11
9.546226580477858e-16
1.583329944284733e-10
5.867561460254491e-17
1.6705528265341897e-23
2.7790127310123023e-14
1.0037987483310978e-32
2.7790127310123023e-14
4.55108080598586e-16
3.401385977552637e-14
2.215131131889968e-15
4.785991838880535e-13
0.3354239761829376
0.3354239761829376
3.1853920205576704e-24
0.6177377700805664
0.6177377700805664
0.01586153730750084
1.6005304936185614e-12
6.519023965576576e-12
3.170435481694441e-11
2.7790127310123023e-14
0.3354239761829376
0.011791033626577999
8.375268537278348e-06
3.3159346437512904e-18
9.26893524150182e-05
6.931010901102589e-09
6.21208939533701e-05
0.6177377700805664
2.7790127310123023e-14
0.08283822238445282
2.7762936279802603e-13
8.859965714954592e-17
2.550106047113105e-09
0.3354239761829376
0.3354239761829376
2.52369174371974e-18
0.0022606686257023723
0.6177377700805664
2.0491014392404446e-20
0.6177377700805664
2.1190837309442486e-18
0.00022089117933823607
8.71153253048494e-06
1.995258413537927e-12
0.13274028897285461
6.159940766619335e-13
5.867683014416208e-14
3.01558017836927e-13
5.751310379431215e-06
1.3127482663144606e-09
0.00859172735363245
0.01586153730750084
2.6749220159657264e-11
1.195451481206512e-07
0.6177377700805664
0.00859172735363245
2.8309551248983564e-17
8.566093546255009e-07
0.01586153730750084
4.286724228894787e-14
