0.00020214571597944436
4.22715797297162e-38
2.069001443579897e-21
0.0003865787011402596
1.4271587193351757e-08
0.0725731554219955
5.242895274169452e-26
2.683407315744143e-06
1.8856554285421335e-16
9.41143689360106e-22
2.4063360608112167e-15
4.8461972657421035e-31
2.70282236098887e-08
3.266674879498651e-10
9.427360681150695e-14
0.00016075670489801037
5.039440129868957e-13
3.3078068728718127e-06
0.09573128228091615
1.3084732823240989e-05
1.4325365053606653e-07
3.599981824524508e-08
2.1480164862697e-06
3.236448647766571e-07
2.977220938820449e-22
0.0003073174565697816
1.3679242675221956e-07
0.08497217532135107
6.889073156225234e-08
0.0002586986424733054
2.1758491549287745e-05
0.0012336983241175092
0.0010799108802848046
4.956884009694558e-08
4.332329964430794e-08
2.8588763525260274e-05
6.499346477953648e-17
0.2693917629600207
9.115779309260011e-18
4.3648620943458726e-11
1.4614577617858571e-39
0.00048585314363660533
1.760397977422825e-08
0.00014385843308538688
1.4683995260435502e-24
4.487113643553398e-06
0.01056680126477006
6.889073156225234e-08
1.980244273995235e-21
2.9948432622656966e-06
4.210395726990385e-06
5.111918669026053e-06
1.8807882159762806e-17
1.5853751982448036e-15
4.014114654862197e-06
6.889073156225234e-08
1.2623493657994085e-07
3.3078068728718127e-06
3.6795385572100876e-07
7.240343137664212e-15
1.4259478713669303e-06
2.268689323039767e-07
3.3078068728718127e-06
9.966300873572973e-28
0.00020214571597944436
2.784388370422802e-10
6.192550388271599e-06
0.21621488626977836
1.9390244652275757e-16
3.765030265645067e-23
3.1563767589601384e-12
5.998313587765265e-13
7.561695623748952e-16
6.889073156225234e-08
1.0280859818022746e-07
1.1086256479684072e-17
3.125238123408049e-15
1.4375103245106706e-06
7.911039887266476e-15
2.9464322462402502e-21
0.00011483170322246943
0.3351340248709779
1.0085548607564261e-20
0.0004553432605470871
2.0425329605979993e-07
0.0010148786388994857
1.3276035242837565e-20
5.948142065865254e-16
0.00014165490159189983
0.40520144061148894
3.3078068728718127e-06
5.501408796796091e-21
9.573543623514475e-20
3.1582789722983015e-19
4.0676893333166504e-07
4.2195408704303255e-07
1.0522895101605829e-24
2.3235782616562387e-18
3.620996745543221e-30
1.380912113565102e-20
5.007077586976327e-15
8.654865969932141e-18
9.762481524085103e-24
4.981094313766131e-21
6.889073156225234e-08
1.7758233345269795e-30
1.5142548959589532e-11
0.00017670331745664545
6.3430557682820695e-06
1.9148106733521266e-12
7.811621659405451e-28
0.0006371948400311633
0.00025918558292502454
1.7952233395322753e-06
4.643050868484279e-19
1.128100140025991e-08
3.779482296117073e-06
2.9924704249110138e-19
2.2260707941337158e-07
8.120977357330511e-06
0.019999913595125873
0.0009805562860815409
5.495701589122018e-21
0.0003767505282208268
1.4223578396204613e-17
1.7023197868358354e-06
6.319591289909129e-18
1.2671696784092756e-05
4.270204682304856e-22
6.889073156225234e-08
0.0002027058961395253
0.00012525318577628897
0.0002456861512069135
1.7143852204668113e-29
0.00042537094525695913
2.638829827844023e-08
2.9659697985348763e-06
0.031253547297369656
9.3302581127249e-06
6.325351335227706e-06
0.0010799108802848046
0.14253804519718138
9.350408703421046e-08
6.477228084232368e-35
3.1666376210959126e-07
7.297992391281246e-23
1.7605578933958897e-05
0.019999913595125873
3.6835709253475195e-22
6.790288285923526e-05
1.483334163333235e-05
0.01056680126477006
2.1739079636192584e-06
5.148386660151872e-07
4.746945066855076e-18
4.907377615429363e-05
3.3078068728718127e-06
5.698781507938808e-17
7.961912726767162e-05
0.01056680126477006
3.215323214073116e-05
1.059593815065582e-16
5.587731911693582e-05
5.814447161661245e-07
2.4360915849658004e-05
0.00016277273997628063
2.521782767095261e-16
7.096430676765214e-05
0.0019134577249609874
2.0039688369576092e-05
1.1024922533566984e-23
7.054574498131555e-05
1.3060715398215477e-06
2.2848500966863607e-06
4.675651252952602e-21
3.653850336946202e-05
3.3078068728718127e-06
1.3356917924822336e-15
5.1544263099744595e-06
7.420487109099229e-09
4.086978929420062e-05
2.835301492712694e-07
0.0013101251314935171
7.307827001638502e-08
6.91393837397071e-05
3.868124162014063e-16
3.3078068728718127e-06
0.00886952615664312
1.1823788805203911e-06
4.817988509844622e-06
2.096670125662789e-07
6.889073156225234e-08
2.1844679510425843e-23
0.0001847002283303924
1.598654401392654e-06
2.874694205005592e-13
3.3078068728718127e-06
1.0480102864900881e-13
0.005406223202385263
3.107830425692062e-09
0.213209419277824
2.318185821570519e-15
1.804208572852e-05
0.011613773614583723
1.6729617359151268e-09
2.3464524160868426e-10
1.9427559980114926e-15
7.091906379507859e-10
2.268413342164117e-05
1.0488619571873235e-25
4.470343404353627e-06
9.289230580527371e-05
6.723721336355507e-17
3.0952502666754275e-06
0.0003392758485152626
5.508204088006206e-05
8.474767938216145e-12
9.409427133504551e-06
5.234269963542027e-05
1.2380309459071428e-06
6.4103107883883165e-19
1.9732432779811596e-10
6.617870363565702e-07
0.0005695777873118459
2.900114437407076e-06
7.127133081627538e-21
2.283000324419045e-06
0.0007978126116692213
3.1855593863732915e-05
3.3078068728718127e-06
1.2800965198507704e-18
2.2929766335053824e-06
9.028226844077397e-11
2.991684274313368e-07
9.838812350129451e-20
9.2138195504355e-06
1.0687355544448565e-31
2.4436171232994593e-24
0.003142215165401363
2.471703708464826e-19
1.7237939308134823e-17
0.00014351853755071968
1.857266216388266e-06
4.773396618761004e-25
1.9022742761120454e-05
0.001179680271814372
0.00039716965930286426
9.951550783065412e-13
4.0420599690847466e-20
0.06900532132016107
1.2104466653593443e-11
1.1798931861661868e-08
0.00020214571597944436
6.889073156225234e-08
7.927788775451746e-05
3.566170930495939e-25
6.031473904501113e-06
4.9264979249673785e-15
8.297494908791012e-10
0.00024739652984212323
0.00045502513811850054
2.027677536423765e-05
0.000152766767284909
4.834988069042233e-06
7.801609451790851e-07
2.0974371467742716e-21
1.391784214357396e-05
1.464669558122518e-19
3.3078068728718127e-06
0.0001271674391418053
3.859326728823701e-22
5.265895676254399e-05
4.707691029905945e-16
0.00017095433476940758
0.0064093927897430295
4.182387464195047e-18
0.00020214571597944436
1.884477927240663e-15
2.791749507064193e-18
1.4508760782183838e-17
3.640154908110673e-29
6.372371992643668e-08
7.503841076488393e-34
6.473070582437565e-22
0.00014136765389333172
4.35620301039674e-05
3.917495840185792e-20
2.7470749338110465e-05
2.1520560534815082e-07
0.01056680126477006
8.3804778562068245e-16
0.0004956659995060085
9.139800237892249e-27
1.6604726166739618e-17
0.002384620855541917
3.171328967235851e-05
2.0419401498702875e-05
8.149172317993218e-21
0.00018204133794076476
6.889073156225234e-08
2.520430029969174e-06
0.003322014987958921
3.366247199142512e-08
4.508541791600788e-20
3.4479789351321577e-06
6.2396311111179995e-15
0.037616203058717934
0.0002494031095415794
5.426389021019689e-17
3.176468586205043e-17
1.1871324652179818e-05
0.00019904308385583464
0.0011372237493887428
2.0974371467742716e-21
1.6114015644340082e-21
0.000242909673465867
0.0017919524474241573
6.889073156225234e-08
7.39494770101137e-08
3.3199038649066113e-16
9.122414738447354e-05
1.0851757163848536e-23
1.1125996298251358e-14
1.7782549426356403e-13
3.509003063828237e-17
4.6395094633890975e-07
5.284940800784814e-09
1.5253286116677328e-07
9.690743576569874e-12
4.115758575374693e-07
0.0006633296535795155
2.649239741707488e-06
3.3078068728718127e-06
0.0026962511199901465
1.5236451177962791e-19
7.306780448837437e-13
3.3078068728718127e-06
0.00012363709898142485
1.3754405072347782e-09
7.299862836389334e-12
4.947451594876081e-13
0.00017023640154359144
5.803323131992264e-21
3.3078068728718127e-06
1.6800734393624587e-15
7.993233118228661e-05
7.780146022194333e-13
1.7182777795336286e-15
1.4149977875255773e-06
0.0009711266500042615
4.3283069979484046e-14
0.00016129820982580526
5.904069991366726e-13
0.0010799108802848046
1.347827287144308e-06
0.0021161471639800505
6.994896006729911e-07
0.0011510965263445139
9.349406667616663e-07
3.3078068728718127e-06
2.6488957973837634e-20
2.8208943695689605e-15
3.107830425692062e-09
1.6246255385120524e-13
5.816827042500859e-16
3.2759939887468282e-22
0.005029411350298405
0.00010539616997047238
2.79447766921708e-19
6.889073156225234e-08
0.00011804158647212883
9.065211889227341e-05
1.274293569040386e-15
7.258730213310846e-17
2.4144368069361812e-20
0.00045148070268389434
5.034626921960104e-07
0.0762379315222692
0.0661365608678681
1.3870418664850298e-11
3.2164967254516465e-17
2.6988552652995073e-05
7.510605880880047e-30
6.889073156225234e-08
2.96962160889721e-06
1.0121811559355806e-12
2.179556915441307e-05
8.226185265027075e-29
1.8556380450741974e-13
1.0908059708500066e-05
1.6428101159255962e-05
1.7371547934545144e-07
1.440888913687164e-16
6.872359172001031e-17
1.1045132791005342e-22
1.0389768216223741e-18
1.363788808206513e-22
6.139068064688661e-18
2.2974728820391763e-20
4.587808271995666e-16
5.87419828867189e-16
0.007144655524789378
0.00023031697259023355
1.1389929444599021e-15
2.8642743836102876e-10
0.0006526396206777973
2.0626765075613725e-05
1.6431860348915305e-15
6.365951928238995e-19
0.0020074323932814386
2.839502106989004e-16
1.186263611442451e-08
3.39363064282714e-08
6.12307414710259e-09
0.10975561508704097
5.587731911693582e-05
8.31137468747628e-13
6.918767963664297e-07
2.215708551240214e-05
5.5742438987778e-25
3.3773151628174304e-18
4.609834744754247e-23
6.309513766925758e-06
9.175952869162686e-23
2.2780815918031105e-05
1.5554433884556556e-07
2.3815840182289504e-13
2.997333677039799e-11
0.00020214571597944436
5.72821846581245e-21
4.8495271902716016e-05
3.0935353855094494e-09
7.578216562232753e-21
7.361772932059685e-05
1.306470118116681e-15
6.109172531572309e-25
7.963534158557224e-25
3.053265005489261e-07
0.008003641601134752
2.7148796308956444e-15
2.0451773538129492e-18
5.5825832721360154e-14
1.5256469056172978e-14
1.0001583467947346e-28
3.107830425692062e-09
1.7457924275664816e-17
1.2295542618818208e-05
0.08081372473398382
9.517254457486884e-06
2.7027098550510824e-15
7.842229389370603e-05
9.644778405931123e-24
0.0004553432605470871
0.009679330860519813
2.7577417963416475e-15
2.0995326998287404e-08
9.918458294227138e-05
0.00020214571597944436
6.586637699058696e-22
9.453783552121663e-17
3.3778834184200493e-22
3.674538717930503e-05
5.798768761208723e-07
9.700304116946161e-15
9.373421779249704e-16
5.06434817109532e-05
6.877714126171325e-07
0.00023639545318426304
4.833953775325273e-28
5.687138134310127e-05
1.564558018249264e-05
5.101026055014662e-09
1.414580212716045e-05
1.246634353074988e-15
7.172524736563537e-33
3.096568503137904e-07
0.16050548274064624
3.3972755025996463e-06
8.569829531367016e-16
4.075351016722308e-30
4.3720357608309624e-20
9.889266137810507e-21
4.792671928146955e-08
2.6888053120226697e-05
0.0005529606957012539
3.99020045153466e-21
1.986587324806624e-24
4.89543292555254e-18
1.221561687526215e-16
6.917743006849417e-07
0.0010799108802848046
0.06938797125281285
6.889073156225234e-08
5.241263600500987e-07
6.135392025096133e-09
0.0002419960557452207
0.00040125330211502816
4.648267757964589e-06
3.3078068728718127e-06
1.652832614343551e-08
5.6308925530854786e-05
0.16050548274064624
0.01056680126477006
2.3609170532250972e-17
3.23047808927706e-16
1.0334222211411704e-10
0.00035120168505881066
3.682458580303431e-06
7.253163738452995e-20
1.0113294777877608e-06
3.271882376339699e-26
0.0001449118753103566
0.8623935265968896
8.711529029103282e-06
0.0014465484673184537
0.01056680126477006
5.244812144662858e-27
2.0821066316728118e-17
5.970533530196564e-06
1.2342276929202838e-06
2.507896386040619e-18
0.00022012649349405916
0.0004906657887394153
4.204884536133413e-05
3.14696128403325e-05
8.118993257481274e-05
4.737345798575556e-25
1.6427834512462453e-05
3.3078068728718127e-06
1.4246288852952752e-05
4.953974666160364e-22
0.0001221738625584177
3.555819556445657e-21
7.87369530765712e-11
7.712796238240513e-06
3.4446847917295126e-24
0.0003450765655711524
0.00033525624057655936
2.3084367833115624e-18
6.964487402429982e-05
2.6354345003687393e-06
7.199937915477629e-06
6.889073156225234e-08
6.889073156225234e-08
2.246490248889821e-17
5.879424077281067e-07
3.324131587877402e-10
2.3296908437261622e-05
0.0001192551349175619
2.985362600631036e-21
0.02624638159643089
3.3078068728718127e-06
2.934355544436393e-05
1.7458190802758203e-22
0.00041238442723082235
1.5343082565603609e-19
1.3904271895574328e-08
3.5334981693593275e-07
0.000870597703920492
4.081463366863745e-07
1.649969771150039e-26
7.101172765122463e-30
6.213242393734367e-08
4.6155829907260246e-07
9.120734773231708e-13
3.3078068728718127e-06
2.0689499143412767e-05
1.674607953260297e-07
1.3603728828472193e-16
5.811878992726437e-13
2.884635020643147e-05
2.1586029051274217e-05
0.014712507815831008
0.4358176068172046
8.400091174291057e-06
6.889073156225234e-08
9.009173155536838e-18
3.5441443083929595e-08
0.00011149348481862422
7.892033124942123e-11
8.34352445913756e-06
4.246903759589617e-15
1.5190613485088116e-05
5.626785502803986e-08
8.653478663518212e-34
6.270739303837557e-26
0.0005741254690928392
9.966300873572973e-28
0.001373913981808389
3.3078068728718127e-06
1.638539005605958e-05
8.739238667708555e-18
3.4246161692258036e-05
3.879523644447029e-20
1.3881816502998281e-05
6.889073156225234e-08
3.334768141106958e-17
2.191550668277913e-19
1.934869769799186e-06
6.972877765878006e-17
1.560354236320151e-05
5.882968503230423e-18
0.0003286537387625424
1.0726719750338733e-13
4.040641224718993e-26
7.858555191469915e-39
1.5192118394883923e-06
8.808435399339443e-22
3.2396320660961248e-15
3.045647596514972e-19
0.0003204613145932171
1.1532531835048085e-05
8.396106076827803e-06
0.0016895548373109526
6.202107378784164e-15
3.0409691299759285e-17
1.1794011311265188e-15
3.3078068728718127e-06
1.4592134404229965e-12
0.00031839590858758274
7.741553676445486e-06
6.889073156225234e-08
1.98075049677474e-13
8.036607805508667e-16
6.889073156225234e-08
2.9763241964550834e-17
0.07585902653086965
6.786310630141543e-24
1.678279179485713e-17
6.484665835785251e-24
3.100125488621679e-06
4.602590824146712e-16
5.90777435107363e-17
3.3811286579954003e-06
1.279084566547372e-06
9.686110416351064e-10
2.9262392762325794e-05
1.2485806674726575e-18
3.5364407895111025e-16
3.4172373039910365e-09
0.0002611148157254002
2.0997958675671589e-13
3.7385126762622196e-26
0.0007817213944896729
7.943125710892165e-22
2.2774986751834955e-07
5.2792352881510093e-17
4.726054930650342e-06
0.00010305546436436414
1.754751117342479e-20
1.2788812395987131e-22
2.8325331247292194e-06
8.241970721669102e-09
1.9205315690778865e-06
0.00040125952447979835
4.037856224974464e-14
4.985722627237581e-19
6.889073156225234e-08
0.0006061140611645763
7.154501744746791e-15
3.509169465412832e-06
7.865420216757669e-17
1.9313017970588075e-07
5.35739311355433e-07
1.1022898371956569e-17
1.104342943700795e-25
0.0003331452140111191
3.233849591645091e-05
1.2471834826415088e-17
5.57930278333534e-10
4.4377386445830766e-23
3.3078068728718127e-06
2.571799544526691e-08
5.006779505904519e-31
2.0961571545606985e-12
2.4695734857451883e-13
9.290962582576502e-06
4.078811131828995e-20
0.01056680126477006
5.9825901570321766e-05
1.4313889948698285e-05
3.6816057654745352e-22
8.387341986894984e-05
3.107830425692062e-09
2.991684274313368e-07
1.8024553942822937e-19
2.95412317662073e-08
6.889073156225234e-08
9.213208993810693e-06
0.0073493737144247895
0.0006265705905196539
0.00023961017657939988
2.1493020688427035e-22
2.3078258188795543e-11
8.204936836501331e-06
3.3078068728718127e-06
9.975112421370478e-05
4.956884009694558e-08
2.823427016348088e-06
9.244132544682309e-08
4.459152573507544e-05
1.4014529996440285e-08
0.0007573532937520666
6.503905953941149e-15
1.0185998549980917e-12
3.4432301008181996e-14
0.07624693788652502
8.633408568935592e-24
6.217184787410806e-08
0.01056680126477006
1.2372000922409883e-27
2.9923233936828622e-40
1.875705285806315e-12
2.991684274313368e-07
4.1426676010921304e-24
1.0192003092201353e-06
6.413037597427235e-20
7.597916708667149e-14
0.15392734950607398
8.672372306502835e-05
3.1729737862765536e-06
5.3699682107311515e-09
0.01056680126477006
7.104225181483748e-08
0.0001280892807530543
2.4474407768964197e-05
1.077807938010723e-06
0.0004399358305060552
6.432036113544564e-07
0.01056680126477006
1.3424126463453431e-58
3.5516687179714864e-07
1.7436609252651672e-11
0.00018698344505215325
0.0002677712434851243
0.23921510598037748
0.0001625973440068304
6.889073156225234e-08
4.633800717296243e-25
1.5809659416423016e-09
6.811403499257197e-05
4.090458790776698e-06
3.257308671255758e-19
0.0004906926112601753
0.0009216745881105667
2.686199437624608e-06
6.889073156225234e-08
0.0009014492221634665
2.3568160019464204e-22
2.2834652972554695e-16
0.00012842917671421385
8.863963266031697e-06
1.0291538751459535e-05
0.001087770500027804
6.686839074990788e-07
1.1372212724492045e-08
2.924451334988023e-06
1.2817476440515197e-08
2.9645979127164273e-17
1.812697940226772e-18
1.572026559664163e-17
1.4915804192031393e-25
0.00020869761041277524
6.925346310463749e-07
1.3225851329062623e-15
3.933474104482253e-09
3.757887013127811e-08
0.10149481328993026
1.555713169569206e-15
1.1582710591355013e-06
0.0010909335227145764
3.7054444406712876e-06
0.00010291658901226582
1.2458881407854746e-16
0.13294339953630058
0.0009711824653702017
0.07483461381389353
3.6557330922703327e-28
2.1735659332069937e-05
1.0507571227995714e-10
0.10241683907716796
1.7510997040934479e-16
1.6354643434209157e-19
1.597582179909091e-05
0.00020214571597944436
3.1812337494217734e-17
1.2148561076304646e-22
5.111220770071664e-15
0.00020214571597944436
1.2593070541786673e-13
2.389179374900321e-18
0.00021563859443801686
4.89239031793154e-18
3.314107980923169e-21
0.0005868239400365168
0.0014847187128221445
1.384170899456278e-08
1.5490239427656996e-11
0.0010799108802848046
5.670848738192546e-19
4.412312272471112e-20
0.000381006121153949
0.0015109972710515562
2.0408170537761865e-14
2.7741639889670586e-05
2.4155833255340268e-15
0.00016399074872222678
1.5775465280463117e-09
1.7245265867109278e-05
1.5601626824704055e-19
1.0021318006430056e-12
3.3078068728718127e-06
1.2128597241571156e-18
0.0002697242391972121
3.126340121471767e-23
4.110848135724801e-05
8.692956933047237e-19
8.231233509255924e-05
9.647868893494809e-24
4.3861813386930955e-05
1.028147615143035e-10
3.593303508528035e-23
1.7358624962419882e-29
0.0015454939538481621
3.021447170208569e-08
0.0003065539838219798
0.000753430165423917
2.891417803685e-06
1.5433333467585925e-05
4.981094313766131e-21
0.06382814890464322
3.2470023767576533e-22
0.01056680126477006
2.094824651783812e-09
0.016357543286214957
1.3433789314535303e-06
0.0003697554354977712
3.3078068728718127e-06
6.5758617107503105e-06
1.1195956000495989e-05
1.5679655043753472e-18
1.4391885624026302e-05
2.443952319817321e-09
7.933824612480158e-17
0.000272196856213038
9.996286506505532e-05
4.025022541415968e-06
5.5671811598809505e-06
4.024509296474947e-12
1.9944039223134454e-16
6.889073156225234e-08
2.5747054766373646e-07
3.6049811233204996e-11
0.0002239030291608518
4.451023031372949e-16
0.00022901114186492188
3.6642441742105737e-35
3.7149605617887164e-06
4.436036099523047e-05
0.00010296320919916425
0.0005508476679206663
1.9097070839211133e-16
0.00023870437866072014
6.997882761620732e-17
1.0741476960379021e-07
0.008685733883298028
0.0004987211722516581
2.476306673350517e-22
7.277731493087354e-06
1.9090699377560496e-14
7.561695623748952e-16
3.48938421900724e-20
2.128084672658794e-07
1.4617252471766008e-06
2.214907891576078e-07
1.174522145602936e-19
5.409853240490842e-05
2.74245768211454e-07
7.045250779537103e-17
9.04714055176672e-20
1.98950648325975e-16
0.00041103775642182747
1.996159400929276e-06
0.00024245825320996529
2.58744008018893e-26
3.0166014755566596e-15
4.92998283315833e-06
4.1331755502499944e-27
0.00020214571597944436
1.2387942252308484e-24
0.00011188970826176067
2.26433042868124e-22
1.4418927578696058e-16
1.598464547488026e-06
3.0651263437364764e-28
6.073409054589506e-06
2.558518541009043e-07
3.3078068728718127e-06
5.039064807038089e-07
3.3078068728718127e-06
4.1115120318387074e-24
7.770706215752649e-19
2.58744008018893e-26
2.7364754213598605e-07
3.3938379746109817e-06
1.799412204818375e-05
1.0284815505075476e-20
0.0001479505783553589
0.001349908086258303
0.00020214571597944436
8.88705184391424e-09
0.0003138574538969069
8.739264321458203e-06
2.4401747616100062e-06
0.015376645871487502
5.5630619962739134e-06
4.025022541415968e-06
7.647410352127987e-07
2.789917189594335e-26
1.4056994745238431e-34
3.0555278551068297e-25
6.889073156225234e-08
4.980123691543034e-05
5.8495285196432845e-21
6.16066184268164e-25
2.1245919199176008e-21
1.1629524925393804e-06
5.320790768987439e-05
1.08922954904518e-09
8.288650373350443e-07
0.00013214690950021785
1.4989534241945648e-05
3.3078068728718127e-06
3.270005127574974e-06
1.3434443239630754e-05
6.41605204056956e-06
0.00010589198508949352
3.3078068728718127e-06
1.2318785689458076e-07
3.3078068728718127e-06
0.00020214571597944436
9.15590126211452e-05
1.0327789677516483e-17
2.2768999036231766e-15
0.0003813806216725204
3.2993590977902425e-25
6.889073156225234e-08
2.1898940686971685e-17
3.779482296117073e-06
6.669892189999039e-20
1.073382953862907e-05
1.334836419031935e-26
2.865544026675686e-22
3.6796180732360326e-24
5.101434283601681e-10
1.1507015603340744e-06
0.00026235853304848455
0.020408423354726812
7.510874771550156e-05
9.223042340133438e-07
1.3950825381251742e-18
0.0016194953964973778
9.447095020994523e-05
1.8317423105150285e-20
1.5029527625188362e-08
3.456509792313071e-07
5.417736175949663e-06
1.252670220850125e-17
3.460596058523433e-07
3.060311848135168e-08
2.6892615638737474e-05
0.0002677765706043944
9.654532607441216e-29
1.3140464076301955e-20
7.186764760081281e-17
9.676225877227465e-22
4.823667592625546e-06
0.00020214571597944436
1.1378797815837305e-05
4.4317306014142026e-08
1.3256355286207366e-26
1.6710333420306124e-13
2.286199121701954e-24
4.729285325537988e-20
6.889073156225234e-08
9.85829869307795e-06
5.304919151079044e-06
4.981814981768713e-07
0.02250755066440784
1.9792144938930482e-24
2.1028881175425155e-06
1.1526268239907634e-06
1.1582682545164363e-20
8.083555356364816e-08
0.00013264688461498287
3.393350598075144e-05
5.1225991295949095e-09
0.00012609005600320287
2.58744008018893e-26
1.8061649075323043e-05
4.4080205649047096e-06
6.698308522742934e-05
3.803513655242257e-14
2.4462908971580276e-05
0.00020214571597944436
2.3755935816457674e-25
3.312970353084141e-20
6.168046338429803e-16
2.0325110156768435e-06
1.498455747580293e-18
1.3777569386487744e-05
6.889073156225234e-08
1.013549024237774e-05
0.00045640869963920784
5.46673619510852e-06
9.068075608509326e-30
7.345912609188082e-21
2.2599166461392424e-07
7.419596062459897e-26
0.00020214571597944436
0.01056680126477006
2.5481629592580194e-15
5.03565500939644e-06
5.7980463870245945e-06
1.6784208782664364e-06
5.36220539563677e-23
2.442671590975944e-07
2.2849655504862617e-10
5.312118667130124e-30
2.2613755741131714e-18
0.01056680126477006
0.00029712971169206334
1.6758223182765637e-18
1.9259247006493014e-15
8.939732222174471e-07
0.0002601881026213567
1.1003393441406329e-13
0.00033226240185167157
0.03744011885934246
0.01056680126477006
1.3862062155956822e-10
6.782369726080408e-16
0.000259063426060642
3.3078068728718127e-06
0.0002128514729356542
5.888773807564098e-05
4.70135062828997e-11
0.0006344711025442841
3.618755435402215e-28
5.0831210162983196e-26
0.0040807584931501
3.6388933097172225e-07
1.5490325597374137e-16
1.6428101159255962e-05
0.0010840530774259838
6.396101297409046e-08
7.085791234237029e-08
3.4411544250749506e-23
2.439221850191696e-25
0.0001924214358247279
7.299862836389334e-12
3.562807810054372e-24
1.6573804826213465e-06
0.0001236655487954474
0.0001590021110126072
2.538770577293686e-08
1.8692033420201017e-06
2.496004609976244e-05
1.3731076297211932e-12
8.80881407128727e-06
0.00011060128949705872
9.824693062749258e-05
1.6870114467781597e-05
8.235033718468324e-12
4.114399251916199e-15
0.00015752143461989632
9.966875587763224e-16
6.831761593048996e-08
1.3439507979116727e-05
3.3078068728718127e-06
1.42108126118132e-07
1.1330124877547973e-06
3.3078068728718127e-06
6.204012323043542e-13
3.5303535368202736e-05
7.900017836122731e-06
9.463322838843134e-05
2.5243311000394754e-18
8.032909964681909e-05
6.889073156225234e-08
3.8117579126523304e-06
0.0003856578196025125
4.263134042056474e-17
0.00024333287114666757
9.686281664012657e-28
4.4458185911071236e-17
0.0003645078504611114
2.695897521867849e-07
5.7310544659725096e-05
2.983102552207034e-17
4.0888936960024275e-06
7.242902581655682e-13
7.661597542395955e-21
2.849263028518877e-07
1.638539005605958e-05
4.693070335164712e-05
1.4528939100210813e-18
1.8638639590906299e-06
3.3078068728718127e-06
1.1969663022039106e-20
2.1370650379497297e-25
2.440807224123466e-06
1.450661754709046e-14
1.221038205444074e-07
1.8061880174575384e-06
1.778929120424563e-17
7.453149343215957e-09
5.029729881326744e-13
2.385612766448512e-19
0.01056680126477006
1.2757373847283874e-21
2.0722665512124635e-08
1.927522114255472e-08
2.069239701800153e-07
2.012794729644503e-12
7.718740347804345e-08
1.6506996877820588e-05
1.038025995683822e-25
0.0007004550281059262
1.0555476266708574e-05
3.3078068728718127e-06
1.5868464242759854e-20
0.0005106477286050811
0.0008576221920448605
2.746864203445997e-15
4.2281912443716794e-20
0.00020214571597944436
5.258368157991736e-07
7.665205218195769e-09
0.01056680126477006
0.13940574106450576
9.369101536830207e-29
8.222162497484129e-06
0.00450689475837987
0.00019300871928186873
1.057113061023967e-05
2.034052226200212e-20
9.477380350118694e-17
4.4133418179679134e-26
4.9024630052699626e-05
0.00010347945980364965
1.7426770900834885e-07
5.40128376851474e-06
6.889073156225234e-08
1.104179494499981e-13
3.6748455703725705e-05
1.5492217740117275e-06
2.4898513760719007e-13
3.518234387871515e-05
6.889073156225234e-08
1.4821519190214312e-12
1.6726293123693433e-08
3.2935798675705857e-31
7.645701164168366e-06
2.631949843673347e-15
2.155899606493344e-25
3.3778834184200493e-22
3.587013012898442e-22
4.0918450971394055e-06
9.000309276857843e-09
4.9494628172335796e-20
0.01056680126477006
3.3078068728718127e-06
8.852469447052385e-07
4.10911493195993e-17
1.7459085703123127e-09
4.53374239535663e-19
0.00014121483403540613
4.016454105545584e-06
5.0159484226526205e-06
0.00020214571597944436
1.7391339294578772e-16
1.355015734772243e-13
6.340327051604696e-17
1.8285621628615434e-32
4.110848135724801e-05
1.7092639619131507e-16
0.0003776016871211117
1.4187030142635696e-07
0.004450126196210279
3.3827028450665887e-18
1.4480344282658113e-26
0.0002872931112987025
2.432577618829836e-07
1.0419528180203821e-10
4.420393001260433e-27
1.8215836618003902e-06
2.1276130827150253e-21
2.291254160958583e-06
0.0003718035282794256
5.199043657089818e-26
1.7271320579807625e-05
1.2311675931935767e-05
7.658327752512861e-11
5.948582853285936e-05
3.3123677527650505e-08
6.889073156225234e-08
0.00033706033893148176
4.2609228736773973e-19
0.00858371204025852
0.0010799108802848046
5.130256750992155e-06
3.271178038907199e-05
1.0243341185557002e-07
4.844097110676385e-05
7.35832102615415e-06
0.00014134633023896864
4.322372082076611e-07
3.221323414845908e-06
0.00013992887899720065
5.525536492170436e-07
2.081141416967788e-08
3.3078068728718127e-06
2.700030531215346e-17
2.4687694235995024e-21
0.0001444839837271989
1.0896769235324244e-26
5.026872826803079e-26
1.7300581082993366e-17
0.00016238491047296244
6.075279070800356e-15
2.128214649633115e-06
4.3856162674890847e-07
0.0005357350545546494
0.0005868239400365168
3.897009965728881e-15
9.69528410907032e-08
6.172767733812047e-20
0.01056680126477006
2.0997318896580172e-05
1.3552112953654894e-12
0.011379169134676737
2.890534537211993e-20
1.5308579863143068e-14
1.1726719601999285e-11
1.4098363225519676e-23
8.877958278172221e-27
2.8382503187163113e-24
0.001388305265968448
1.7159738970566705e-18
2.2471125638706872e-10
2.9347735131053868e-06
3.068971695924187e-06
0.00018412512682792112
1.0354917283911397e-13
2.605394023315717e-19
5.384586675729102e-16
6.229990821116097e-18
6.297246575236958e-27
2.6163644524501754e-06
5.329908842096141e-16
2.138320822249848e-18
0.01056680126477006
3.291717229491872e-06
7.454890350326141e-06
4.6464835484746166e-05
2.481947990367878e-06
1.764504995276942e-14
0.00027988312676315117
7.946184447576938e-25
7.354875705273641e-06
0.000773880143616637
0.00032925735610803836
4.814782888510979e-07
3.3078068728718127e-06
1.0506196811088022e-05
3.3078068728718127e-06
2.1899595679333286e-26
2.8924127029496726e-13
9.434790740606753e-25
6.036330262989328e-06
0.0001150057914835741
4.01342442884812e-05
0.00032055964955823163
0.0005868239400365168
1.559025857129488e-06
0.0010799108802848046
4.0219678585081225e-17
6.449856823997063e-21
1.0736256673302271e-10
3.476875121356293e-05
1.2104466653593443e-11
1.7243402698286661e-13
4.5467067186396883e-08
0.0004906926112601753
4.531057142726728e-05
1.6559443840919089e-25
2.4246391597519995e-15
6.965413760528376e-31
0.00038075710305438893
1.9033608332447084e-15
0.0002885762717615044
0.00034490822803255724
7.29996779618067e-17
1.814540988974511e-25
2.2470849553603167e-07
5.622145792195713e-15
0.00021183892116865763
6.889073156225234e-08
9.185416366434445e-19
0.02648136639288833
1.0437084993318108e-15
0.00039595586347868127
6.251833123265144e-08
0.00016919778321021603
1.2348077903148704e-19
4.853916454620984e-15
3.1722597539311787e-21
0.24715380849000176
1.900457133044757e-07
3.7254991076478037e-25
0.01056680126477006
0.00028767205869671187
5.892602059121577e-09
3.3078068728718127e-06
0.00019736258170507254
3.3078068728718127e-06
1.625713604610761e-20
6.889073156225234e-08
0.0001570007362655529
1.4821805891478813e-06
0.0010799108802848046
9.979077222706358e-08
3.2288549653152544e-13
5.064265454364357e-15
2.7504609031991733e-18
8.508671773994948e-16
0.0001598468181124393
3.770376436329301e-36
0.00012609005600320287
1.1127656854946268e-17
0.0001221997784686251
8.77085534752738e-25
3.0956345008659335e-20
0.00015519331417968997
2.9068759231975818e-25
2.9668104441861926e-06
1.874826372622379e-24
0.00015332609626566012
1.067320652320985e-15
8.433114684298712e-22
0.000198650984993758
9.733865281106451e-17
8.170127237881028e-17
1.83673176011946e-19
1.0160691188317099e-07
3.681986412929555e-07
1.7177473699574197e-05
0.0011176796950056538
8.843985208852097e-05
0.0010799108802848046
3.3078068728718127e-06
8.528623127409223e-05
1.6307622650557323e-20
0.0002773728936394382
2.0545710365572814e-07
0.0007306848753975137
4.632326444323917e-08
9.99738774069491e-13
1.687041499742113e-07
0.009813391198115085
3.602749222282941e-06
6.889073156225234e-08
1.28085608189249e-06
3.025669257373273e-20
3.377250397178481e-05
4.368124624238243e-19
6.782014158555468e-17
6.889073156225234e-08
3.3078068728718127e-06
0.01056680126477006
0.01056680126477006
3.460720986246686e-20
8.939631233085849e-17
3.0600665985547337e-10
0.0010799108802848046
2.419995066347097e-13
0.0040542077541383115
4.464620258622637e-35
0.030195045285587155
1.300612952350291e-17
2.048634968875716e-05
7.28921969142691e-11
6.7280958057730894e-06
2.961064587653822e-13
7.943060596725451e-11
3.3078068728718127e-06
6.003276418900741e-06
5.442444944152264e-07
4.939571134101533e-07
3.2264849614709235e-27
9.193563486344612e-05
1.4893027462753339e-05
3.3078068728718127e-06
2.772779799047435e-07
2.8640943442777982e-05
3.3078068728718127e-06
5.594123991383988e-06
3.513516982736897e-05
3.523140400071609e-17
7.173381434485749e-08
0.01056680126477006
0.00114840916042247
1.815468306000038e-27
0.0004632295240735141
2.6652767477028905e-20
3.641645806168388e-17
8.06383727208932e-06
4.2925724284550704e-05
0.009125300029397107
0.0018951327556798857
0.00011350795706393385
3.5319595948603697e-17
2.682553945818578e-06
1.5600997266627943e-16
3.079123824977009e-18
1.4637183977178595e-21
5.354670169327393e-20
2.126096788220335e-05
1.4702912391584683e-21
1.0034327956001254e-26
1.4440453110226056e-16
1.3452800442644076e-19
2.1449917658653975e-14
5.910105794066083e-07
7.242487865457953e-08
7.540217095105521e-26
0.009022912466425139
1.0340869170352618e-19
8.714226109964574e-13
6.889073156225234e-08
1.7207221705549352e-05
1.1064058580017811e-14
8.422668392174594e-09
6.889073156225234e-08
6.977118361856714e-16
1.8844098106685174e-17
5.8584153884641554e-05
6.083005726555471e-05
0.008135506948255378
5.027512267285701e-15
1.3445932518509594e-15
0.3332710238458145
0.00020214571597944436
1.605634594125393e-20
2.305431639607243e-12
2.8493119198266724e-09
2.4063599344051852e-05
6.889073156225234e-08
0.00020214571597944436
3.3078068728718127e-06
1.6512588524036712e-07
3.369859727940939e-06
5.343284929132361e-06
1.0443887231855753e-25
7.437278199453172e-05
0.0001525718580609699
0.0029441873381390064
7.742571990543364e-07
6.716953621759353e-24
4.033488236494731e-08
2.3629343216524585e-23
1.2526538938476519e-05
1.1598934026987274e-27
4.505056503048537e-06
0.0002662362215850576
1.0558356785499826e-23
0.00047514922509006574
9.68301870352244e-14
0.02268110521417431
1.4246510596134625e-05
0.0001353414898943513
0.0007266714147645334
8.399912258489324e-27
6.391998928971788e-06
1.1811226588276533e-16
3.3078068728718127e-06
0.0009518233797866649
3.985664544099842e-14
1.4226944738968292e-27
8.45115266630292e-13
6.515973694806474e-16
4.670338847825994e-05
1.5253445118727794e-14
1.4989622057493613e-15
1.0563374591109351e-07
1.3031600320581515e-16
0.0007133617952372814
6.237951312806267e-19
7.239460943268369e-17
1.8645259380964347e-14
1.727949340671066e-05
6.889073156225234e-08
3.711111743635045e-20
2.493644100779364e-09
1.9174020555216484e-09
0.0010631317156938672
3.3078068728718127e-06
2.727726980262886e-29
4.292830895378936e-07
2.807130701530637e-20
0.00015499628326536181
3.620200724420136e-06
1.3152410050006591e-27
5.008744005552616e-05
0.00017616454361716078
3.930295916749495e-06
0.0014113421058976894
0.0003933797682088792
3.3078068728718127e-06
6.845217050766364e-05
1.3647877511442196e-20
6.382971646634993e-07
0.0004544497395706226
0.004450126196210279
5.773449810757674e-19
5.1237521181397776e-18
1.950364845181681e-08
1.5710290956299524e-05
3.4257265906623835e-05
0.0001485262994008526
6.533323081356399e-07
2.7587340982223294e-06
5.552865641726401e-06
0.00022959178833070054
7.517368199426411e-08
1.2268838323176514e-26
1.8687963579909388e-17
1.8726144528025022e-05
6.511538992615992e-24
1.378129657137903e-22
5.952078278878993e-07
2.1321314381815358e-07
1.1582710591355013e-06
7.270869871064545e-05
0.00010217982518181208
6.150244064223827e-17
2.284806400998557e-21
6.889073156225234e-08
9.380329918604903e-07
6.889073156225234e-08
0.0034985894297108163
1.1623966544511498e-08
4.594194212632887e-14
1.6710250897410722e-12
3.9593846163115045e-05
8.904031858940125e-20
1.7129393156746015e-06
1.6937526764643743e-21
3.654382671689677e-16
0.00015706413319570254
0.00022784101424886324
0.0009435801664652873
1.3584049743852202e-06
0.0005702454789863196
9.886206181247863e-08
8.07124927667581e-05
0.0002183421621701192
5.3191589846000276e-09
0.00042166879493803314
8.246401682971064e-23
1.9228003794155785e-05
2.2689913140720182e-07
3.957678589826071e-07
1.21725047517275e-17
4.956884009694558e-08
1.1401648778573682e-08
0.00012429911678955591
0.004450126196210279
3.010566387927208e-19
0.008135506948255378
6.221347212873742e-20
8.472403302831351e-23
0.008135506948255378
7.574964262151469e-19
1.592608495273927e-05
1.7091398642667853e-09
5.738629049892385e-18
4.19457934575823e-05
4.642970357957983e-25
3.0539527206880914e-06
8.0210904400802e-22
6.889073156225234e-08
0.00017498821976748898
0.01056680126477006
0.00020214571597944436
4.878715789391742e-16
4.11711566674437e-06
1.588062027535596e-17
3.3078068728718127e-06
3.9239439503982044e-07
5.063228261705073e-30
2.84081323529629e-29
6.711601534174823e-08
0.00040285252410546723
3.9190602417535785e-18
6.694313478985749e-15
0.00013049783944653337
0.01056680126477006
0.00015723987258393197
1.63418422636643e-23
8.14619840632912e-06
2.7075412258553823e-05
9.25544834194398e-05
0.0002857266534955216
1.3200289977710886e-08
8.848303294428447e-31
4.639160830833628e-05
1.142004579425057e-13
9.944792108784004e-16
1.1991285797477898e-19
4.219164526517419e-11
0.008135506948255378
5.6380480465322014e-05
0.00027356616949983386
4.869587673945541e-17
9.830431505694822e-05
4.2527104159384343e-19
0.00035336119059254837
8.261195748730404e-15
1.6849346203914313e-08
2.3418739666315545e-35
4.411088827182756e-06
0.0004731423597074306
2.5203487788863672e-05
2.9816808364836973e-15
2.3950573565828505e-05
5.428480727750736e-20
6.994022997037372e-07
4.793655122422458e-17
7.535776261566613e-15
2.404295996661094e-19
1.524244179395342e-15
4.284990190650756e-05
1.5935796322313313e-15
0.01056680126477006
0.00016882793104209607
7.146111136380878e-20
3.772113757690352e-17
4.2426822226561004e-05
0.0001252672926332082
1.5478472728368981e-24
5.427785880093248e-06
2.9060980176627206e-18
7.898181442258163e-27
6.889073156225234e-08
1.19833693075719e-07
0.00011561748935668206
0.00020214571597944436
1.3461841690812763e-05
3.6542208779389635e-07
6.554511100219773e-23
3.0238854266020652e-05
5.819817999142132e-17
4.231163903959027e-22
1.4126182922348364e-06
4.5628911378722305e-05
1.5403990968081855e-06
2.3643860723181677e-20
6.889073156225234e-08
2.582771392660075e-06
2.5292083053950203e-25
7.332996845474664e-26
1.8834524044476947e-21
1.609436392299228e-26
1.8725336839497998e-12
3.774782237974787e-05
1.1363616996460498e-08
3.647342102728986e-08
3.3078068728718127e-06
4.775257223817439e-08
3.2787755452516777e-19
0.008135506948255378
2.565576564444837e-18
1.6428101159255962e-05
1.9900729005285154e-05
1.3527228195254603e-18
1.547755228875391e-06
0.00029325108203640416
2.74807298840477e-19
1.0556212273721382e-16
5.116056868363139e-15
1.5671557656663082e-15
6.39590621408694e-06
0.00014716895027769276
1.5525037504568985e-20
7.791168209345922e-22
3.51506308976696e-05
4.176526027630124e-08
2.011962325685849e-19
5.687576092146372e-20
0.01056680126477006
9.972244921650712e-12
1.677799690147693e-24
0.0002089587525953944
1.3479227156871849e-34
8.747404553450311e-18
2.58744008018893e-26
0.002828284355305327
3.0742600634156226e-26
3.067727349498079e-05
3.7723956953637504e-18
1.0167043353912678e-10
1.6906205588297872e-28
1.1753355315578871e-18
2.6884057474655906e-25
9.944588390877255e-12
4.050734844373857e-06
0.0002468261335364468
2.3961139075984885e-18
1.1385799590491046e-06
3.074305206459032e-18
2.0544248968021437e-23
7.231008373027158e-07
5.041683419821011e-09
4.813542427144951e-14
0.00037144189027221025
1.1779922287295483e-17
0.0002064240959917165
1.2380309459071428e-06
1.7797742513799787e-05
1.98652111262237e-05
9.257154094472961e-05
1.0117358121063342e-17
7.704235174917699e-22
5.638445008903907e-27
5.431558695319906e-23
3.3078068728718127e-06
9.293826665456896e-05
0.003358035650686819
2.848842249314659e-21
1.0702991650186913e-05
1.0156155062648098e-16
0.004450126196210279
5.62469846091674e-23
0.01056680126477006
1.0779039746353752e-15
0.01056680126477006
3.8891584262842165e-06
0.00010596248767365161
2.694401274222048e-13
1.404184691562528e-08
0.01849267715627335
3.3078068728718127e-06
8.711529029103282e-06
0.0001665239960632371
5.078341315424745e-20
0.00027049969753514244
4.601123751336864e-06
0.00040110482232032685
5.894427993860949e-21
2.3840633142231394e-05
1.4437755967207531e-08
2.6776667586528322e-17
3.3078068728718127e-06
9.103850009798114e-06
4.866628430461691e-06
2.437535471318537e-16
4.2124754744780656e-05
1.1445506465751357e-23
0.00011807639743835995
0.00016702845933353632
5.216894999218936e-07
1.0873304018071962e-26
0.00023587325290925706
3.3078068728718127e-06
4.52632532249388e-20
6.134259119717295e-07
8.058472940961869e-20
8.088297178762905e-09
4.069815597597885e-08
0.0003131572620113858
2.276464977628571e-07
9.328080608081681e-07
0.00018204327866591305
4.3514370440479095e-26
0.006009654505780282
7.671414316979923e-05
6.889073156225234e-08
2.5307590664638182e-06
1.2848439364617787e-06
0.00026204584563448667
9.717817544277285e-17
0.012180526552646918
0.00024064021886949574
0.01016858407566823
4.829506461781173e-21
0.01056680126477006
3.6211265465790346e-20
2.3278549415639462e-08
6.685905235142774e-17
0.0004906926112601753
0.03901635973265488
0.00048585314363660533
1.338620748855105e-15
9.909031263792566e-25
5.039835561051478e-06
0.00020214571597944436
2.1300764929283176e-05
7.656582131108477e-05
5.481865287034075e-27
1.5434251554719197e-06
4.1962948273158336e-05
0.00016267116944369484
2.2451726078273437e-13
0.00020214571597944436
1.3620051336525615e-06
6.889073156225234e-08
4.315900240230947e-06
1.7732133318380476e-22
0.00040714089726019004
0.004230009903560622
1.3484707607266339e-14
0.0003196118552584272
3.3078068728718127e-06
9.186725955776942e-21
2.959146596394637e-09
1.5983586379034438e-10
4.4795464659395076e-27
6.569797884554253e-11
9.429570373281765e-19
0.01056680126477006
3.3778834184200493e-22
4.658318308916004e-14
2.861039665996123e-05
2.4936321328257957e-22
3.2884919330407005e-17
2.721044523442584e-20
0.0001902657955463287
2.872078492670486e-12
6.975474324485212e-15
1.0373748878271265e-14
0.0005189138603926367
4.975070251471044e-06
6.889073156225234e-08
2.0461232250208396e-06
9.895161698851819e-21
0.0006463534575329236
0.00013908731198126589
6.350432645556769e-06
4.237810881403634e-06
1.5192118394883923e-06
9.942929878718927e-05
4.115481218153061e-13
4.212644091471499e-06
1.0062108564376622e-29
0.008135506948255378
2.0153818970947792e-28
0.0008891025163864502
1.1423551557216914e-05
3.528823155079898e-18
3.3078068728718127e-06
7.364166346522849e-07
8.415701625212066e-05
3.406101506725702e-06
1.4667239407524167e-08
0.00021928178674306478
8.029731816387504e-16
7.617158437037228e-05
6.187759892014892e-13
5.1596972330139254e-05
2.859420494902667e-05
3.1935307761775584e-11
8.405551936063805e-24
0.008135506948255378
0.008135506948255378
5.187538558002047e-07
4.062363886054074e-05
1.360112110173965e-14
2.787260399396867e-06
1.0429346969914371e-05
2.6052164639620663e-05
1.2290631414874592e-16
3.657912933571603e-18
2.7271933956012767e-06
1.261692820687302e-20
0.00021757245143128132
1.1823061575617548e-41
2.966737685556086e-05
0.0018260953540114033
1.734599407038607e-22
0.00038659019889767873
3.261875408619505e-05
0.0010799108802848046
1.4798333022666444e-24
2.1642796995766998e-05
7.456360284395162e-22
9.374967693986725e-14
2.602515173763534e-05
2.819295176794661e-07
3.6713133872253e-08
5.587731911693582e-05
6.889073156225234e-08
1.1111815704087487e-18
5.53898134366811e-05
9.647024078032714e-07
2.057997733974623e-05
4.628925258486777e-06
9.348118643155426e-06
0.000926832131313643
1.007057527391827e-06
0.00025181353568927596
0.0009610728106057194
5.802634919375051e-26
1.7393254953990436e-07
1.8792480827856556e-27
2.8613630238342232e-05
0.00042770787463407983
1.4587502731385078e-05
5.470449131265978e-19
4.4910792340291036e-05
0.21397505237821948
1.315062219201068e-17
1.0626226818335692e-14
2.50048252019629e-06
0.00039144259848405277
3.962879096357823e-20
4.7081590189396234e-05
8.99210356759203e-05
0.0003606409557402432
1.768210679861243e-06
3.661495807060305e-19
0.00035155783093221557
6.085694970212589e-26
0.01056680126477006
0.0018478693895185307
5.249540236230085e-07
1.5450021269322546e-25
0.00019065948459129345
9.319628314794394e-28
3.9951147196382535e-06
0.0004719732862300271
0.00030707991109595295
2.2436438073376896e-08
7.429656372339506e-36
2.439050549596643e-19
2.9876538580667606e-05
0.0008653886130218887
1.9174575650428704e-18
2.860064899416622e-26
0.0006609683037355216
3.8279970280508946e-21
0.0010799108802848046
3.894796397788182e-06
2.1087835524779622e-17
1.1025973597391475e-06
1.8175568176490856e-23
6.153112887433229e-15
0.01056680126477006
5.041940009469262e-07
0.0008576495466740483
7.561695623748952e-16
3.3078068728718127e-06
1.907157523462255e-23
1.3888505800336e-05
4.9126869307614734e-05
1.06291310552452e-05
0.01056680126477006
3.0952502666754275e-06
0.0012445922873618454
7.769722657779429e-06
4.40416426179778e-05
1.0068731490434343e-13
0.01056680126477006
5.055899614964891e-07
0.02489537529431657
6.478756280293952e-05
3.936080994032284e-26
7.204763894306175e-07
4.762513033502101e-30
8.671196728315467e-06
0.004450126196210279
0.00016300933366586445
0.000371932580868022
0.00020214571597944436
3.5870179806252705e-11
1.563274952763138e-05
3.3078068728718127e-06
0.00028413982801486407
0.00039561491885500854
6.478889802769006e-05
5.623957489464658e-16
4.644469190997999e-05
3.3078068728718127e-06
3.857429378351374e-29
3.8326105259026323e-07
7.517572918939751e-15
1.386212887071221e-25
3.3616864655682764e-06
2.332245372482928e-15
0.00015612159421159698
3.3078068728718127e-06
1.35756578622183e-07
4.066287306383739e-14
1.0479518160577398e-29
9.695341375769521e-08
3.3078068728718127e-06
0.0004942703097696351
1.4908483715583298e-05
1.1994610459206174e-06
3.828900633034382e-20
0.0006735023637540765
2.0084196158634876e-15
3.374209815583474e-16
1.692422763191059e-05
6.799614859213402e-18
0.00017636755624005768
0.000154196108872952
3.885988710905161e-05
1.1182760600075405e-24
0.000414507738634353
3.475712367831709e-08
4.189226080898572e-06
2.252404784227896e-07
0.023122705998464044
1.2057472103934395e-08
5.5731540177853626e-27
8.804839670187796e-18
3.3078068728718127e-06
1.8161769574645239e-16
1.1210096988164378e-21
2.230785931478004e-36
3.3078068728718127e-06
0.00026608547365166574
1.6634354574761697e-11
3.3078068728718127e-06
1.665355121244947e-05
4.430694212786066e-05
2.6687257572615114e-06
6.080700883101418e-07
3.3078068728718127e-06
3.3078068728718127e-06
3.3078068728718127e-06
7.221673218924399e-09
6.889073156225234e-08
1.3920937003991284e-22
1.9007485176559027e-06
4.578647043655372e-09
0.008466766342138499
6.795805276898644e-10
2.9959877758893467e-07
0.00016347882383684065
4.4054148839685264e-16
1.3121346323728074e-28
0.0006024274005403391
1.1085150338698331e-10
2.3282630395977076e-06
1.5566438757688372e-09
0.00016835834405845573
7.158303429609333e-06
8.19408813425349e-15
6.3152670715517674e-06
3.3078068728718127e-06
1.5201407146871236e-09
1.1582710591355013e-06
1.1198290918985734e-08
1.0124951070415798e-13
0.00018698344505215325
3.423971732670469e-08
8.320317021921165e-05
3.090431746358055e-26
1.8677836579543128e-15
3.3078068728718127e-06
1.2240573581622682e-21
7.529710328344163e-08
0.01056680126477006
2.6003853686574476e-05
7.35881462203547e-05
6.789625520286461e-15
1.460930674640939e-15
0.0010799108802848046
2.8952707263612968e-05
1.8228633741596785e-19
0.00025044504164192793
6.889073156225234e-08
2.9706148893434783e-06
0.00041416476541305055
3.1089996335647243e-15
1.6014736402622325e-09
1.2380309459071428e-06
6.889073156225234e-08
3.3078068728718127e-06
0.0003393313895920236
1.8928144947280502e-05
4.29684660355601e-05
1.896855827868045e-24
1.4700608157388514e-20
5.144592820378041e-10
8.45740086036466e-15
0.0002399256783434528
1.2277733770443304e-18
2.918229187432549e-17
4.900888761766202e-19
7.383120429499636e-05
0.00019799657480525055
5.012893130449444e-05
1.1848091738890312e-19
2.0393299266252733e-22
0.00012139430880548452
0.0010799108802848046
3.3078068728718127e-06
1.8826671134362646e-07
8.78102224025235e-27
1.6331683026788993e-06
0.0013792890468203771
4.33006980361415e-05
5.92211239361575e-18
0.00037671197642471534
2.3108807981991446e-05
4.1722039250744795e-09
1.097879820509286e-17
0.00025273920243075454
3.688335460575538e-17
1.5559389730429033e-16
6.713474404587571e-07
6.096059134286069e-15
6.889073156225234e-08
1.5703564859531084e-06
0.0006806331281183122
6.889073156225234e-08
8.711529029103282e-06
1.9341406492295284e-15
8.64002060749315e-10
1.4033242304038112e-17
4.912054690942085e-30
0.00012271175647767587
0.00014740956953978538
0.006269336207480547
1.1003340905178839e-13
9.710037763770944e-05
0.01056680126477006
1.1582710591355013e-06
3.488558082120834e-17
3.765005779330322e-22
1.2171911362374266e-21
0.0009879456275219134
0.01056680126477006
5.766853829896154e-07
2.58744008018893e-26
1.3060715398215477e-06
3.253873778461729e-05
7.349769212949701e-10
4.983892642714243e-05
9.12778614219615e-41
0.0005741254690928392
3.0087387166127964e-18
2.034966481019625e-17
0.0003247070932869446
6.03336352540814e-15
0.004578961092129186
5.144021445963919e-07
1.9394155230656233e-17
8.651473910865257e-06
3.0497022331969617e-05
0.015891116691443163
1.3894329481494683e-10
0.0002432657319727524
0.009689055402531678
1.6991551357757183e-29
6.932688235953322e-27
0.20231903702452314
4.285921747186576e-21
6.889073156225234e-08
2.6490753513378165e-09
5.0334486749044145e-06
1.2698912029631709e-06
5.883708901860384e-17
1.96339556356737e-05
3.4377427799452074e-26
0.01141836690895334
8.809957722250452e-19
4.941755584265767e-12
1.6627057088131492e-05
1.716878158809639e-24
3.424537273306894e-19
1.6118180248119624e-22
3.492167627384187e-05
7.900017836122731e-06
1.1492589650320452e-24
0.00034234831093214735
4.011549693327783e-07
2.1515536793956683e-22
6.213230232297123e-24
4.1762424626214776e-08
5.804195574511915e-07
0.0004039171178118158
1.4177258333815688e-18
7.32816705994638e-06
1.8293447670477934e-22
0.00014151683076028042
0.00018589041158918425
7.593211917713563e-32
0.0033524400248385045
0.01056680126477006
2.2723073234020274e-05
1.6682466084378344e-18
5.6507141343002696e-06
2.110392748149378e-05
0.00011436562064616606
2.846340158499862e-18
9.236570566901331e-05
0.00020600570182291965
6.889073156225234e-08
1.2625698303184509e-21
4.473456932391243e-30
8.659842160640608e-16
1.9479258331284566e-20
8.652018703865842e-24
2.0240513804263183e-26
4.144170998117135e-14
0.00017847212103476624
0.00010994043666796129
2.7366750494527023e-19
1.992210844512011e-18
0.00020164314151705564
5.123514146409067e-05
3.0271148085574254e-28
1.2489840514238906e-05
0.01056680126477006
8.997602872106022e-18
2.500524192637677e-07
5.160496817294997e-06
1.3648226997081743e-11
4.213423899005641e-06
1.4070752456584157e-26
1.1350956013013033e-08
2.892486345064742e-16
0.0011141171531380972
1.035718699563177e-05
3.149819785589145e-20
1.1710427137981796e-06
2.0669234383414656e-05
1.9324692326349707e-07
0.0002575301900437313
1.679416196398474e-26
0.031450820395766105
2.2130109124730256e-06
5.388551178947895e-11
3.6956791542736366e-06
1.4617252471766008e-06
0.0003511170582955047
1.8495157794787227e-06
3.3775317785189772e-06
0.00019809148635280271
9.108199813509174e-05
2.672594418690438e-11
6.889073156225234e-08
0.00020214571597944436
5.221078233239638e-07
3.74686543886637e-15
0.0012406226546212865
1.4835337049906816e-22
6.204406526935813e-22
0.006948361177142814
8.040880964484045e-23
0.0048110140781765405
1.1403489495517298e-19
8.283083114955344e-16
0.015700018437168624
7.13159729350442e-05
0.01056680126477006
0.007146971690399495
0.00024042406660272636
1.219772221604399e-25
1.2198499463682597e-26
1.0075913748079407e-21
6.081336633811775e-06
0.00013875574565434638
0.019999913595125873
5.475183796702133e-06
0.00020214571597944436
4.110848135724801e-05
0.08684240894995643
6.071425312790137e-05
4.782779702637318e-29
6.889073156225234e-08
8.652104438552391e-08
4.973258029846404e-22
9.711636187896208e-05
3.3078068728718127e-06
2.7639358660100193e-05
7.667862199371327e-19
1.1458683062228543e-06
5.675155253418482e-20
2.278954126693196e-15
5.218609350269191e-14
1.2593020373517557e-06
2.7621603121006394e-06
1.1681509584107264e-11
0.00024926636287993736
2.581600517920318e-06
0.00013886233415681595
1.2718254518544464e-05
3.451535657406253e-26
0.00010293633433027281
0.0049116949766138856
1.515994980755925e-24
1.3721155288041954e-15
6.751229120991559e-21
0.01056680126477006
1.7506021779549018e-16
1.770708307006183e-19
2.1341147632918888e-11
0.00024842530496570897
1.060720603652905e-18
1.9134625273824993e-20
8.230882080032537e-18
4.578014911667779e-27
4.742143327326268e-25
4.776532072615833e-16
1.2385317098835313e-17
0.002680702864843177
1.786182700927143e-26
0.00020214571597944436
4.9116749111485044e-05
8.22177978971686e-06
1.1939593766901543e-05
1.2492126793621904e-05
0.01056680126477006
6.338033907385485e-17
1.4096630599439549e-06
1.1134102985106415e-05
7.746469369689178e-06
2.319829012329444e-23
3.3836516639366975e-05
0.0003947628201433135
0.00018698344505215325
9.11319536358573e-19
1.1770387823081028e-19
5.998313587765265e-13
0.01056680126477006
4.252657304332033e-15
7.319789703623684e-08
6.551452213814455e-18
1.4842679174775904e-05
3.4921788149389136e-05
4.180786192833914e-16
2.655643803594692e-05
1.6030079837279514e-18
0.00011691839477766947
6.889073156225234e-08
0.0002793873527861066
1.1193951137873014e-22
3.3416264231169925e-07
0.01056680126477006
3.833463995393734e-16
2.7658391290891634e-09
4.9292188412371284e-20
5.491841799953305e-20
0.002726765057038308
2.1099974404084726e-07
6.889073156225234e-08
6.889073156225234e-08
0.00025211783735457993
3.3078068728718127e-06
1.6808633041665562e-18
5.191421677696821e-16
1.687330663156963e-17
1.603684613428575e-16
5.665513074783833e-07
0.0005079706938101939
1.1165590413513218e-21
6.453589145821623e-07
8.75385733839634e-17
5.5102227805608644e-15
7.23057217403285e-29
0.0003953141416117895
3.3626931289989047e-20
2.0583948085949528e-17
4.78331062338951e-12
3.093233354740033e-06
5.697067483767142e-05
4.69867249872154e-13
6.896004820322122e-13
3.0490095610599634e-22
3.3882015594859224e-05
5.200624366990605e-16
3.1004425366862275e-13
3.3078068728718127e-06
1.2254696931710906e-05
6.565687309672825e-23
9.225139139741827e-05
0.00044498635681614745
1.1034710751222788e-07
6.889073156225234e-08
0.0002484696194403128
3.3078068728718127e-06
2.4462908971580276e-05
1.366199230624003e-09
0.00019337216566954075
3.398614065624158e-05
2.9114909137205454e-21
2.054506372369401e-24
9.95206019179014e-07
1.1994610459206174e-06
4.189209697977739e-15
0.01056680126477006
1.5528136128567858e-08
0.0001701909169639648
1.3120634662968035e-25
0.00036672671774592297
3.485298476892069e-18
1.3532188847232913e-13
1.181172171699701e-25
0.00013889154610520482
0.00020214571597944436
1.2487571068294948e-07
0.00020214571597944436
0.0002945246427912187
0.0039436714673361795
4.6356477898961225e-06
1.4334930619122447e-09
4.2442662099163576e-21
0.000520304609737942
2.879759037473258e-07
0.001999098737972743
3.300615020440157e-05
4.343380699106142e-05
8.318685741824464e-16
8.950161487932899e-11
5.043692959108213e-27
6.907976997324969e-07
0.0002956512706618402
3.3078068728718127e-06
8.458865568181047e-06
1.3679481519065515e-05
1.1360636155919595e-23
0.01056680126477006
4.482432362900853e-08
1.8852610389366732e-17
0.00011121950130029215
7.966033682966298e-15
6.889073156225234e-08
4.630694011830592e-06
4.520863851465474e-29
7.354113647916292e-05
3.697478358408964e-07
6.889073156225234e-08
1.5519164038955789e-07
1.0392972125883814e-22
3.454928235017157e-15
6.665605735300476e-25
0.01056680126477006
3.923968621976498e-10
4.5908742035236655e-06
1.283351305913295e-09
6.205301372460092e-19
9.318800361101352e-05
6.889073156225234e-08
5.436260043469542e-20
2.7139034066504696e-17
2.6652767477028905e-20
4.397449052659473e-26
1.3479727517490064e-30
2.0142775447155755e-05
3.6036410171113685e-06
1.4289210781256247e-08
7.786767824448622e-25
1.5123970380624206e-15
2.817416739758713e-05
1.698992932111651e-07
0.0004675488816723687
7.919040870119076e-26
1.826883986535986e-25
0.002193017478214785
9.783849954690673e-25
0.07785681610983228
5.203223053880662e-16
3.3078068728718127e-06
1.6253859273261985e-23
0.0023697308568715048
0.009325515537860688
6.0361155094664745e-06
1.3304547446289232e-20
2.380694424272493e-18
6.92006956722407e-08
1.6845425481753752e-07
1.0107227522845021e-21
0.028383692918273695
3.738655254595926e-23
1.314720857675403e-16
9.18216716032015e-20
0.00017490582687447302
3.0326952642318385e-18
2.5269254387252627e-28
3.698596837847747e-19
2.494088021455588e-24
9.997537966893863e-26
3.2358298604814008e-15
2.18311498286521e-07
0.00013364894209889813
3.1094312463387653e-07
7.391423406064198e-22
3.608137720384455e-16
0.0014539329669329137
8.711529029103282e-06
4.747510550349785e-25
1.3598515986439088e-05
4.3870424121494325e-06
3.199210503783208e-28
7.118877507998704e-19
1.2132135635531848e-06
1.2899544852090785e-07
1.2402268466316934e-05
0.0001111171566881544
9.583691993276936e-06
3.636396063303026e-05
1.8469146071591626e-09
6.048710728993304e-10
1.0263387774332764e-15
5.1647102797215336e-05
0.0004985645305070549
0.01056680126477006
3.8124303445527043e-06
1.7235249003276245e-17
6.887122203610886e-34
6.431848751263401e-16
0.19170751404085642
4.13377658102099e-12
0.00020214571597944436
1.7982931412783785e-20
0.601705985993874
3.410109091042295e-22
5.0370526794691855e-06
4.0922621766043173e-10
0.014364524419163813
2.558181514805882e-16
7.74584396440719e-20
1.9869997544968666e-18
1.015583518463289e-06
3.6517326854833873e-29
1.4621125643469756e-07
1.049635142081056e-16
3.326432196741707e-08
1.9436559784259318e-08
6.307491360830615e-06
1.0452200656523826e-05
8.637125373650925e-25
3.386349336450319e-05
6.287777075750551e-05
3.89855311114528e-10
6.208174887712576e-07
1.131781375397027e-05
3.3078068728718127e-06
1.5435586958404328e-14
0.00014728450020102483
0.0002951811072918136
4.573028586346843e-05
2.421683788623977e-05
7.090974434439436e-05
1.284883862012007e-08
1.5448087299168901e-06
2.3652403767677047e-07
0.01056680126477006
2.2349377576430336e-06
6.889073156225234e-08
1.0004592114721984e-06
3.919760085253035e-26
6.889073156225234e-08
2.5747054766373646e-07
1.1618787251251676e-21
0.0003306059617367695
0.00019375627037201013
9.304389522900988e-20
1.2651378897999045e-05
2.7187183123881265e-19
1.2268353379734473e-16
9.412979940436321e-06
0.0003196118552584272
1.336354386520477e-07
6.313392976704654e-05
1.4816376191070356e-14
6.889073156225234e-08
2.5819383135825115e-06
2.7154862783796333e-05
1.4360430016286488e-05
2.7680751783783366e-11
4.498947962669344e-21
0.0028463282298938864
1.2045963807965715e-06
7.158667034949521e-06
5.554797688754146e-07
1.3344897348308615e-06
1.4512659871793037e-18
1.5964412069291966e-05
0.002856645312737105
9.307841037691641e-09
3.3078068728718127e-06
9.176335202196919e-16
6.889073156225234e-08
4.2844064138460456e-21
0.4540898076170099
0.004450126196210279
5.659707306088637e-20
4.3414972799006646e-18
8.661915068871869e-14
2.3470901755585764e-07
1.5081495579057438e-05
7.561695623748952e-16
1.3315097918938638e-24
6.164445703476228e-07
1.5934657821699557e-21
1.77902156365261e-23
0.00032631213643059646
7.4180328382807125e-06
6.509812387085151e-15
3.437225828613308e-06
4.3915196327353705e-07
0.00011703099057448254
1.8031946664547888e-19
4.9926515228607385e-24
7.284798350895919e-06
5.937460038597427e-07
0.0014316303105099473
3.3078068728718127e-06
9.390677879644581e-29
3.235293300622965e-07
1.538608498029586e-05
2.3700761634559886e-33
2.58744008018893e-26
2.58744008018893e-26
1.2936586403644093e-06
5.20174132900398e-06
1.5336026353444728e-16
1.1625840118993406e-32
1.7961526753121875e-25
1.1468140926757364e-18
1.982297342949566e-08
1.9964775426414353e-26
0.00015559925064960266
8.960284435334813e-26
1.0242516989841113e-19
6.76114756697898e-22
2.561212612769351e-24
0.0010799108802848046
1.872665232473206e-16
3.3078068728718127e-06
5.126087594441093e-17
7.745577607046465e-13
0.01056680126477006
6.889073156225234e-08
0.0003956210919641989
3.718263707764784e-18
1.5192118394883923e-06
6.6112360903905e-09
1.9172562454320325e-10
1.0357078689382927e-07
1.6896272714775402e-12
8.284690240717603e-05
7.399825019241035e-18
2.3226692423122657e-20
1.4335996649399488e-05
9.899228286927317e-23
6.250948463538929e-26
0.00022497635770567546
0.00010184533248318393
2.7778967411512298e-05
1.4677199856838371e-05
0.00023147525410570878
0.00013893722287027996
0.0002956512706618402
2.2327223310918705e-09
8.088237584715708e-08
1.8278149473972204e-15
0.01056680126477006
3.3550137629713913e-07
1.3880966783206755e-19
1.0703750649697133e-06
3.3078068728718127e-06
3.4245663922959934e-07
9.552166274693583e-17
3.3352361151685044e-23
2.8174519908525623e-05
4.347864099983371e-17
1.3793337736737388e-16
0.01056680126477006
1.2499903441346265e-05
7.035030124971939e-20
1.6148854773309916e-10
4.0522623836052655e-19
0.00025461935596898664
1.1098737126613881e-23
0.01056680126477006
6.889073156225234e-08
3.69581657109382e-06
7.590084673658174e-17
6.74072508881949e-05
3.0414996533613357e-06
7.441593378371646e-23
0.0003476179203811963
7.534952431676202e-24
2.528015342734825e-05
3.252504002843502e-17
0.004450126196210279
1.5252357384016052e-05
9.036288674442623e-05
1.068418143008746e-05
5.091783666926154e-24
5.094950585368134e-07
7.22378900586739e-08
1.5335155023514592e-05
0.00020214571597944436
2.172484060679861e-06
0.000371689759680615
4.654600685531174e-06
0.0005456913236386168
1.6385362792050775e-26
1.414270315865297e-06
4.0679215493183664e-30
1.8000674715842968e-39
0.010591551757455322
1.630053127570258e-16
1.5023398091946017e-15
7.015288887772254e-05
0.004863770087082386
3.3078068728718127e-06
2.831536241185323e-11
2.3837311781300933e-14
2.5469398112782993e-29
0.009358681600493263
0.00010589198508949352
0.00020214571597944436
3.118547807456596e-05
2.0205540304632413e-15
1.8864692873506997e-05
3.183503027313753e-07
1.380115853117e-24
6.677173748464701e-07
8.257179583755163e-06
2.0036866407244315e-19
1.5802407352342087e-09
1.9254527025106233e-15
1.3380789296639525e-19
0.00017601798387550564
3.773161412841424e-25
9.386341612249155e-05
3.364941491347202e-25
1.0285644263634567e-20
0.0001234915038506172
1.7378438885721475e-24
7.220977747183189e-22
1.6056002986136874e-15
0.00016031200478912097
0.00020214571597944436
1.0167043353912678e-10
0.00047075848370187103
5.594943279990239e-08
2.0186638938340324e-08
7.328105213300796e-24
0.00016947070269365423
1.858971230890924e-15
3.5883944655610343e-11
6.889073156225234e-08
7.561695623748952e-16
4.882013068694784e-09
0.000767235308588847
8.948253720321517e-05
0.01056680126477006
3.927192273702393e-27
3.3078068728718127e-06
1.7680104894275294e-06
8.018747271243399e-14
3.947747829378478e-26
2.7598523120321337e-06
6.720827078123687e-05
1.5775657861081783e-19
3.655598564118107e-06
1.4900686070539205e-13
1.2292406741940806e-12
6.913412260584486e-27
2.4025642073034106e-20
0.008135506948255378
2.2679524196798776e-07
4.744952375516382e-06
1.2837315876460854e-11
1.0202757368265757e-05
6.650383803129962e-05
5.8360141055412536e-06
3.3078068728718127e-06
2.730046137024981e-29
0.01056680126477006
0.021790020251436604
0.00026834257872293196
5.887269876995421e-05
1.3023811097761804e-07
4.5615379484907566e-09
4.5472050202991204e-30
0.0003211554133533539
5.550403149934643e-06
3.818809730789042e-06
0.001321252418902151
8.2738473151309e-12
2.834157492349337e-07
3.3078068728718127e-06
0.01056680126477006
2.5670879399830072e-05
1.115991446882451e-05
1.9559665135322725e-18
1.8900914882867342e-05
1.7386262189482606e-26
1.2955504661546881e-06
3.5047706892192397e-14
6.003177813551333e-09
0.018742198725981936
5.512903595201744e-09
1.8534443289219905e-06
2.8023068891064082e-06
4.841024303591345e-08
1.464531711472802e-06
5.064327009628209e-18
3.1569241375509134e-12
0.0006585114099157512
7.382039591098063e-06
0.007460688001232896
5.176173525534865e-21
4.632737552271603e-06
5.496475366179535e-06
0.00027872282002440636
0.000573779172748793
1.6049899748131451e-21
1.2682393460824282e-20
2.6305691752357022e-05
1.0682345013067119e-21
2.7082282786438993e-18
0.0004008016220239975
1.0484799613369786e-08
2.2150350518840465e-30
4.47501540048183e-06
0.00011381297956087992
1.0528598671947162e-17
5.758676283570832e-19
5.306984115488263e-15
7.500598900078682e-20
0.0007527827257586733
2.729862752816359e-15
0.01056680126477006
0.0004791511525748709
2.5833283018202036e-05
6.614526094988958e-07
2.827593298960696e-17
8.261424535559423e-05
1.0669766971125886e-05
1.3730552176062031e-05
1.4227345279600663e-05
0.01056680126477006
4.119310008028499e-06
3.1244023144434e-05
9.670390156307768e-06
1.0361918293659486e-26
9.986663177544569e-07
0.0002806251199116811
0.5166095983678403
8.199900374320296e-06
3.4574148812643478e-06
0.0010799108802848046
7.828360375429861e-13
1.0466284281574803e-05
2.3675523608664347e-15
1.3479227156871849e-34
1.0680683698876733e-27
3.3080221451177085e-11
9.380856120590461e-06
2.638943931135805e-05
1.6149233470015972e-19
6.889073156225234e-08
1.4321259766465105e-07
0.0014113421058976894
7.826370847058489e-19
4.977685260942277e-08
2.7537281283189326e-24
8.155360304165604e-07
1.4040650720294502e-06
0.01056680126477006
3.3078068728718127e-06
7.663408492891206e-05
1.0392035662436406e-20
4.81719839174116e-05
5.961137122398319e-05
0.0004801865007717341
0.00034304776959400416
3.789340852826497e-25
1.156949408264737e-16
9.766513609210177e-15
4.160929566695646e-08
2.5755958841947506e-10
8.875057278677076e-07
9.529811402147801e-07
0.00012089588053381553
1.3974697401972686e-20
4.829680997133612e-06
3.3078068728718127e-06
1.665355121244947e-05
0.0003866595630090945
4.048709012953764e-06
5.375635961372125e-07
1.7075419006539272e-18
3.3078068728718127e-06
1.3904283048433743e-21
5.916581600090106e-18
1.2877976208129067e-06
0.0030425705402569257
3.248018807885619e-05
5.307044624567985e-08
3.706392232851694e-13
1.0900485013700572e-26
2.5624530317242663e-13
9.02354090395151e-09
0.00020214571597944436
3.0787621484956456e-05
0.0007404944074917985
1.0753191809903943e-19
3.893251322573039e-06
2.4242573475879966e-14
0.0004906926112601753
2.3309607981946475e-05
0.009710753224713375
2.256300440059963e-28
3.3078068728718127e-06
2.0419623275313272e-21
1.1949932487454142e-29
1.2343687596923386e-05
3.3078068728718127e-06
4.56736163721407e-08
0.00012170285117862995
7.099276519485851e-06
3.95719836549235e-06
2.1166189043092177e-18
3.4317765412709266e-22
3.3078068728718127e-06
1.2439010738429538e-15
0.0002265570886583438
0.004450126196210279
7.5016137882838364e-06
1.697066084892951e-05
0.00013862218803254063
1.8971222392978867e-21
1.8241596837151652e-06
4.398564615687834e-17
0.0004553432605470871
0.01056680126477006
1.030844524577619e-07
3.3078068728718127e-06
3.917675491342748e-06
2.294364076906033e-38
0.0011372237493887428
5.087709963564513e-21
2.7351461483511492e-17
3.385083978555675e-22
4.2487329572789562e-19
2.8787941538467248e-06
0.5234190665442762
1.4490829564101217e-05
1.29829427908603e-07
3.1236253365758844e-25
3.3078068728718127e-06
6.584311011585423e-06
0.0011372237493887428
0.0001079516062460474
3.62461654033078e-23
4.951447628598583e-18
4.990855873114858e-05
0.0001287448108410194
6.889073156225234e-08
3.444582979816754e-07
7.180079812351919e-17
2.749420095577969e-33
2.1967769105919917e-05
3.293002065591343e-05
2.694401274222048e-13
3.9981468720022834e-27
4.495572751817938e-05
1.193950272206426e-12
2.9598724943477475e-06
0.00043130103529971073
7.385563666690971e-07
0.0002851616167697589
2.0135802313081068e-11
1.0774578676379946e-15
4.355908891472409e-16
1.48435108845554e-06
2.80083758365704e-19
7.695614608738898e-08
1.6990262792944298e-06
6.319164719295785e-05
3.358085491238795e-07
1.6428101159255962e-05
3.499051958755601e-06
1.1312180889770685e-18
8.556038570943309e-40
6.803180648891492e-08
3.8186482737242223e-16
3.1792954005792914e-13
2.6067862255149493e-05
1.4542449578730688e-17
0.01056680126477006
1.044460093334782e-14
2.466293192957868e-06
9.345390681852967e-06
1.392988313970266e-23
2.5209782417293787e-25
4.3702143318601203e-23
0.0002449137913501763
5.5906990678248564e-30
0.00033320888199069786
8.43829767496302e-06
3.3078068728718127e-06
1.3131329603841899e-05
3.7900735408204036e-19
4.3472153808963464e-30
3.4500813372279004e-07
0.00020214571597944436
0.00020214571597944436
7.118097331513028e-21
5.586700185501313e-05
4.4846307821260964e-05
3.1894282500040054e-16
9.166698478737643e-23
1.5429738524476445e-06
0.00020214571597944436
3.2458136697872314e-29
4.563534011547857e-44
5.774351604186448e-05
0.008150887969806953
2.221885834368821e-18
6.889073156225234e-08
0.0003708353614703627
0.000119858579435236
1.9674472074811985e-13
0.01056680126477006
5.384458560967315e-15
3.0960324209664308e-27
0.00011785946516276289
0.00038005743968354266
3.985838091580669e-10
9.180931968246657e-07
3.459828048668559e-16
0.019999913595125873
5.673011350286236e-20
0.0003377310102578116
1.4031942361802554e-06
3.4249247734881044e-06
0.00020214571597944436
9.920336324720312e-18
4.6966702431519916e-05
1.9991430208990335e-17
6.0999118460646637e-05
1.1637995291176982e-18
4.7094590591024854e-18
5.0998277332778903e-17
7.965883654603885e-05
1.5251250582480916e-06
2.58744008018893e-26
3.3078068728718127e-06
1.0130742653309345e-25
6.024538448954773e-12
8.01177462307415e-05
1.178891196619412e-07
1.7175908233423694e-05
1.252616794554784e-17
3.3078068728718127e-06
1.0154859299939034e-23
4.612989283856849e-05
1.4865357104883553e-08
4.837813085392965e-10
1.954494533211332e-07
4.913481654612129e-17
0.00012946669772816275
1.6807757368980283e-06
9.885799316468681e-18
1.0102349677454411e-14
1.7507964417312883e-08
8.134743324316942e-14
8.067538541886335e-07
3.121804251833117e-21
2.7302717985893274e-07
2.5305095240664982e-14
6.889073156225234e-08
1.4565271127490636e-27
0.01056680126477006
0.0008630903475426166
0.01016858407566823
1.551773338978177e-05
2.786469190342016e-25
3.300313154652893e-18
1.638539005605958e-05
6.889073156225234e-08
1.718972467995834e-05
3.0787621484956456e-05
5.290475468071061e-28
4.20833629543992e-06
5.387171972109139e-17
5.66321023148742e-14
1.0784203309360347e-29
7.493767019775942e-07
1.0815542831737292e-16
0.16050548274064624
2.2252340736500968e-20
2.0094241607424114e-07
8.695497912040176e-05
5.3411055166816164e-05
8.43520969413862e-08
6.754960584963443e-05
2.6877927983917446e-17
1.5783295411967005e-05
0.0002714282592817391
6.889073156225234e-08
2.3505487732587237e-13
0.00028286423504198037
5.4543391082812416e-08
1.2828221600306503e-05
3.516573381127533e-18
7.458308673604796e-07
1.3750099540963015e-19
5.9659804369074636e-06
2.9112247066103824e-12
8.246419590175767e-26
8.127367559683928e-63
2.2605544321394803e-13
6.862200259779755e-06
6.202795453589283e-15
1.845835961529955e-21
3.186605985678908e-21
3.779482296117073e-06
1.7024789009651344e-05
7.156734588418387e-15
0.01445616535129455
0.0002054904423734086
9.556014688471683e-06
0.0002781705301407869
0.00023422445997336658
1.1269554912271667e-18
2.1938250619523148e-19
9.833847042413176e-24
2.7786474167046366e-07
4.4133418179679134e-26
0.0005748017647496132
7.393287117007963e-13
0.0001443808466859744
2.0624985677137495e-06
0.0014683830092603323
1.1900874151612557e-07
7.702731699803688e-16
8.351910291496305e-06
3.074693674954698e-14
1.528623492602416e-11
6.5065231092937334e-12
4.989567602816001e-05
4.606982055448739e-06
1.5951340237006334e-40
2.10782098368794e-18
3.3758539774688115e-08
1.4858130892967878e-19
4.6966702431519916e-05
1.6428101159255962e-05
1.2700967563146383e-15
1.158281463124912e-06
1.1662039577728043e-07
6.250190048913456e-14
1.968770695536374e-06
8.791042160502987e-32
0.00026364762303362176
3.3078068728718127e-06
0.00023481196435989912
1.8291483297594793e-05
4.349276084690914e-24
0.0010799108802848046
3.1797058255938233e-09
1.164753109400313e-16
0.00035336119059254837
0.0011372237493887428
3.3078068728718127e-06
7.448883998750376e-10
2.9060980176627206e-18
1.3744406895130963e-31
0.00012361784313200537
6.5799163681421856e-21
8.195866367981813e-06
9.716146880452289e-11
2.703139225685585e-08
1.6135674045613277e-31
7.454890350326141e-06
8.900034115471857e-15
1.5593028699054892e-17
0.0006769116218832034
5.863282337912813e-07
0.01056680126477006
2.0630274329789876e-05
2.0361350334029423e-07
2.263280414374676e-07
3.4306513351239874e-14
1.7824657386925258e-05
1.885384522856566e-22
0.0008495380271697807
3.3078068728718127e-06
0.055536507001086255
9.852868557388189e-05
2.044111102869888e-19
1.3185100545703727e-06
2.694401274222048e-13
0.00014207783249517002
0.01056680126477006
7.560312989762438e-05
5.135148287268172e-19
1.346698841297103e-08
2.239833089282035e-20
3.882280351893489e-24
4.5505682067061195e-12
8.813851977797679e-05
2.412520678235316e-08
1.3623088964164495e-15
6.133252062415402e-21
1.7049929164997324e-06
0.00017825178247293794
7.995621105064736e-06
0.00030715241594667634
7.070148985025186e-09
6.889073156225234e-08
6.9314510384275226e-15
8.711529029103282e-06
0.0054668597746864835
0.00021883299853018618
0.004450126196210279
3.379819248281536e-20
3.3078068728718127e-06
1.1250715063964422e-23
6.1781127060252344e-15
2.6307328203021144e-05
3.2660498951121693e-05
1.013549024237774e-05
2.3899224744815643e-05
3.3078068728718127e-06
1.4060937741894606e-06
3.3078068728718127e-06
5.621043665386842e-22
6.634646941623859e-27
6.889073156225234e-08
0.011380009861768531
3.0526852277954905e-20
8.415738901968306e-20
3.3078068728718127e-06
7.479302618041642e-05
9.327008221839939e-18
8.30075937651768e-21
6.521509890617221e-16
6.621374526644423e-06
1.4427912300182523e-05
9.85910344202002e-06
6.866746366427674e-06
0.00020214571597944436
1.721355691817026e-05
4.3028905335298994e-14
5.7044333786916585e-08
0.016209380813772545
3.715255585404907e-06
2.3436369982264545e-14
2.8977077232822785e-18
1.6146601387696725e-22
9.890150633295518e-08
1.5196066840709302e-22
5.743824488755596e-32
2.7872788903077282e-14
3.6205423853347806e-19
0.00025360846229823415
5.447234027978574e-26
0.0005233922962921352
6.965370728555567e-08
0.00032161659949576276
3.0984016122343352e-06
3.615223541702304e-17
4.373830049879186e-13
1.6947903374096245e-19
9.169892699507996e-05
5.0927306377968225e-05
1.037666266244354e-25
6.705086201861046e-14
0.00011193744454217856
0.0003364510504924474
9.394556237913914e-05
1.7446918463698431e-13
0.01056680126477006
4.863937190459095e-05
9.588349584059331e-06
3.3078068728718127e-06
3.826413252871359e-26
1.2820657404007292e-05
1.7802084494043448e-17
3.6006024219923115e-31
6.889073156225234e-08
1.5577057297097603e-07
2.647309139756594e-05
7.857997148683715e-07
3.7080766755268895e-25
0.00020447270837873816
3.3189112476963985e-07
3.3078068728718127e-06
9.642212791316391e-05
3.4976354187302775e-17
9.092844488602618e-20
0.0003711598675639252
2.9858111800471753e-06
8.278919903861276e-21
4.485741576389107e-05
2.490234974539502e-19
3.542420300071453e-05
1.898131146362461e-05
5.959916804323213e-06
0.0009003350555811577
1.651715630016444e-25
2.4287350167081637e-07
0.00042918862707524985
9.612227742014826e-09
6.083648036352994e-05
1.2958085151593773e-06
4.2884703313485587e-19
3.342780639365038e-20
3.3078068728718127e-06
3.1729737862765536e-06
1.056751200089652e-06
6.889073156225234e-08
3.412796617656337e-19
3.318740028651005e-13
8.848348125600734e-08
4.007293436274652e-06
6.114658262356358e-13
1.6078019242305745e-15
9.192002332053581e-19
2.9322504652238493e-06
6.889073156225234e-08
0.00017399358064916493
6.889073156225234e-08
1.3181827672629158e-19
0.00014055023206354888
7.154829749338586e-25
1.3182641072407898e-07
6.626380041593772e-16
9.501838157104632e-26
4.4225509514822485e-18
6.794302679766109e-17
1.39381535480644e-07
6.889073156225234e-08
1.2270174978122128e-13
1.3724353143683776e-06
0.0005868239400365168
0.013284476269844192
3.3078068728718127e-06
7.70918897574453e-25
2.6422257912548132e-08
2.68119425621805e-05
4.592785935022764e-21
0.00020214571597944436
1.2020578151963218e-05
6.45585814674067e-19
0.0005868239400365168
0.0015145425737487228
1.9020933568421301e-06
2.913665007997527e-24
0.00033107398236102936
5.4121454064960986e-20
0.00013262271763361897
8.612631271150708e-22
0.04126707792324513
7.525643171959508e-05
5.877395314654128e-24
0.0005053021138056932
5.685166306982819e-23
1.4764153865125112e-18
4.3021397897685354e-19
1.4354524594928043e-09
0.0008495380271697807
8.033264222481036e-17
3.3078068728718127e-06
3.3078068728718127e-06
2.5462890597920146e-19
1.8708275045636493e-23
4.769003751453724e-07
6.4931917680418e-16
1.046442662327404e-17
0.00019684793105777067
1.4445803499859867e-12
5.041159525043734e-08
2.244871824671239e-09
6.859658687276827e-07
1.3823614238530603e-20
4.1150526674998255e-07
5.587731911693582e-05
0.001414853473739616
7.467395819193978e-05
2.7028184499256555e-06
6.564056110974904e-05
3.3078068728718127e-06
3.6314828450512185e-13
9.947673600056535e-17
3.4618220960547176e-07
4.949850864330481e-05
4.1155556435763536e-06
6.889073156225234e-08
0.00015725692750240272
5.161892216711485e-20
2.512784000834738e-26
1.4815321229647241e-06
0.004450126196210279
5.3677987236485095e-14
9.408669519004737e-05
6.667599234321019e-23
4.190148044585867e-25
1.3340035628805853e-07
0.00027351510694034563
2.5518992769445134e-07
1.9778653623007674e-17
1.8928835513831885e-06
1.3004872621089357e-18
2.5126576308195255e-14
0.00038654403681545564
1.670114409902724e-05
1.216731321690634e-06
1.1661241381533964e-17
8.051994837838665e-16
5.936345951937769e-19
1.1433369706280686e-25
0.004383651338719989
0.00032836168463209266
1.4478290161225223e-05
0.00026931118993149235
1.3894838906608862e-16
0.0001927764433643395
2.339754752890324e-13
3.325829380886088e-05
0.00010678920648836437
0.00020214571597944436
0.0005723367010364668
1.0543905842447945e-07
6.24495143530211e-26
3.3078068728718127e-06
0.008135506948255378
9.229784106539601e-05
0.00011045147097218933
6.146232162957507e-26
0.0008151512067046673
6.745491373522875e-05
0.00011093278869367916
2.586985410894572e-16
3.615871941516536e-26
4.8670146696782695e-08
1.0842206137126031e-14
1.4108717307830835e-06
3.713889935905898e-06
1.7643858655030956e-18
1.6398019877050664e-29
3.918093267719667e-20
3.5527935409448203e-09
1.656159761261671e-05
2.550224879175911e-33
1.8061649075323043e-05
3.769961412889292e-16
0.022542036991124424
1.0165783934961222e-15
3.790848360056548e-10
4.2945063871423497e-07
1.8248576467447006e-24
2.9223265032902444e-08
2.5974774321226372e-30
0.0002636046898596006
9.541132365990455e-20
0.00011348562249699529
1.1311608823672056e-06
0.9290251985936493
0.00022421643066206087
1.0304786346125926e-06
6.823063850545529e-07
1.7680249037840263e-05
2.726538575717736e-05
6.889073156225234e-08
1.3187278130816563e-06
1.18196253610932e-13
3.4028154589302385e-05
8.818317581961059e-05
5.7402640601753735e-05
0.00020214571597944436
9.082894252413899e-29
0.06474989749226284
6.733552159913607e-25
9.814010960026802e-19
0.00020789959907510793
0.00045518556362803144
6.755535042527524e-18
5.500034955319461e-10
0.00015943569779465396
2.9010074849554034e-20
3.539814835454859e-26
3.295204508861256e-18
2.3976656480135273e-09
0.0005721029358526278
1.7006704116957458e-16
0.00038029139925011
0.00017321102803114134
1.9826831088378025e-21
1.7166974119049055e-13
3.930295916749495e-06
9.843569711989199e-06
8.553678391076917e-17
3.73561150412453e-05
5.2015270786526756e-05
4.021639625743094e-06
5.36010295878527e-08
1.199479796372566e-06
1.1940730325153057e-24
0.00035276267041244513
2.4924663220308422e-18
6.703464942304036e-05
8.285527421773122e-18
3.024806317713175e-16
2.8056889442585723e-10
5.170722029660314e-10
0.00020391914269876632
3.3078068728718127e-06
1.913290418370105e-06
5.974660677074178e-06
1.886793932265547e-20
0.00016392338651546618
6.690964969007686e-21
0.0001526240337020483
3.488583211106718e-27
1.3273770345522998e-07
2.3462612279829568e-26
1.1019824786688909e-06
2.6244670344634576e-21
1.090638525797721e-16
3.8931245913380104e-07
1.7456256275854796e-05
6.889073156225234e-08
2.740192970914231e-07
5.1970057465503e-18
2.58744008018893e-26
1.3211894360371466e-06
3.9912520682810236e-05
6.932687966419853e-21
8.819662164512144e-10
5.225025418512708e-21
3.813647490068864e-27
0.0006012559299135035
4.3774754443181435e-05
1.5459506027147704e-05
3.4910842850623634e-25
1.8096368489591557e-19
0.00035704425951424423
3.1549138499202574e-13
3.932883245876576e-06
0.00020214571597944436
2.167883484706163e-42
1.1686595549663935e-33
0.01584130619677311
2.9821775521849765e-12
3.143684949187967e-11
7.258949256703281e-05
1.3429133315674457e-25
0.00020978566148924672
0.0016307600333598238
5.352208286756298e-18
2.863651466233763e-07
0.00043048554442424135
4.296581490207805e-20
5.056066068176478e-19
1.2828221600306503e-05
0.01056680126477006
0.00024306337452786354
4.631658963803251e-06
8.318698523501122e-19
2.648194752700648e-12
1.3081189959178515e-05
6.564056110974904e-05
1.2367816163502429e-12
4.231337451508966e-09
2.640885726109966e-17
2.8031942576773933e-05
7.765734111468923e-16
4.0529918997760504e-05
3.3078068728718127e-06
1.5823469238799266e-29
0.0008862137440546619
3.395593220328159e-15
9.810841966745352e-08
7.162775345241078e-22
1.02478072322599e-05
8.434523255985247e-08
3.686242099447486e-15
1.933743572262766e-22
1.4301663671241248e-25
9.297326880569231e-20
2.888731898814155e-17
3.1020961427129087e-18
1.4801123966046168e-14
6.009546237978645e-33
7.422618087573396e-12
5.263964926574763e-16
2.0379508220501703e-05
5.112767106956288e-25
3.3078068728718127e-06
4.3005430950560704e-05
0.00012375355708446958
6.341017300341782e-23
5.861689588327084e-18
0.0002603974310691915
2.288958735477362e-05
0.601705985993874
1.5194171163565353e-24
7.75077911674387e-23
0.00011870275666662176
1.2315866149540667e-21
1.2313760779028316e-06
0.0010799108802848046
0.00022445474161272855
4.9383013580326166e-06
1.4538596249502818e-22
2.2282183256228572e-20
7.075052125849707e-19
5.247320988076264e-07
8.457792098957943e-19
3.0292193096135683e-18
2.4774968094906783e-09
4.967617084441922e-17
3.02657136032267e-06
5.015445569877816e-12
7.302780782235586e-19
2.6942225983659275e-25
2.5901779599747567e-19
4.44078342243141e-06
2.24710935140611e-25
6.603344591694628e-12
9.48917213844781e-06
6.497471712017734e-06
0.00020321546299186178
1.4042402625347298e-18
3.457723853875944e-17
6.889073156225234e-08
3.7962721150629975e-19
0.0002399475711887547
0.0001738250926485912
1.2791429139252945e-07
2.574561608136988e-07
2.6731420928014744e-08
0.00012372131223500332
1.4402906945032376e-05
3.1151423690789346e-22
6.544233394509321e-25
0.0014113421058976894
7.45917494534663e-07
3.66465964713933e-24
9.145450061708424e-21
2.7598523120321337e-06
5.445872259856041e-26
5.249339130401743e-07
5.78545077089854e-39
4.981803534876359e-07
3.1759377573313123e-20
6.802168718325113e-05
3.121349222925578e-07
4.956261347810207e-05
0.0001057366179566458
4.961946991897221e-07
3.0293043372181156e-19
2.557429599725785e-11
0.05996630255149424
1.1137076386424813e-06
3.3078068728718127e-06
4.387394403841995e-16
0.0006051196746764721
6.715871473197173e-09
7.09224852921644e-07
0.00042154244756105886
6.180093511023504e-19
8.711529029103282e-06
2.5729754468704607e-05
1.1059318084132603e-09
5.974498458657755e-06
0.0010799108802848046
2.1972487557898875e-05
1.079706368076623e-19
1.4989554954809667e-22
5.798459350823632e-06
1.1548733771050548e-06
2.6523670181846396e-05
0.0004906926112601753
1.8047954772421277e-13
8.442117490188118e-05
1.7554390106774992e-33
0.2865484188640501
1.0367529964630342e-07
0.00015700866848179952
1.0708370688571215e-18
0.004354627742622941
0.0004995188326588385
2.274745020540854e-18
0.00020214571597944436
3.0787621484956456e-05
2.7036687411625265e-05
0.00010309436063108465
0.0008698159051741261
1.1978284828306736e-14
1.7001495783983815e-42
2.004248942943384e-05
4.5395895847376493e-05
2.5014066578588354e-15
3.878566048129413e-15
0.00018736881947530962
4.952366884000188e-13
8.510139080692337e-19
0.0003144807277507285
1.7251124834382227e-06
7.894107857342983e-29
3.3877680056472055e-06
1.2288660268355388e-22
2.367690435536606e-17
2.344007125636706e-12
6.414607574024159e-05
1.2158306834513136e-22
5.604572875528675e-05
0.0001614372033811878
1.775287290985974e-05
1.0304854159481802e-08
2.614928756450249e-06
0.0002038004406351296
2.79997975258734e-20
0.0001094359016712565
5.2230846763194714e-21
1.2524799791292507e-18
0.01056680126477006
5.562613730664939e-24
8.410898116339783e-05
0.00020980683284265843
1.415905908186216e-12
4.891881562693274e-15
7.549249133101628e-07
0.0031504629318982436
5.810792290128606e-17
3.2670838946395956e-14
1.586161308235747e-27
5.065751888491087e-06
1.8376624689433604e-13
1.6186557438155594e-08
2.5576558831536366e-08
3.412761227302492e-06
8.068599888648073e-17
0.00010002733782582261
0.000161486135934346
1.4054669179150467e-25
3.1231393398576746e-07
0.0005868239400365168
0.00020214571597944436
1.1531137949762049e-07
0.00020589289991233543
1.1621575688371046e-25
1.0876418001603927e-18
3.143257380863263e-05
7.797567050796924e-20
1.0018335583503406e-16
4.065060563905599e-07
2.1361523011932316e-06
0.16023533916420704
0.03056824840453176
6.288032194873716e-06
5.8588700642848164e-18
1.462983076008893e-05
4.4094081872211e-05
1.525870615453849e-07
0.000520304609737942
8.842266991700625e-07
1.063973020067943e-06
0.0003231928552696876
0.0013478792445420168
4.2300870309499056e-13
2.639225147721623e-26
1.3381729852590728e-06
0.00036416716916384817
1.3161277649535112e-07
1.653906148230415e-07
6.498918117728824e-05
7.574094954012657e-05
1.0301702658795636e-06
2.21702689853287e-16
1.5092677189427253e-06
0.00024292661933517437
1.116332913993624e-05
6.99280042468775e-07
7.485488056919241e-25
2.6652767477028905e-20
4.1395226778574524e-26
1.5706387121006358e-05
8.931413849831379e-19
0.0003452629958277045
7.368019680306328e-16
2.2525705749084433e-07
6.906728992781075e-19
2.6015898745697475e-07
9.408955578460705e-06
1.6428101159255962e-05
2.0056920396466455e-16
2.4082457290970428e-24
2.113357858273597e-05
7.699645570167613e-26
3.396593819687744e-27
0.601705985993874
7.446980454378361e-16
0.005243195466506629
2.32756619552039e-16
4.034476139416262e-15
6.479089141182032e-23
1.754087112244888e-17
2.605816813940879e-05
7.373915323654839e-06
5.307382768516184e-07
2.723810211451847e-06
0.601705985993874
1.643068230809231e-05
6.814175782383633e-19
9.718415239079104e-19
1.1795959747101498e-19
1.3367937736946701e-21
3.973043869811706e-07
3.121336393469339e-05
8.054627605485935e-16
0.00442785385291283
5.477273287444101e-06
0.00030597139689564476
7.561695623748952e-16
2.3600152258127826e-05
1.526625860217269e-18
1.1733505787247832e-17
5.7475682380500105e-06
2.155899606493344e-25
3.19667915896931e-11
6.430014974597185e-09
1.5513293194956706e-12
9.421898548729233e-20
3.5849555535807975e-14
5.710497431568859e-06
1.625576486355722e-21
7.772014121868812e-05
9.790058528374913e-09
1.2021260648035229e-17
5.621606828840614e-15
0.0022161825255353294
7.454890350326141e-06
1.6572324673119359e-09
9.390487769107814e-10
3.3078068728718127e-06
4.864640245478309e-06
7.963336395960063e-16
8.839041017283668e-06
5.132113010584636e-18
0.00027459690414741015
5.626952130894143e-23
0.00020331357959988338
1.223675477252948e-08
7.456971363012822e-07
8.180681138364188e-06
5.157161008774687e-15
3.2505070807775403e-16
2.6797700255805864e-22
5.091983705264738e-08
2.6550232630446375e-17
5.3778147194454565e-06
0.004450126196210279
1.3273770345522998e-07
8.980201584818627e-09
2.3815840182289504e-13
5.587731911693582e-05
0.00044620233662631334
6.889073156225234e-08
0.0006498421351277053
9.401749633024169e-26
2.349839230581288e-05
3.3731574814652324e-06
6.793739203426183e-08
3.923289156261053e-09
5.998084571763513e-17
4.144496397390075e-09
1.6467245756577952e-09
1.1300692397437076e-05
3.0907874193336236e-20
2.4474607092053178e-06
7.402853535651776e-06
1.5016936798264702e-09
7.149447590051623e-20
2.600101430270076e-06
6.665138055318253e-08
0.0071562537842900275
1.5610242209226067e-21
7.955369707817117e-23
2.6705521557353703e-26
0.0004878758375911757
5.950693635255583e-16
0.0006942157229316424
1.906067456778151e-19
1.1406161676463883e-55
4.119428355093857e-07
0.004450126196210279
9.907952056761854e-05
1.1804498486759756e-15
1.5032434934143838e-28
1.1189329142581011e-07
0.00023425601331423986
3.763813700187815e-05
0.0002652354620042578
2.585142940286137e-13
3.1269109123906617e-22
0.0005022076868346715
4.304403179854606e-15
0.00020789959907510793
1.1546129055392708e-12
0.22602664153949206
5.808735418307462e-15
9.001216669267381e-16
3.81356097509985e-26
6.889073156225234e-08
1.1077242289669474e-13
0.00030014664759701117
8.577310305174538e-05
1.954184303566244e-11
1.3730734032403064e-07
4.7982486971897e-21
7.786844020317585e-26
2.7598523120321337e-06
3.6482136834871306e-25
1.5971120308458561e-19
0.01056680126477006
9.289033977861293e-07
9.165566761504589e-07
5.4059747867826797e-08
3.032724823687908e-10
2.323738863258424e-19
0.0001729696565572611
9.670841115418536e-24
0.04230825334437014
1.8893042992636378e-06
7.476782389808689e-24
5.0540836174908584e-05
3.3078068728718127e-06
6.759860003996052e-18
2.5885086026040094e-23
2.8641354383903634e-19
3.1086466018788713e-16
1.940473513040398e-20
4.8438879806652255e-14
1.9758276943701918e-16
4.573028586346843e-05
0.00018187076006737727
2.7919431121394333e-05
7.671199707763488e-07
0.00025190551408746094
0.01056680126477006
2.0248126526715527e-18
6.914124191966803e-06
1.6122103195709602e-10
6.889073156225234e-08
6.081417262061805e-20
2.326375653771796e-12
1.9994511505455474e-26
1.0883462325893566e-06
8.456494866139435e-06
0.0019806047427538744
3.170308153355106e-08
3.1265492203644706e-24
0.00019924240503942726
0.44373978259860386
2.5138598319480492e-15
0.000697462509552868
0.16050548274064624
0.0023282238101608546
3.8573142413742146e-28
1.1144271257928517e-22
0.0010799108802848046
0.00027370452153865666
3.3078068728718127e-06
0.00016340253825709018
1.4082929041453782e-09
4.972069707551442e-06
0.0008742349968549159
0.01056680126477006
1.0406288957809665e-22
5.246331401192868e-05
2.3586601221235527e-05
1.7183311873970598e-18
4.422693637899421e-13
0.00013001167581645355
2.58744008018893e-26
3.3078068728718127e-06
1.5481973470889078e-18
1.0692858899835247e-05
1.3774621827473712e-06
1.2481580604657879e-05
5.892608300328185e-15
6.981351142821409e-06
0.0011372237493887428
1.1499226942553452e-19
2.603202039711216e-17
5.41639559951495e-25
8.105904506520641e-06
2.05883426284764e-05
2.1889366601070245e-08
4.521190605411487e-07
1.0226904677790041e-06
3.969763658180671e-30
2.3769286431386814e-26
6.889073156225234e-08
6.733275804422936e-19
0.044293197690713056
2.1662708874753745e-18
2.3928573384125002e-05
0.00020214571597944436
3.459582444495428e-06
0.0009551196850616783
8.937928426944473e-05
3.486772770282217e-08
6.614563346976518e-15
6.889073156225234e-08
9.386341612249155e-05
4.3616813284750485e-16
3.353132915107823e-20
6.889073156225234e-08
8.977890516815841e-13
3.3078068728718127e-06
2.485188027796703e-15
1.9221029273878885e-05
1.4120224119943848e-07
1.6751209912018576e-06
5.1142935099426295e-09
1.8186339410419402e-05
0.0001758944294994865
1.1382491511495182e-16
3.3078068728718127e-06
0.01056680126477006
3.621662511809345e-06
0.01056680126477006
0.00042402887762423746
0.00017832239913575108
2.387469392560475e-05
3.163293431272588e-05
2.783789926772672e-15
2.7078321780218475e-08
1.6085292544354233e-05
8.089684938630218e-05
0.000154150445257594
8.450954103277093e-23
2.0278585421503586e-07
0.0004584217531616781
9.113042304647948e-06
0.005875116862927684
0.00043130103529971073
4.0891426735420924e-05
0.0006029447103932478
3.700527911566039e-15
0.00021837945018831538
0.007174709291797901
0.0002110079728589191
1.283677022606043e-23
4.399936859256162e-19
5.790647785594941e-21
1.6234353733392792e-07
0.0002767169720245171
2.2341766058082396e-06
6.699247993555788e-24
3.403528732209772e-26
3.695642392198798e-26
0.0014123135264521678
3.3720295063897823e-06
1.6198926102945528e-14
6.485407006286746e-09
5.176158642812718e-05
1.0012387013839996e-15
7.34301500327266e-09
3.371635053005977e-06
0.00016099282845850448
0.000286683456530071
1.20982485293122e-15
2.577009499835442e-05
5.415268613779157e-15
6.889073156225234e-08
1.0634974654747713e-20
3.929130193805317e-11
3.1494583013863744e-06
0.00029186022876010376
7.91123492745965e-33
0.00020214571597944436
0.00015764423115771295
2.445403119447237e-08
1.103600814184269e-07
3.4399851249676324e-26
2.3136976199539752e-22
0.00010357437701825857
5.617743993188207e-05
1.1342886690603893e-27
0.00034857925548609225
0.00030429515211831133
1.2405757147647017e-25
9.823710582608268e-06
5.462914905225996e-19
7.116991272732198e-18
1.1428036801204522e-18
3.3078068728718127e-06
2.310148640364256e-07
2.7812792834934217e-11
1.9733750953416746e-26
5.035091202607254e-12
4.714847611603841e-14
6.735627611349284e-06
2.7136391431127964e-06
5.3558449242124904e-06
2.41268474278037e-17
5.84077815135492e-17
3.6177938232797773e-23
3.795430436763971e-09
0.0003067612024839006
4.4457846337742786e-05
3.4125457367645584e-06
2.73377572659013e-06
1.954184303566244e-11
3.3078068728718127e-06
4.884846088876083e-28
2.2183675707760626e-05
0.00024110484196368054
0.0009271521831055991
5.120367881269277e-05
1.2342276929202838e-06
1.5737993763283428e-08
0.00045989744495321757
7.739584442524985e-14
6.402986733152927e-10
1.5769978265960738e-32
2.3601693393763542e-06
0.0003228891490524465
2.4935361683586956e-21
0.00017601798387550564
9.50333622360228e-05
8.640883525352833e-05
2.59051972202485e-25
5.0926938499578026e-05
1.3912551850216473e-06
1.5325033035509161e-06
5.485953753548508e-05
6.889073156225234e-08
4.548050329963044e-17
5.381723177636891e-16
0.019728789580868433
0.00028533411243964634
6.51413929350718e-21
1.9728841534452785e-36
2.5108471092595346e-08
1.8571945241800863e-05
1.4430470543925806e-17
0.00034811927294005975
5.19200784888807e-20
4.6938786644242135e-29
1.3988108888402212e-05
4.0693287831342e-05
3.6628528999671098e-09
2.125306624378754e-06
1.7732287158001265e-06
0.000253089914587154
1.8460100663235658e-06
4.510482479326885e-05
3.177157741473588e-25
0.00010196751583160954
0.00020214571597944436
4.944316876922958e-05
0.01056680126477006
5.923258020307893e-05
0.4047641602212243
1.9327974216641062e-26
4.0495603393139224e-23
1.3576098854971737e-18
5.7142255519990095e-11
2.856328231637694e-09
3.900202765202495e-06
1.7433778055200616e-07
3.882205601006935e-05
9.58327876606421e-05
1.814704192814462e-20
0.00042021848775378287
2.1494436744435273e-19
0.0717967890158766
4.1739414153068575e-08
3.3078068728718127e-06
4.856966558398428e-19
3.527748512415972e-25
3.3078068728718127e-06
9.88938947357341e-27
0.0003134260732828431
0.00037296171444472365
1.0735458473014667e-07
2.848676468786385e-16
1.4704180003028188e-05
0.00024319960666327462
0.0004062406973247626
3.223760795800507e-18
0.00013512967861117192
9.581758691519764e-07
0.16420571650570537
3.081661778290072e-17
1.0609089098093264e-08
4.979704852946102e-08
1.3914869999168699e-06
1.0543905842447945e-07
0.00033418778125023606
8.7976995782459e-25
7.440915736289933e-20
7.685061260527776e-24
0.0004903645181765854
3.0468217756117917e-05
3.3078068728718127e-06
8.015486126392284e-05
2.991684274313368e-07
2.0233303270739954e-15
3.3078068728718127e-06
2.7926034593881153e-06
2.5850284179170425e-05
3.3078068728718127e-06
0.0009367031514214278
6.889073156225234e-08
1.1996579341503041e-08
1.3368759304725237e-06
4.48827286744793e-06
6.889073156225234e-08
0.0003463564980837743
2.474136678122327e-18
2.9519188591718223e-19
6.889073156225234e-08
2.263133862216727e-23
0.00030122648784708915
2.5446533279819163e-07
1.2878811270340289e-15
6.929446585629847e-19
2.7649201690869053e-05
1.4008930534982205e-11
6.992998570884544e-14
1.7724837051378573e-25
1.730827079270467e-19
1.6695213317673525e-11
7.759623457798877e-06
1.3182638944099154e-15
5.974660677074178e-06
3.5678045312129105e-20
0.0011308743408641373
0.002549797153404365
3.246028675839885e-16
3.5543045051345024e-07
0.12563459994108328
0.0001723310705575394
0.00012553065433831855
2.3088946817505975e-18
2.0826843894061487e-36
0.0029306473120990495
0.10189658217869546
4.351680613875863e-08
1.9783298868957535e-12
9.446993581375022e-22
3.690986613421043e-18
7.715294619889958e-05
5.595843633711406e-05
6.87808251684992e-07
1.748079937893433e-26
3.3078068728718127e-06
3.385514412300536e-24
2.823427016348088e-06
3.3078068728718127e-06
1.1349546050366996e-21
1.0676040704132396e-16
0.0002491045270026423
2.155899606493344e-25
3.414273668924957e-23
0.0004319849594254799
8.292521028773889e-05
0.013407753304168593
1.767332645898331e-21
2.869332080326166e-07
2.261009195592569e-15
4.674990392518526e-06
1.9347276111929354e-18
1.1277004606065387e-22
6.889073156225234e-08
1.096140331805633e-05
3.3078068728718127e-06
6.244609849091215e-13
1.587756401312836e-12
1.1913921836372836e-07
1.638425947988041e-26
4.168819927335616e-06
1.7422331825044216e-14
0.0008102222474541676
1.0950311988671273e-07
4.128971927561494e-26
1.421376533067569e-18
0.01056680126477006
1.625043601389268e-05
1.1729037535552119e-06
4.079217398409139e-10
2.019483622366838e-09
1.677901020152498e-22
8.059277765533738e-07
4.209888474511551e-09
2.0524252208935055e-12
2.0758333754019474e-09
0.00018129545234640897
0.00016157538913365646
2.9060980176627206e-18
3.966501975006411e-25
2.642760974469118e-05
1.7272155993387258e-05
2.490639102368132e-25
0.0006104193782455226
4.71622265854886e-27
1.6408979592833432e-40
0.0019326806993558016
1.120851116565804e-14
0.0012051601963858072
7.525242994249473e-14
6.699682327544156e-19
8.538445490901755e-05
7.1503523939051554e-12
1.5356019522025666e-16
3.328341124551388e-23
1.4030958825203596e-27
6.889073156225234e-08
4.861527508097361e-19
9.946897927761477e-06
5.387364173132107e-17
1.2104466653593443e-11
1.3078555127366815e-05
2.4767080218980706e-08
0.0030469227414371414
3.3078068728718127e-06
6.889073156225234e-08
3.916262200533906e-21
2.3641752070352778e-07
0.00026364762303362176
1.6267899572366851e-21
1.8728940988203414e-13
6.889073156225234e-08
2.5589042477612865e-24
0.00015347638940293827
3.1178336399683626e-06
1.1158517750943824e-19
9.95102723418063e-08
0.031243999834739997
1.373346198170324e-20
0.00041817031955600534
4.822953534436785e-21
1.7177326597826137e-20
6.098094477854633e-12
4.7220406215603475e-15
3.3078068728718127e-06
3.179371978567805e-22
2.8921447729625606e-22
3.466861324344019e-25
1.50360166718198e-16
2.4251251505176716e-06
1.1992478670207078e-08
3.3078068728718127e-06
3.1206426486819493e-30
1.325233720486465e-09
1.4619640438488902e-07
4.880691586422478e-16
0.00059111337983761
3.3078001102626485e-06
1.0244790085614289e-22
4.5107657552942313e-26
1.4815866763649976e-25
2.0677552802210962e-08
6.889051542931871e-08
4.481547303313531e-12
2.9561299797733835e-21
2.2940524484172308e-23
3.0558465455308885e-20
2.5366203956296145e-05
6.133393920344555e-07
1.8500567080138667e-17
2.7976658749461806e-10
4.46305067035091e-19
9.7033057883519e-05
3.3078001102626485e-06
1.2342266940651968e-06
1.4237749608822124e-05
6.889051542931871e-08
8.404656489121856e-24
6.815152130600318e-06
7.5616777499012605e-16
4.1282636107459296e-25
2.1993209334306478e-14
7.505792314425358e-21
1.271453702362716e-06
0.0003594529503822721
1.0797043998720176e-19
9.215621005708956e-07
0.001079910749790766
0.001065501773928515
0.00011863848431633905
0.010566800733763258
1.59919727126678e-05
0.0002021459816142058
8.293962728522874e-26
5.1892500395539944e-06
6.412291175285471e-24
3.3078001102626485e-06
0.0003286652637445632
6.889051542931871e-08
6.086011426199908e-08
5.7394130026577206e-21
1.787823030121273e-06
4.275363741390635e-22
1.6030802017510963e-18
2.5964575327755085e-18
1.8983541293428e-21
8.72167852934423e-06
0.00010974560481688978
1.9083713564314533e-10
5.592705973727384e-16
1.89119839882919e-26
0.0006089743269252768
2.155909776359362e-25
7.020016567943863e-06
5.7073975070087105e-05
1.412465642745306e-06
9.5636019232787e-06
6.090861329680065e-17
1.0355276611707984e-40
1.018054478198885e-06
7.393054239356449e-16
1.5346939115764955e-18
0.0002021459816142058
0.03138038007683578
0.0002462060657072976
6.43884567226415e-07
9.764533233340009e-29
3.3078001102626485e-06
3.078758284699173e-05
4.956891816317251e-08
2.3602291467775614e-07
9.268931445782039e-05
3.6080921954302283e-05
3.5656340502238594e-14
1.3013075501274998e-18
7.728018176383188e-25
8.088274595941782e-09
0.0005334604912687677
2.4461920350557915e-06
7.1770150119186364e-06
6.39995683799521e-14
9.235687145482043e-19
1.7288377035415606e-08
3.546199038046676e-23
9.883439706938847e-21
7.522520069148932e-09
5.513744227300739e-18
2.6184014905194115e-07
4.867902263838841e-11
8.711525586107808e-06
6.345669459947552e-05
2.665277050510566e-20
0.00314447848716487
4.450693192404429e-07
1.610328562476305e-05
0.0002258301493170691
0.000969875292340161
0.010566800733763258
4.756173356848865e-10
0.00024480851686937413
3.0397647645213536e-06
9.591528272660714e-18
1.0984655141074144e-10
2.9165437624024654e-05
8.566101709106892e-07
0.0002021459816142058
7.612320364713918e-07
