2.2851969825738257e-14
1.1559872235732895e-13
0.23228301107883453
1.9979514348553544e-10
1.2820056679795125e-05
2.7001803271727878e-08
0.00839930959045887
0.9295282959938049
1.086817171448488e-15
7.34025335494826e-13
0.5717218518257141
7.03605026483484e-13
0.16677507758140564
6.331359849064635e-14
4.133751929239345e-06
3.3786780586713206e-17
3.456506251823415e-05
0.3480766713619232
0.9295282959938049
0.7887781262397766
0.9295282959938049
0.5717218518257141
1.3793183429607695e-14
3.2124979040140406e-16
0.0011972947144875193
0.9295282959938049
8.014650084169553e-16
0.64851313829422
3.925468591729081e-16
2.785185389937704e-22
9.004830761187557e-14
4.925282385952173e-15
1.3057783512957184e-14
3.622312624275401e-05
0.3707473576068878
0.9295282959938049
2.589610430342982e-07
1.3552857189479883e-13
7.074171812279071e-08
0.9295282959938049
8.673848950482837e-14
6.329071264237533e-11
3.415161070464902e-05
0.7887781262397766
0.4755460321903229
2.2706297509785914e-10
0.7887781262397766
0.4755460321903229
6.089811972864808e-20
0.013636158779263496
1.1980977571532144e-11
1.2837869816207652e-08
0.9295282959938049
0.9295282959938049
0.9295282959938049
0.5717218518257141
0.5717218518257141
9.021455911676371e-11
1.2705200731282128e-12
0.5717218518257141
0.37433815002441406
1.8380051177542512e-14
9.937218316090867e-15
0.9295282959938049
0.001531162418011526
0.9295282959938049
7.3488811414325596e-06
1.9892036390327696e-20
1.2767352869845168e-09
3.365926055919193e-12
1.500138261944698e-17
6.427224331248917e-07
0.3707473576068878
0.00014019615013264805
1.0782248780928654e-11
3.918700387254894e-14
0.6015340089797974
7.489594108132368e-18
0.9295282959938049
0.9295282959938049
1.0799616699280427e-17
2.2372715732679263e-16
0.23228301107883453
0.9295282959938049
0.9295282959938049
7.146008423513931e-13
0.0004959803902059348
6.323059559300378e-11
0.7887781262397766
0.0002443430705030246
1.1568558638240969e-08
8.129310703501455e-31
6.336740035157707e-09
3.130228232291654e-08
0.0026007494390138802
1.0653539066059971e-18
2.8281549824218505e-14
5.578857755403981e-12
5.201986773708858e-17
3.291218461791462e-08
0.23228301107883453
1.1184694740086645e-16
1.4387236249441466e-10
0.9295282959938049
0.5717218518257141
2.14014178988281e-08
4.156852489923247e-14
1.656345067624107e-15
1.781801829896833e-16
0.4755460321903229
5.665818784768453e-14
3.10566954189042e-06
9.859324951630524e-10
6.175152043710599e-07
5.55375505766853e-15
1.6270466885346508e-17
0.9295282959938049
0.21364246308803558
0.5717218518257141
0.4033033549785614
3.1885288684825236e-20
4.402042748649427e-17
0.9295282959938049
0.9295282959938049
0.6132656335830688
2.695358140922476e-13
0.013272339478135109
5.38008743206524e-15
2.29469158395362e-19
0.9295282959938049
1.0568801821968109e-14
5.3168887306548034e-12
0.5717218518257141
4.274259817616726e-06
2.3221073672795436e-15
5.829823322255774e-11
1.69740206128925e-06
2.0957070206896545e-19
1.583527161793481e-05
0.00022555965678476564
8.917167417934252e-18
4.499073365664551e-09
1.063270413223752e-06
6.051393298136793e-15
2.0824310589057408e-06
0.0002893881811606904
0.37238168716430664
2.7189884603529812e-17
3.987197253447502e-19
2.8517379703299884e-15
3.683240427545329e-21
2.9486250382580417e-11
0.6621439456939697
1.5685706042409059e-13
3.0386158852893176e-22
5.957044765196504e-17
6.495592065700063e-10
1.817750845665095e-15
2.702742912183324e-09
3.7271414129935766e-06
2.2603710769353312e-13
4.170289161337345e-17
8.030858907945413e-10
4.833744362797363e-15
0.00021934244281673898
2.526917228810453e-11
4.738484794001672e-17
1.1814553151606975e-10
0.7887781262397766
8.983173602920062e-12
2.2731015146825943e-10
1.716560107621285e-24
0.5717218518257141
2.4617597300077344e-05
0.9295282959938049
4.8441558633613406e-11
6.199949733095497e-17
1.3214146081809555e-16
4.221349425989525e-10
0.9295282959938049
1.6024716365889285e-15
1.1392292546136064e-18
4.1933768389326074e-16
3.812939138443637e-20
3.8961148189905585e-06
1.0107749272657002e-15
1.634849632041929e-19
2.2921695153060363e-08
5.242886941179781e-15
7.926759125790667e-15
2.5084080988863132e-09
1.0703755215527259e-16
3.7969967598885634e-17
1.4119727003612118e-14
0.9295282959938049
5.367435909459527e-11
5.673194623090497e-12
1.6507093693975302e-19
3.6285788536637395e-15
7.374338859061501e-11
2.2867233333993984e-06
8.631289815130144e-15
4.1096813950024564e-15
2.8760850531395588e-11
2.4031386789925275e-18
1.4137112216079012e-10
1.388872194972151e-16
5.875443567863597e-11
1.4122848263539871e-24
4.562088182089315e-21
3.4301204567181188e-12
0.3542780578136444
0.00046290834467877656
3.1583600900274935e-14
5.7594352959716206e-21
1.3044503034436283e-19
0.5717218518257141
0.7887781262397766
6.171384269077967e-14
2.1379402442981024e-06
1.7323784426461705e-17
5.012936043019826e-21
3.2234745458581304e-16
2.210823029888755e-06
7.226470605778279e-06
1.2641213907760265e-13
3.2612693070507447e-13
5.871246572243593e-17
9.547456480315315e-17
2.248748529283913e-12
0.6268301010131836
7.724010350022957e-13
0.0006825573595520142
0.9295282959938049
4.883188417350049e-15
0.3428870737552643
4.3468322309962886e-16
6.562216093937537e-17
1.9369472355694364e-11
1.1100849149111632e-14
3.827160912839075e-14
1.2477571152348857e-18
0.9295282959938049
0.285014808177948
5.5546481053629115e-15
7.267048528984013e-14
2.737002538430066e-13
1.5852750826083292e-12
0.0008131561284564701
3.451332668220261e-11
0.4755460321903229
0.9295282959938049
0.5717218518257141
0.9295282959938049
3.674406825917283e-15
0.00010801426346475799
0.6268301010131836
6.1682168907300745e-18
0.9295282959938049
1.1605054437842226e-12
1.0017444876573761e-13
4.930042130873875e-24
2.147486950121682e-18
0.9295282959938049
4.661428171241814e-18
9.40167320386238e-13
1.5790495048267065e-09
6.793084968584671e-12
2.594590934414004e-19
2.455095977014597e-18
1.3674176730044699e-09
8.894590338065218e-13
1.068349242698282e-12
1.814264629440745e-11
0.2749747037887573
4.0273186409190863e-16
6.616837075501175e-13
1.3247795376608916e-15
5.095636778704549e-21
2.8566141737321554e-14
3.689700138706419e-09
2.969033688141687e-14
0.2673756182193756
1.7243695467106594e-17
1.1047133011565469e-12
2.2668271140438072e-13
1.7364796806582068e-15
7.223039532465155e-18
7.375051747580984e-14
4.5579521801043286e-07
4.895335984530854e-14
7.182338428289843e-20
1.120895076630295e-13
4.1585503964227867e-16
5.047439906723326e-14
8.432023780932143e-28
0.2749747037887573
8.440994399808919e-16
3.868831770244811e-16
2.242046550414201e-21
3.5653366462644934e-16
2.784871316477024e-16
1.0840621819083055e-15
2.591633163704734e-12
7.779586642947835e-11
5.506758073227121e-10
1.792216940155372e-05
1.470579312240538e-17
3.3003849933366075e-17
1.3541124470896813e-22
9.913638736893073e-15
9.365434293558704e-18
3.070950833490667e-16
1.186779559821115e-12
1.1683103647239756e-13
1.2119524175798155e-13
2.944997962606086e-14
1.609130591298484e-19
3.422257518649151e-14
4.5335083770769125e-07
1.381828445397519e-11
0.7551746368408203
1.1443689184562202e-16
2.3226650453777115e-14
0.9295282959938049
0.0012653330475596233
8.477803984948212e-22
0.6015340089797974
2.6824818352404894e-16
2.7461165490115898e-11
4.872076042762654e-10
4.528518460404424e-12
4.798458627622293e-15
3.105486004717324e-10
0.7887781262397766
8.795960193404368e-17
1.149462698088889e-14
0.0012900700894286751
0.4755460321903229
0.9295282959938049
6.397812053188405e-24
1.6742394283051192e-14
0.0006825573595520142
0.9295282959938049
0.9295282959938049
0.9295282959938049
1.0151593017195954e-13
0.7551746368408203
9.001164655421911e-24
3.2678511021683185e-17
1.9862791374908524e-14
3.652512764536227e-14
1.366306337220533e-08
3.588357923920036e-20
4.412198521648179e-14
0.9295282959938049
2.6642817614162727e-20
4.379365333334846e-16
0.9295282959938049
4.976801209605713e-05
2.2269890890693245e-15
5.3446088579310645e-21
6.217995413446834e-20
3.8200654627624777e-16
6.144967120446176e-10
3.2455632991187807e-18
1.4861040367081782e-18
1.1585353883721718e-05
1.0750447189730072e-16
0.9295282959938049
5.459805046599904e-16
1.95494278063803e-15
7.385444869490697e-22
2.474246673285083e-16
2.0993794246477745e-07
1.3689411765021996e-18
2.7592209814704653e-14
1.9740544020674934e-15
8.686747985527789e-15
0.0006825573595520142
1.475280949863035e-08
1.385437913835854e-12
2.2962557484322848e-07
7.284095574193653e-13
1.2820056679795125e-05
9.913060797575699e-06
4.389183384629217e-15
9.460948958999536e-08
6.598989248913485e-13
2.1740092577279446e-13
6.828552141492246e-16
2.838586168244008e-17
0.7887781262397766
2.8159064635007823e-18
6.053961372848293e-17
0.4755460321903229
7.267843544216449e-19
2.0714771048202977e-16
1.6074567310012714e-14
1.792216940155372e-05
3.686044266758593e-20
0.5717218518257141
3.049218141216574e-20
1.0498288591892976e-23
6.366622806483946e-13
1.8493056931052167e-13
4.438216916703464e-14
2.0901413072052916e-17
1.9318437794076886e-08
8.62533012925385e-15
0.21268793940544128
1.238646318810519e-20
0.7551746368408203
4.1453907776946526e-15
3.49914964651047e-23
1.0575916025842738e-15
0.2749747037887573
1.8200383691115336e-10
2.3689308126103514e-18
9.319755564302725e-14
9.488835019946634e-15
9.044193921914468e-18
2.923811918119567e-07
2.1126149479457823e-18
0.5717218518257141
0.9295282959938049
2.719653750371705e-19
3.707759780733437e-16
3.5440040743580897e-10
1.210128713267817e-08
0.010422642342746258
6.359663483226516e-09
0.9295282959938049
5.517438526624305e-17
1.7327192317601682e-16
3.8724755879954616e-17
0.9295282959938049
1.8024354043413074e-16
2.6727730898225946e-11
3.6770790657301314e-19
6.606590381116152e-21
0.23228301107883453
5.158214186505605e-20
3.427012196153829e-21
2.4138579836730957e-18
3.361297894919607e-15
9.460948958999536e-08
0.9295282959938049
0.9295282959938049
1.4238233757690852e-09
0.5717218518257141
0.5717218518257141
4.4001646146190985e-06
1.236585444592771e-13
1.13589393969125e-15
9.016224180765347e-16
1.5448387613793075e-19
7.806200976713404e-16
1.809984906376915e-13
0.9295282959938049
5.193223973684389e-13
8.18877906694337e-10
0.9295282959938049
1.728063668343129e-14
7.237828790450196e-19
4.8984723877202724e-05
9.51188546971283e-19
6.427224331248917e-07
3.63154314035075e-15
0.9295282959938049
1.7817881649571748e-21
4.048910363330883e-07
0.9295282959938049
2.9503359240227065e-12
2.714805491850415e-14
0.20039862394332886
1.792216940155372e-05
2.699794239238725e-13
1.0703478525479391e-19
4.671636597348422e-11
3.9653080610838764e-16
2.282079428852399e-16
0.00010314617589383992
6.511978843113098e-09
0.5717218518257141
7.0833212045731e-15
1.7184677751184543e-18
7.561761583045566e-17
9.3710322175163e-09
0.9295282959938049
1.3153285223706016e-14
0.013081754278851276
3.2338811385194075e-14
8.425918196403991e-05
6.49874806838813e-16
4.583429989163324e-13
5.89648550389077e-16
3.842930697719404e-15
2.492826723585867e-13
1.6363110629706382e-12
1.7746634748028982e-14
3.007219085334216e-13
0.00010407261505550914
1.8184676786446195e-20
0.9295282959938049
2.115803909162502e-14
3.2160229498623815e-20
5.734119871567639e-13
0.21364246308803558
2.719856429876195e-16
0.23228301107883453
7.522116629145283e-17
7.51654528057375e-09
3.53815034596953e-19
0.9295282959938049
1.7058031112206931e-13
3.271226208359663e-19
1.634182970832148e-14
0.9295282959938049
9.527062609929985e-21
1.0810246978649853e-16
1.0603977503388811e-19
0.9295282959938049
1.989883400855937e-16
1.1598368199074624e-08
1.1848638587207141e-17
1.5460926183919566e-09
6.762704663926246e-14
1.170095138599893e-07
9.019701310522031e-17
7.368794577872383e-08
0.001531162418011526
4.1290528678064235e-12
4.506880380461531e-19
2.0085346018768346e-14
5.2453668849179037e-11
1.2956498754341014e-12
4.656171191430342e-12
0.9295282959938049
0.9295282959938049
2.1156284386029038e-08
4.459262804873457e-14
1.4321752212569323e-19
1.925098494743791e-17
5.4455470098727117e-17
2.6144987933436375e-14
3.4042473431627923e-18
0.64851313829422
9.876517026942891e-15
3.635003290844601e-14
1.823062846977655e-11
8.934060108747377e-08
2.2867233333993984e-06
2.16064146579806e-18
6.01465525252359e-08
3.1456679842552515e-15
2.614200732794476e-14
2.3131322579172544e-13
3.405908741542026e-14
0.01110826038137036
3.705605379195169e-16
8.500661689044536e-16
0.6015340089797974
6.32077779872689e-23
2.159259068128422e-15
4.588318789898334e-16
2.1751671116746617e-13
2.2602716618246809e-13
1.381525953124907e-07
4.108140677896337e-07
4.38518888546245e-13
5.268708838219945e-18
3.147802818112107e-10
5.7767144624049505e-15
1.231244720050408e-19
1.2956439101973929e-15
3.786066107160196e-15
9.400479326600955e-22
0.6132656335830688
2.6676898833412174e-22
1.8877896304444042e-20
7.246985669595385e-08
3.774503000078048e-23
0.5565922856330872
0.00022555965678476564
0.4755460321903229
4.2693376078005944e-17
0.5717218518257141
6.379566070996406e-16
3.3206932093426664e-21
0.9295282959938049
0.9295282959938049
7.822289074575902e-09
0.42376840114593506
6.12922866204429e-11
8.119750172928441e-05
4.5066714415574345e-06
1.15218899415728e-16
6.065497339169128e-18
1.7915965617745056e-12
6.297535637867549e-23
5.544811622506381e-15
4.664005988255734e-12
2.505872252122329e-10
0.5717218518257141
7.995180538668579e-11
0.0002950487191074334
2.343942627545383e-05
0.9295282959938049
8.252632634268846e-18
1.1683077209292065e-05
0.23228301107883453
1.7484584402507245e-09
2.3123321682867495e-10
0.9295282959938049
2.191830162593059e-07
2.0420717048411745e-08
0.6132656335830688
0.21268793940544128
9.958367257889283e-19
4.1292022038182844e-10
0.7887781262397766
0.00012670555602612365
1.107232421921566e-11
6.282249148669564e-15
2.2857781796264677e-10
2.6975772816302643e-14
3.8012741920155095e-24
1.2733563302601814e-08
1.7821617966392543e-14
0.0011972947144875193
1.455816841812638e-14
1.1176209343202357e-19
2.2962557484322848e-07
5.374056072239697e-23
4.529437672878021e-19
1.9209264859848253e-18
1.2681325643673772e-07
1.0964999337233283e-06
1.5184010449789482e-11
2.0435984073763894e-16
1.0221011621999004e-14
1.661687167356504e-05
1.8200383691115336e-10
0.7887781262397766
0.5717218518257141
1.3510416397851134e-06
0.7887781262397766
5.671288095517778e-06
5.671288095517778e-06
0.011318231999774997
0.21364246308803558
5.842322028780841e-22
0.9295282959938049
0.9295282959938049
0.37433815002441406
0.9295282959938049
5.625974106589719e-05
1.0218359405098096e-11
0.165790855884552
2.3277061563837103e-13
3.1167625088542986e-17
0.3428870737552643
6.753020305853686e-19
6.288403192353274e-12
4.0617361014249813e-22
1.083426251650415e-11
6.884755484649879e-15
0.5717218518257141
1.707539013595074e-17
1.130027294691093e-17
2.550362029937372e-08
6.224651714882811e-15
1.8552229856653956e-16
2.638912760186526e-16
1.2368227896102501e-20
6.712494068032282e-06
9.718626427347013e-15
2.6923182908922132e-09
0.21364246308803558
0.04497494548559189
1.6982856423559452e-18
1.3373970595482161e-14
3.925087829382362e-20
4.4436107637889144e-24
1.2787032003304385e-10
7.819746302613397e-17
1.5097590030700887e-14
2.5474474787400385e-13
0.9295282959938049
1.1475197262221381e-16
1.9327746688341383e-18
1.3643359382707755e-18
2.171979304803759e-05
3.836106091228827e-09
8.798073715878525e-16
0.9295282959938049
1.2404434618692086e-07
5.009328980464751e-19
2.3929299809722985e-17
1.5808703590637692e-07
0.6015340089797974
4.714086249607892e-26
2.743241898915004e-19
0.9295282959938049
1.0067500854450796e-17
0.7551746368408203
2.4586713630306644e-16
1.2835914863120968e-14
8.378617030744394e-13
1.4038040665371781e-24
4.4594898667642466e-21
0.0653119832277298
9.66065332680935e-12
2.2691599836268646e-18
0.9295282959938049
3.1078471573339934e-18
2.5581101252797082e-14
5.997974996125883e-15
0.0003840848564617923
0.6132656335830688
4.98745319081644e-18
2.245861598356621e-11
0.9295282959938049
4.982621028827665e-16
0.23228301107883453
1.677405146405696e-12
8.045153338274892e-15
1.0114087256304063e-11
4.178441101137829e-10
1.0939771560584233e-10
3.7161874310540485e-14
1.2286824343024896e-14
0.7887781262397766
7.149061750721605e-13
0.00010097846109538022
5.883754765981491e-09
2.729383609925916e-12
2.975269897364908e-09
5.332625877377104e-12
2.3755594785388153e-14
0.4755460321903229
5.605074535958061e-12
8.99071054263093e-15
8.992941162508188e-20
3.6990324721140555e-09
1.950665481753902e-18
6.354429192695682e-07
6.356469452556847e-11
0.5720130801200867
6.380751581337963e-14
0.9295282959938049
0.9295282959938049
1.0208483207175242e-16
3.794105638441507e-16
8.627057234370512e-15
4.570490704005437e-14
0.23228301107883453
6.575443383666434e-05
1.0831373505462573e-07
0.9295282959938049
0.04006246104836464
1.792216940155372e-05
3.058209083248966e-06
1.2209043274943106e-05
0.7551746368408203
3.269092564219751e-10
6.470184391012024e-14
8.164434086423016e-12
9.908697461438552e-14
5.698888651680454e-18
4.724854070446358e-09
1.3189488668054645e-12
1.9443240847687675e-10
0.23228301107883453
8.046963838335968e-20
3.81094630509132e-21
1.3114010681369597e-16
0.00046290834467877656
0.7887781262397766
0.21364246308803558
3.1392565553870837e-06
0.4033033549785614
0.9295282959938049
0.9295282959938049
5.147725070058256e-18
0.0010640213047071745
4.779449780239235e-14
0.2749747037887573
9.13030957539122e-13
6.288336475666978e-09
6.838762612204958e-18
2.6089500575434066e-23
6.559686833226234e-13
0.605498731136322
4.2592460123410284e-12
4.325142813979818e-16
0.18732649087905884
2.6963511666538722e-12
0.6132656335830688
2.5574903910744047e-06
5.433502944055504e-21
1.7178928771753706e-10
0.7551746368408203
0.23228301107883453
3.1867644083280703e-18
2.303885502378187e-17
4.4064069237196564e-13
2.3823705844958113e-12
9.330615542289602e-18
4.384423904982572e-15
3.108978029888882e-10
1.807943575733781e-06
1.2909564004606695e-21
5.479387564083279e-13
0.00022555965678476564
8.428497231842444e-08
3.2197861002098004e-15
2.5014643584073244e-07
1.1351677433983689e-13
0.9295282959938049
0.23228301107883453
0.9295282959938049
5.143194484422164e-13
0.9295282959938049
5.1618043318204556e-14
4.795120570801812e-09
0.048329491168260574
2.5918483818029287e-20
0.6132656335830688
4.188430641987271e-14
2.354088444114812e-16
0.013081754278851276
1.4768584837673222e-14
0.9295282959938049
8.877720754884886e-15
9.792239203434276e-17
0.23228301107883453
6.378663547682425e-08
1.6798425208641677e-06
1.4917543908606152e-19
0.9295282959938049
0.4755460321903229
0.9295282959938049
0.9295282959938049
0.9295282959938049
0.010977072641253471
1.9126482975234153e-09
2.4771406278244356e-14
0.0004959803902059348
0.9295282959938049
1.2988189835844135e-16
3.850238105982234e-12
0.21364246308803558
5.233399991703755e-05
5.0407182800142896e-06
4.372159545675842e-14
1.0549988061339984e-16
1.539563248768404e-12
4.3988728806307574e-08
2.5187333693534764e-16
0.048329491168260574
7.099006798737013e-16
5.365605643714312e-12
0.3707473576068878
2.512785567521844e-14
0.64851313829422
0.3428870737552643
5.0895834202194435e-23
0.9295282959938049
1.4369188097804971e-12
3.62937427356346e-15
6.471774846079477e-07
1.583527161793481e-05
0.00016504602567370824
4.1240364432515727e-17
1.6980707726677478e-12
5.798392868404139e-13
1.2485646480790801e-11
4.196718217302605e-05
0.2829347252845764
0.048329491168260574
1.8917646593241808e-16
1.5038431268432932e-20
0.0012900700894286751
3.50841478308331e-16
3.4590758364558955e-16
0.9295282959938049
0.7551746368408203
2.8644623538048893e-13
2.461546913191132e-11
1.2180752989981952e-23
2.292414259304259e-15
4.892604908970533e-18
0.5717218518257141
0.9295282959938049
1.2500617210344747e-10
0.9295282959938049
0.9295282959938049
6.790444137628265e-19
2.2865479446985577e-06
7.99909581141488e-12
3.6414139662452994e-11
3.017396519906051e-23
1.2821132382497523e-14
0.00839930959045887
3.923433898629942e-12
0.9295282959938049
0.9295282959938049
0.9295282959938049
1.9407970925173875e-17
9.0692231340721e-12
1.792216940155372e-05
6.384814368257555e-13
3.720375896766426e-11
0.00046290834467877656
3.524489697997512e-06
2.506329935525914e-19
0.28537464141845703
4.835765146588466e-18
5.1310165511771477e-20
1.0450236221186875e-09
0.0011972947144875193
2.873418134081791e-17
6.009742029654051e-06
0.00839930959045887
2.7092290523091248e-12
0.9295282959938049
4.013882313235764e-06
0.9295282959938049
5.145530333888216e-18
0.9295282959938049
2.7189804159600052e-12
2.775113743546731e-21
1.184820958717694e-12
1.9288313856579402e-16
2.842716300654235e-07
1.5316925005805125e-12
3.934230477867129e-19
2.1237038204935134e-13
0.9295282959938049
5.657156093883676e-10
4.994855624975897e-07
1.955224601298451e-07
0.9295282959938049
1.5887736650584796e-13
5.100507271517373e-07
1.0002851577418673e-14
1.979833749314556e-22
0.64851313829422
2.141661630598285e-22
1.176839643849861e-20
1.250219636370426e-18
5.878899392696436e-17
7.955548326462994e-16
7.660194370473647e-18
5.20017815768311e-06
0.00016504602567370824
0.9295282959938049
2.852253370349586e-20
0.9295282959938049
7.231785041265239e-08
0.9295282959938049
7.185637352237339e-08
3.1617185389919673e-08
8.16867366637868e-15
6.614393953823515e-11
3.551058693731747e-16
8.31528926560519e-19
0.9295282959938049
1.3337752088333263e-11
4.133751929239345e-06
0.7551746368408203
3.450300579822523e-16
4.013930466018769e-19
9.895849537742141e-11
0.9295282959938049
5.127445608817998e-23
1.9503450836539714e-13
3.789918102923167e-15
1.0175504689030224e-08
6.12922866204429e-11
2.779778434284786e-05
4.960314988132114e-13
0.00013188100511639378
2.6888451256110745e-10
2.620098656546611e-15
0.9295282959938049
1.656345092208255e-16
4.730238903468915e-16
5.823693608581477e-20
0.3542780578136444
0.9295282959938049
2.6408867123213197e-16
2.736322919305279e-13
0.7887781262397766
0.001097267958062656
0.00839930959045887
1.4331995846736494e-06
0.9295282959938049
0.0001943049135479153
8.635363050200942e-16
4.4103417588342726e-18
1.1725116232520066e-13
9.770954761214039e-11
1.7116672908794241e-18
0.0003358702492135882
2.662886867859917e-07
8.66958653486344e-10
6.705311739635725e-17
0.9295282959938049
4.114407089618523e-13
1.0676015863835385e-10
0.9295282959938049
4.7196253644708e-17
4.280287151897126e-08
0.21364246308803558
3.1765575391969345e-11
2.915210904702934e-15
8.185041251988719e-13
1.7627724551449457e-14
1.7637161205713042e-07
3.532878887045993e-17
7.52158397126328e-16
4.086194361131954e-15
2.4275431327207436e-11
3.732274758962986e-15
2.7584485392765134e-05
0.5717218518257141
1.3674176730044699e-09
0.9295282959938049
1.8553085077812053e-15
2.3628772709371654e-14
0.7551746368408203
3.3895195382032395e-15
8.149962064531727e-20
8.837881823610516e-16
7.665043427900853e-10
1.1295452213707069e-05
0.6621439456939697
2.9424056064756813e-14
7.722991139962434e-14
4.881589338547927e-17
0.9295282959938049
0.9295282959938049
1.5237799393409477e-13
0.40374740958213806
0.7887781262397766
8.537942495169474e-30
1.1225471342365229e-15
0.010977072641253471
2.7477111688757797e-18
1.1568558638240969e-08
1.529643353515647e-15
5.36484676441944e-14
0.9295282959938049
4.6126468454750155e-10
7.893677212463567e-06
1.0837994035288824e-14
0.9295282959938049
3.923144163958367e-17
4.419705582103144e-12
4.578225851539466e-16
2.2350974834706726e-12
2.019460764916706e-07
1.5372949558630376e-15
1.2593417735595439e-14
1.599670625829914e-10
0.7887781262397766
4.614973105920668e-21
0.00014051799285111181
2.5501400384361243e-17
1.450319218871431e-19
1.1630437437373627e-05
1.1100849149111632e-14
3.5559859857318235e-15
2.2697065490225644e-20
4.340849478829151e-14
3.901629493898178e-08
0.4755460321903229
2.568798372903413e-15
3.307438824413914e-29
1.306654305230728e-07
2.146334878017482e-13
0.0008387781990309708
0.9295282959938049
7.326392773458015e-17
5.975817946415003e-08
7.460645110222858e-05
2.9088669543391765e-09
1.0453696097768487e-12
0.9295282959938049
1.0808358691780756e-12
2.9683042728093396e-19
7.422159161334045e-13
1.6903646781386087e-13
6.679407073292026e-11
4.244032222648836e-11
1.8350846797767833e-18
1.1392095521612337e-16
8.719039700051656e-19
1.7908800306884526e-14
0.7887781262397766
0.7887781262397766
8.160752499227413e-13
3.723506029461397e-18
1.839652110478503e-19
0.048329491168260574
1.0578603958871915e-13
7.472260581531176e-16
8.296815916769799e-16
1.5480795261999562e-18
1.706207159281906e-08
4.249641373520729e-22
5.737636733665262e-08
6.107901955747298e-16
1.8055396898960123e-23
3.7480882132581517e-22
4.798458547822039e-30
1.2573922734259382e-16
3.843516510520937e-12
5.870285468567249e-19
0.0068690427071496085
2.2788355327370116e-10
9.185278407572619e-07
4.381597450624468e-20
1.8924347486379435e-12
1.7914859062128642e-20
4.522381349256821e-18
3.570994368752385e-21
3.0187854919526456e-18
6.706909297170357e-16
1.1810527382155381e-07
0.9295282959938049
3.350186211826058e-19
1.216675643930032e-22
0.9295282959938049
0.9295282959938049
1.063946936817457e-09
5.367435909459527e-11
1.9874825683357622e-12
1.7719429418873397e-11
6.880159653816388e-13
0.00030056196820843137
0.0008131561284564701
1.566464696237947e-22
7.205214410053436e-15
2.2120673306744845e-15
5.1495806583889285e-15
1.7926132294766223e-15
0.5717218518257141
2.0692355448436587e-14
0.18419820070266724
1.740939040292352e-11
1.202794049806625e-16
0.9295282959938049
1.477322676798396e-10
1.9408032001119148e-16
7.142331328604151e-11
1.8770968461206927e-26
6.892108677326657e-14
4.597569032842256e-12
5.498860741736468e-08
8.334779107593256e-09
0.013636158779263496
2.327578885321721e-10
0.4755460321903229
3.2798358984772627e-13
0.9295282959938049
1.2119529738567494e-16
1.0029990674514859e-11
1.899282155691256e-10
7.036118074101797e-20
1.6906987363027008e-21
2.4803251053169017e-17
3.537098774024309e-10
1.9280097780564197e-07
1.9425351304110064e-06
2.0196715045932777e-13
1.0626631234068532e-10
0.9295282959938049
1.5136593835818354e-16
4.3748255929493416e-16
2.269974590331546e-20
0.9295282959938049
3.0108361126813136e-17
2.342253068907595e-08
0.9295282959938049
2.8822105720486002e-08
3.011058873492755e-16
3.307172776755422e-11
0.4755460321903229
6.767642188934378e-11
6.641366708769108e-05
3.9907089652684194e-11
1.378136850154799e-10
3.618665417749506e-18
2.603756174466119e-18
3.9226081948120157e-16
2.029109728974599e-18
2.2959565589203374e-12
4.976801209605713e-05
1.079352663534656e-18
1.361999411396199e-15
8.708309141825164e-13
4.701919070302893e-11
9.460948958999536e-08
6.334916168880842e-14
5.9404032881141754e-15
7.336378442742337e-16
1.8134763494184594e-13
2.5408648224061325e-11
1.4350745811849618e-06
6.331719780747382e-10
0.5720130801200867
4.347297811739954e-22
3.283605602182426e-07
1.617013615357369e-05
1.5297781484357438e-16
1.9842853666376788e-20
2.7584485392765134e-05
3.935040730371271e-12
0.048329491168260574
2.5540487324694616e-18
6.240960319298398e-10
0.0653119832277298
3.726951783842413e-16
7.35236583442947e-05
5.414630183361818e-16
6.099136580310302e-07
5.143194484422164e-13
0.9295282959938049
2.7377904146618082e-11
2.840640000168177e-09
4.512946473115915e-20
1.41527812129039e-17
2.3936069517810582e-09
1.513641333681177e-20
8.443985809023493e-14
0.0008387781990309708
6.4765883411646625e-15
4.616354745066453e-10
2.5747842692211644e-14
5.1708188778840044e-11
3.672791506112671e-12
3.0319833846762043e-05
8.302918462042261e-13
1.7906331715412633e-15
7.231239579011396e-10
6.156394129937841e-11
5.5596611128042385e-16
0.9295282959938049
2.8058571006860174e-15
1.7750153963066126e-22
0.40374740958213806
1.918365678272779e-13
2.6817742331278865e-07
2.1772576309364503e-18
1.2113088442771147e-17
6.240133865878621e-12
4.7793909172535885e-25
0.9295282959938049
8.567801036494684e-21
1.942559784273001e-22
0.285014808177948
5.813634831137253e-05
4.065441102882537e-09
6.30345879812459e-19
4.224753858633067e-13
3.008716406425215e-12
0.5717218518257141
6.123427702464552e-10
4.076239609301491e-10
1.8449926371924337e-14
2.988092274347789e-16
1.1049317686797075e-17
3.409117156560015e-13
1.0542350021824779e-14
5.449974954570408e-19
3.693608876653284e-21
6.427224331248917e-07
1.792216940155372e-05
0.21364246308803558
1.7057618522392813e-15
1.8868939680598747e-06
9.821387122892496e-11
0.7887781262397766
2.248672535277762e-12
1.0247618678316568e-14
0.012197404144067336
2.2921695153060363e-08
0.033374863520968745
0.4755460321903229
2.25607425179582e-09
9.364170042892218e-16
2.5031005872176406e-19
7.06462823006793e-14
3.360754217486321e-09
5.879986512021602e-14
2.29835742891748e-14
1.3812775802610426e-05
4.057068201407793e-13
5.084967540594964e-08
1.1838718888159612e-17
6.678349509239073e-16
3.862117849289584e-12
2.4365475127892897e-15
5.537433752587191e-16
3.873934783071092e-13
2.0457001902967e-24
0.9295282959938049
6.209876203525731e-19
8.567590306009477e-13
0.14456528425216675
1.1451996397664695e-10
3.4770545268813476e-11
7.719824661441089e-25
1.163348556762229e-13
5.942143111076517e-16
1.2805311990309332e-05
0.0004959803902059348
0.7887781262397766
5.247867519080549e-14
3.850548552112562e-19
1.6570942737592682e-13
2.8185914695539494e-22
0.7551746368408203
8.775085796325096e-19
0.7887781262397766
7.246985669595385e-08
0.9295282959938049
0.6015340089797974
5.755192097908856e-12
0.5717218518257141
0.7551746368408203
0.9295282959938049
0.013272339478135109
0.9295282959938049
0.9295282959938049
8.340162532207472e-20
3.982557229606195e-15
1.5847550904528855e-21
0.00022555965678476564
0.7887781262397766
0.7551746368408203
0.00839930959045887
3.614584346766717e-21
2.0907600859469078e-06
0.4755460321903229
4.051172816169378e-16
1.1493058154751378e-19
1.5982911232453114e-14
0.4755460321903229
0.013081754278851276
7.78696157080578e-18
8.529118045214335e-14
2.327390992456729e-11
2.0354349805431133e-14
1.7092551955642295e-06
9.269298196669142e-16
5.745262483168836e-07
7.857021616678498e-20
5.08949100102883e-20
6.148819432922104e-06
0.002200167900094918
7.422935859972375e-18
1.082769675789916e-12
0.9295282959938049
1.913362743312841e-35
0.18132321536540985
6.924285761470775e-15
2.376497706217847e-14
9.513948936681257e-23
1.4165137137563407e-18
0.013272339478135109
0.9295282959938049
1.647059104395878e-05
2.283125857535338e-17
1.8606819641161582e-16
3.1193841124105213e-13
5.93543271461682e-12
1.9496161915492145e-09
1.2462026062862484e-14
8.369664020929847e-15
2.589076271783612e-10
4.113036259835519e-17
1.4073911753985741e-18
2.968628245276412e-18
1.3409075642278763e-12
6.915450764816021e-13
1.7179137935676162e-14
0.9295282959938049
0.9295282959938049
0.7887781262397766
2.0894535439852446e-22
1.0815365686011443e-17
1.2573464209212963e-13
0.5717218518257141
1.462043128350342e-15
3.9907089652684194e-11
7.398421168346016e-21
1.3143051997649984e-12
7.90047505228428e-05
5.070556228054563e-13
1.0128234187410744e-05
7.751992504389438e-16
1.6666121586443062e-19
0.9295282959938049
0.0017018153087550864
2.8163447920935487e-15
1.4542514625249683e-11
3.047214586411509e-17
2.1204672535932847e-10
2.5781088693124188e-12
0.23228301107883453
2.86339855781397e-14
4.793158898601133e-20
4.776369608464423e-15
2.460173857329408e-15
4.991624009486538e-16
2.5031670950340787e-14
1.899638206137784e-13
5.33273137290603e-07
3.503874557057044e-18
1.7547528958216482e-11
0.034532651530630495
6.922233251250419e-15
8.854653197110594e-11
0.7887781262397766
0.9295282959938049
6.01829197498999e-17
3.822036170779736e-08
5.419352739586078e-16
0.23228301107883453
0.9295282959938049
4.971058635468488e-13
2.5045294983038733e-16
4.3191368449797806e-12
2.1112193389681476e-11
2.0081862279320974e-17
7.822289074575902e-09
3.4266048039464542e-15
0.9295282959938049
4.1893932577562994e-10
2.6921872693477926e-12
3.489051807324559e-07
4.342446845169859e-16
5.02506548128156e-16
0.00036895416179220236
5.584046353732634e-20
2.5272494404623567e-09
1.5865854643372726e-13
4.2869239656094166e-13
2.3912739411165476e-13
1.2202757533379223e-17
0.5717218518257141
2.3199136080745885e-11
1.282942764017294e-13
0.9295282959938049
0.9295282959938049
4.729596432347186e-08
0.012197404144067336
1.1217741402515369e-08
3.9942401225445385e-14
3.2529136343960028e-18
0.4755460321903229
5.867015118084954e-11
0.00834024437031199
1.860838465090454e-11
6.352400573284893e-13
8.990062885817294e-14
7.282306627985456e-12
3.346089889604058e-17
1.4285042177741107e-10
5.788622302341355e-19
2.3260241327440457e-16
0.23228301107883453
0.7551746368408203
0.17785584926605225
3.749000126429058e-15
2.2675590898510255e-13
4.571036868398672e-19
3.058209083248966e-06
1.6064168350331167e-05
0.7887781262397766
0.9295282959938049
8.536848934455031e-17
4.003347802800373e-18
1.1784706660315089e-15
1.3576843042421853e-11
9.79520483523772e-07
3.819866679075161e-16
2.276092826875477e-16
1.7371103121335113e-17
2.8730272043660126e-17
0.7887781262397766
6.966122318912545e-22
1.1933489907409984e-14
5.734502694697783e-14
2.171979304803759e-05
7.331144739930576e-05
7.822289074575902e-09
3.4623205215328182e-18
7.001668980263815e-19
0.6268301010131836
1.579452821896072e-10
0.7887781262397766
2.474327856025594e-17
3.412942552665517e-13
1.1077165592831243e-11
1.9301319496128942e-10
0.9295282959938049
0.7887781262397766
1.4128897320733441e-11
3.4543790172135494e-17
5.0859327848253396e-14
1.5361770894323966e-13
1.2210530762098102e-14
0.10184282064437866
0.3480766713619232
0.9295282959938049
6.3097437436203575e-19
0.7551746368408203
0.4755460321903229
1.3308398727304743e-11
7.246985669595385e-08
5.737636733665262e-08
6.245171846947348e-20
7.341571317251262e-10
4.374750178866249e-16
0.23228301107883453
0.7551746368408203
1.2737384698398346e-15
0.0002893881811606904
4.603494632303667e-17
1.4143961385032741e-09
1.670294454285595e-14
0.00037129443700820164
0.7551746368408203
1.302945414239387e-17
0.0024288109104541045
1.8555324806471793e-19
1.542926457948758e-13
1.423423973084181e-05
1.2512311556287354e-16
0.605498731136322
5.520984653451136e-13
2.7327235672898874e-18
1.3674176730044699e-09
0.4755460321903229
3.3821006794509407e-05
4.8758127849082745e-11
0.013272339478135109
1.3674176730044699e-09
1.8432142574007983e-19
2.095682052334764e-15
1.9704133865297933e-12
1.8551400381273956e-21
2.035156393412488e-14
7.089010569609051e-28
0.5717218518257141
2.3754261811671e-16
2.843442965224088e-10
6.128659943378382e-13
1.1025085188821941e-20
0.9295282959938049
5.743960085266881e-26
3.6667755106673627e-10
1.3460595690663523e-15
0.3428870737552643
0.00022555965678476564
1.3833789799479241e-15
4.261595825437211e-09
2.7002875196396377e-06
4.4829418474580144e-09
1.6458899959471244e-12
4.345995757540065e-06
0.04006246104836464
4.277402773615816e-14
1.4607966249439038e-17
1.7734055635544332e-07
0.013272339478135109
3.4640877073482625e-14
1.9086794241843318e-17
1.1860314113754543e-15
4.036820296687352e-17
1.898208795884662e-12
4.280287151897126e-08
9.29429942955862e-23
5.587044520923548e-15
5.947526392682891e-13
1.379426556269673e-13
2.841736553577926e-12
6.589823679287021e-06
6.622657864767361e-16
0.9295282959938049
3.5641247951485052e-09
1.4488632286193992e-12
4.750242293850486e-13
6.402257265616583e-11
0.9295282959938049
2.3370212866365352e-14
4.510754906648478e-14
8.668754165151945e-18
1.0528248564848896e-19
1.8787122935065855e-20
9.524452957006476e-17
2.5992751311028826e-11
6.038642829593829e-14
2.6791529265312283e-09
9.290897424632696e-14
1.2544029010424358e-16
9.909726192794213e-11
0.7887781262397766
6.547946532941865e-16
4.491220493514138e-15
4.0922369838153056e-10
1.6988532334533217e-16
6.735101616366741e-15
2.765760304753501e-12
9.38446988414667e-13
3.403529957884125e-14
4.307420006256188e-15
1.4969957555136214e-09
1.1637895827125301e-17
0.2632427215576172
1.2326893304142639e-08
4.1394435812138815e-05
1.991585952110474e-21
5.141341942993074e-06
3.6900922970113453e-17
2.99625400077195e-20
1.3551299292709865e-19
0.6015340089797974
6.494780427347369e-09
1.2485646480790801e-11
1.9576574318271028e-13
0.37433815002441406
0.21364246308803558
3.3593517418982595e-06
1.4800553552080013e-13
0.3428870737552643
7.748183817900201e-16
5.963185368157605e-17
5.282678033153107e-13
2.3330269443474003e-14
3.1962343490956442e-15
3.866171557574522e-21
3.662813770536121e-14
3.973613537486325e-14
0.7551746368408203
0.40374740958213806
0.9295282959938049
7.246985669595385e-08
0.6015340089797974
2.498934249349663e-14
7.625048404057661e-11
2.9840760174563863e-16
7.879964010901024e-14
8.358599706356362e-14
7.665722771065521e-13
9.023869733007718e-20
1.2657879094228443e-12
3.864486069126239e-08
1.7824448820817515e-09
1.467929564075796e-09
8.485354901718412e-15
5.847307201434727e-17
1.8224795748549088e-19
3.036804309284477e-19
4.0291121039956946e-19
0.7887781858444214
0.4918241500854492
2.5503650166299208e-08
8.858352984988348e-20
2.7770592219622563e-11
3.544101950622906e-18
0.00014629262527955308
0.4755460321903229
0.571721076965332
1.189148322192497e-16
1.7888299292253902e-11
0.571721076965332
5.079927065288184e-12
0.9295282959938049
0.7887781858444214
2.775694031008034e-15
3.0165114493461327e-07
2.6517811328446246e-15
1.1662795011912796e-08
1.6040049276596555e-20
9.472735849377027e-06
2.555709890073036e-15
0.0012653325015966194
0.9295282959938049
5.365879243218251e-08
1.0857168838389718e-13
2.6727733410556622e-11
0.7887781858444214
3.25348632940911e-15
2.1597487618178096e-14
7.864988972666816e-16
0.9295282959938049
5.421783497835558e-11
7.948246028338596e-15
4.916344494888136e-16
1.0837520862028991e-11
7.606430799219715e-11
5.037109652481342e-19
2.041469863946322e-10
2.340657860752991e-14
7.665505315888028e-17
1.0910386525529203e-07
1.4702475373056945e-16
1.9568039914609004e-13
1.7119573391948545e-12
6.712498830868462e-06
1.9000254595663584e-19
0.7887781858444214
1.1086502456900546e-07
0.4755460321903229
5.129130746624323e-20
1.4727572160029695e-05
0.0005851263608963944
3.5044383642517167e-16
2.3126903980261778e-15
0.0004629099190523456
1.1837550617702906e-13
1.1814924507305944e-18
0.34288710355758667
0.7887781858444214
0.011108257802230903
2.0296047993249407e-13
1.2264534681782938e-14
3.673709941965564e-16
1.4701653858092972e-21
4.6375398176319905e-17
1.3917310981932628e-18
6.949269364942305e-14
0.2632426619529724
8.026019430787554e-17
1.5395457597911712e-07
