2.487628180833314e-09
0.0016245985271317598
4.3453691965160244e-26
5.538241608293165e-26
4.545704646343881e-25
0.07412316223950097
1.4661595231368546e-21
0.0020976646974448705
1.0614169010728992e-06
0.00033857461649357094
2.949145058051863e-21
0.15002116477578248
0.04427380826208083
6.689533439873615e-06
1.0336835985111101e-16
6.370003086541142e-34
3.456506251823415e-05
1.9622067258186797e-24
3.7863469498143387e-10
3.804219121889783e-12
7.449519165046859e-12
2.676422983852723e-24
4.4343085159978535e-05
1.0507869210433694e-08
3.509644689659318e-19
4.439291826498937e-13
0.0010155553281773408
2.5561864571357312e-18
1.0397421917479636e-06
0.0001027691648131544
7.034695176484331e-07
0.0001674168877816521
0.0009122440115123948
3.095323637416181e-33
3.271949053084931e-12
1.9844782739563687e-18
0.1106618868258432
0.0007960261203832086
1.557421725350477e-20
1.990847692713388e-05
0.00012068483642909203
1.042677517565873e-14
3.415161070464902e-05
1.0256500318015978e-12
2.7008053918626325e-16
1.9489357817921412e-26
2.2592333548310968e-17
4.262602720004713e-11
2.8851138080640995e-07
0.0002480156538288425
0.00031807044920743877
2.976003526688134e-17
1.5842198426873253e-18
0.0020976646974448705
3.715391718536885e-14
5.513863811404888e-13
4.523059703015143e-23
3.222003088029731e-05
2.2657654368496733e-19
5.657029087351929e-17
2.8835796397527223e-26
3.396243099174948e-13
1.5749344235720362e-07
4.0469264647473394e-21
2.1163342124302641e-10
2.605821943815956e-12
3.511064487718675e-14
2.1631549616753294e-07
1.59266904649267e-19
0.0018080941541317543
8.434373176985555e-06
1.9012012040136334e-23
6.6871062774813325e-18
0.03702385844496548
2.1845625754342465e-05
1.0761634006128529e-05
6.684108035244345e-25
0.0008546196427516584
1.666135400256503e-18
3.225990074057428e-14
0.0008649935520365498
0.00024676689600581017
2.4652679498382828e-20
0.16660087615154762
5.825890603722988e-10
7.973305445008927e-06
2.0467936052388668e-18
0.0018987190068600057
2.3243902635504407e-11
0.0002443430705030246
3.480200333933849e-11
1.1828195046991637e-05
3.1013154322669795e-20
8.847802276255737e-05
6.030146786755062e-18
5.955401302985746e-07
7.049731628510744e-23
3.906086807434945e-08
1.1456671965030776e-09
0.02582936105176527
0.0008796059072562062
0.03973718634183232
2.6554889058462507e-21
9.89959352656076e-13
4.75294722204007e-07
1.074596111191941e-06
0.0003999647800254219
1.7365273957899423e-05
8.220001588912318e-11
2.1966074949099608e-14
0.0001256008470472171
5.127654156532951e-05
1.0928093896200909e-12
1.9215107804724816e-06
0.000822605904494067
0.00019407598205810128
3.164410083352898e-05
3.740035383342031e-17
6.769586279220865e-22
2.9447609240498524e-12
3.34173678035568e-07
0.0013363090723100546
2.6050334275258435e-18
6.258411552853766e-10
1.0669786008504541e-10
4.035531503479971e-06
6.865347094328741e-21
1.671233067887142e-07
6.397009489947778e-07
9.918332297487416e-17
4.5164934615830263e-07
0.0004449872335920979
4.75294722204007e-07
1.7146538049939646e-09
3.91254440545505e-07
2.726328355789405e-09
8.729820074356011e-20
4.901611481934875e-07
6.033949749427694e-49
3.424383890614039e-21
3.6995864996852636e-06
0.2930165283167412
0.0057202316094535745
0.00028857730813198687
7.37055291637989e-07
0.0002893881811606904
2.9732591875413345e-14
0.0014366341427471032
0.00036509877108007426
3.777344768746539e-15
7.771777413886115e-06
1.2924561727048506e-14
1.882253226601734e-22
0.013459990496845207
3.1605626996989045e-08
0.0001395842569021288
1.1791969002795838e-14
1.0598561811955962e-06
0.0003090328667977832
8.839510345460335e-14
9.690373462029938e-06
2.6812434510596824e-14
0.003540018008827573
0.00014240938774243543
3.638700026208265e-27
0.0003795158622951858
0.000958084674664364
2.9601365389355136e-06
2.909918553734301e-15
0.01738879336703647
0.001450056445227721
4.024091236762976e-17
1.7020877221304682e-22
4.314667011639268e-16
1.8456079720233144e-16
2.3179594707638575e-06
1.1650480074599217e-05
0.0006988089545268833
0.010368819060862955
2.9157456317029756e-11
1.20428574252944e-06
7.889948174887267e-06
4.139950982718432e-06
2.858431324330617e-20
0.00017362706172437776
3.431006351646618e-20
0.017925546350475385
2.2921695153060363e-08
0.00015235149730206954
0.00027973951517735644
1.3629447085783913e-07
0.0004063333485779183
5.653223425578568e-05
0.000961160917752224
2.1598570441650632e-17
5.741518574128953e-27
0.0006565840016777919
1.799550397810043e-08
7.255885783814982e-05
5.217678438824488e-06
1.7004660973463114e-18
0.0002952434766034166
0.0011177615650096386
0.08983107098365554
0.0028639813132270804
0.00018637563935272725
9.051440246493929e-05
9.344743035805791e-09
7.775911310869564e-05
3.915375791061701e-07
0.22967851159863883
6.6041694078056e-15
1.631417650049598e-20
0.005389788362785418
6.317274714321194e-07
6.436904106213109e-06
1.802519050143925e-18
8.216359122747838e-21
4.0915772550503215e-05
0.001448281686939612
1.2032346926688314e-06
5.479493990689029e-06
2.4142673951892854e-25
0.031788800264212325
6.98885863933318e-16
2.0767273759941565e-05
0.001103563126721878
0.0002534607460452868
6.682965527554605e-07
0.020149598046351747
1.3970590579174866e-13
8.837080318977899e-06
1.4181484898333443e-19
2.187168099205345e-22
1.9774213784440116e-05
5.790123203037905e-14
4.503255617530245e-05
4.357066248426024e-07
1.46654855065458e-10
6.003046980984502e-28
0.00028626679476627056
5.890328769556636e-06
8.151336190518052e-15
5.291227747437545e-20
1.9267674222357916e-05
0.00010252540130149682
0.00024888128078992544
6.372082674761407e-07
1.0660718398776945e-15
1.25062292055894e-05
3.671772833666388e-09
4.906972981413676e-13
9.436665561193085e-26
1.868722714569207e-19
8.600427863658994e-07
2.4589642951636944e-23
3.0540083999006186e-19
2.273961302756377e-10
7.804779838526257e-08
1.8018259473019604e-05
7.614249969099348e-09
1.2457282309439749e-10
2.8751001485032302e-08
2.8133754373999283e-11
0.0007176783725942604
1.2099768713453108e-07
0.06396501703790165
0.00025897079125993677
2.445138000010011e-07
1.3326569637415187e-11
6.5393136040885765e-24
0.00031400791909484173
1.9427436244465582e-06
0.0003844005058341003
2.361590453894736e-32
0.00014172745570627254
0.000925005664226974
0.0005909072485651138
1.3858172598407816e-07
0.0002510097290630599
0.046924022166675135
0.00023342037682433023
1.4842001634873086e-22
4.6877756476291926e-08
1.2325534374586205e-05
1.3525478448710625e-06
6.317382786388925e-07
0.0005237815934526838
0.08334868579420496
2.0852466320608896e-17
3.988866774601716e-07
0.0006174112937383514
2.368954054605032e-06
0.0006113058633719359
0.0007582450197949966
0.00021120708990395726
1.9524553619605645e-30
1.4826994686152746e-06
7.834761102961835e-06
1.7000157489959055e-08
0.00036948148722062285
4.692907582189661e-17
0.0018576127410546875
0.0006732420191922391
1.0867639309537656e-06
0.013551978175454818
2.133023794635819e-18
0.00022162961585265456
7.219472059835816e-06
1.3781600377376156e-11
1.6357569092685013e-07
0.00019467530095391983
2.5660872480885992e-05
3.640885536858278e-05
0.00062091105212114
1.8774705546589445e-05
0.0005236755443058239
4.672753332636353e-07
1.1753511078501914e-05
0.021521374164513496
0.007280030721947534
1.186607137325663e-16
1.0425297064392448e-05
5.549665483241739e-09
6.003218920541696e-15
2.8533364664194414e-16
1.3937565555352657e-05
8.497850667552591e-14
0.00032839271533224856
0.00031695386701656843
0.0446663440718492
6.532567644144511e-05
0.001095980352280243
1.658926737731133e-22
1.5243459109926235e-23
0.00017535180385800514
1.6449687416570552e-07
6.217397244014105e-13
8.538424816062743e-19
2.6616719972170978e-31
0.0014664898969142272
3.003343038339463e-05
1.435252770723421e-19
0.0020976646974448705
1.311885453502652e-13
6.75606992120291e-14
0.0002638112377916779
9.832062369850693e-20
4.608099378391778e-08
0.0004985784812367028
8.60330163435994e-09
0.0009893651926974542
1.0945018383449784e-18
2.463873537006818e-07
0.0008824063701612442
5.4418321834497455e-15
3.779023511007941e-31
0.000144843107506231
3.7863469498143387e-10
2.8756317752969495e-16
2.557744539819088e-05
4.274461423241196e-08
4.914499598057214e-08
1.1509522564565421e-20
0.06130961020571757
0.005741839749666976
3.539797643221953e-05
0.0014680584972615312
2.3399002352838746e-05
5.330836158892229e-17
2.1396708957844816e-05
5.616235747779752e-10
1.748080088648425e-07
0.00034274635253529057
0.012695219968792203
1.1320172089389824e-05
1.0869310959611495e-07
0.00018880292535571053
0.0004043053796113343
3.44197999431688e-20
0.006292468295918041
1.0589067356478905e-06
2.2962557484322848e-07
1.931563414747143e-06
2.948054803005976e-20
3.6542661894995596e-22
6.466970944132574e-11
4.5745500953310024e-33
0.001008606847559941
1.0932297559617435e-07
5.150486240509918e-10
3.7730277807117093e-07
1.0733100095328192e-23
7.242743549048783e-19
0.0009969554037046469
2.667427726771582e-13
5.092144868326914e-05
1.794787683078819e-06
1.0836902619316606e-05
1.2451851711405825e-24
4.583528785040308e-06
1.7020877221304682e-22
0.0002659021477009263
1.3083989188019837e-25
0.1979019071798973
1.2026420292741774e-08
0.0002475634978904018
0.0006228620687432698
0.00014822275904022297
0.00019078409616700952
1.085806167212193e-21
0.0007096060210042138
1.3208601402578429e-09
0.4748862723245608
3.275230351842792e-06
9.51051703486383e-06
3.8628803330625804e-39
1.3097624924433862e-20
1.1295632737664394e-09
0.0023039304852117276
7.813754579789845e-05
2.16152874338282e-07
0.008173376863327073
0.00011121334406003928
1.7939811808680267e-25
4.332405331906426e-14
8.414015655885959e-11
2.6656217715177716e-06
0.00014385567413560934
1.0025225777898654e-10
1.708926911874822e-10
0.00034791913999922226
7.576127829286982e-22
0.0050214239088193224
1.561006151690177e-07
2.9844450254455304e-27
7.106811989923891e-29
1.7154174390210187e-05
8.46082851651991e-05
2.416528508818273e-10
4.719863685961986e-06
8.34961220959836e-16
3.385190014415869e-05
6.457897440829218e-10
0.0004896311246502993
0.0012726930378029258
1.2014416885991238e-06
5.726886263028034e-13
3.5976263956689805e-19
1.0387481567384031e-19
5.759584366934499e-19
4.75294722204007e-07
2.2549412138477572e-13
0.0005896985413476448
4.366521961084469e-07
0.012077714386729554
8.848007543319457e-05
0.000135994303212616
0.00043487666253838597
2.5561675359288197e-14
2.879343899039603e-06
3.9859756403553676e-08
0.1180828672482083
0.006654943471359587
4.5132665902158746e-05
4.239623345721328e-21
0.00011900682433770687
0.011048575468952215
0.0009992740129834352
6.497109380504547e-08
0.0001243310599789542
5.374406544073395e-16
8.670491383689962e-19
0.0008203456654385981
1.7615710914319775e-06
7.20448651816629e-19
1.1997312585345531e-13
0.0008263794816284614
3.3342749088107e-07
2.269801044761471e-07
0.00016495716270673467
3.891045310750385e-06
1.3142564616658542e-10
0.008586356597811484
4.3672697874168434e-20
4.9402334075784425e-06
2.631602435504009e-05
3.9522782254703443e-07
0.00041401940156893247
1.5863173506792174e-10
2.4910243212114153e-09
1.3630833074139178e-15
6.587163060211881e-06
3.1553697422372584e-10
0.06125007035106502
0.00036043682268935284
1.5111141317824921e-05
3.7636607218039615e-06
5.538518589685792e-07
0.0019884940249397937
0.005092366972412057
1.0570212963470743e-05
0.00010407261505550914
1.1885323996645743e-05
0.0003787415379207793
0.00023619938206599633
3.152203435416749e-05
0.08403124888102795
1.3320519732159208e-17
2.854947080635569e-07
4.968469026982314e-22
1.0411214637559949e-07
7.201238288130576e-08
0.0001396963396878663
2.539962677515358e-12
4.346483598668571e-09
0.0008693107942222555
0.013462842910306761
3.555782643823313e-13
1.867446090122485e-09
4.863786363212242e-08
5.606499489985813e-23
1.8383727965999985e-13
6.467883287805948e-07
0.030661970375655507
0.00012586398766009296
0.0009572914700556119
7.343273008512548e-13
0.00013589108742735612
1.7335996795459812e-05
6.489682941987247e-05
0.00015974520185610928
0.0012586228548232478
0.004477635396160706
0.0019303191033707978
5.313372581622925e-08
0.00041233459046564544
0.0009185930957889832
3.3217617580572603e-10
1.2394739130064822e-18
3.944223550587016e-09
1.5997197240635212e-30
2.635636507747851e-08
3.1156385100370305e-08
1.9328795952936646e-06
5.308763023000963e-05
2.0261812345800963e-07
2.5561864571357312e-18
8.228634072945766e-05
7.897277702684893e-05
3.1487263798598504e-05
2.641284160742732e-27
2.2867233333993984e-06
0.006441489842880954
7.992811624782929e-05
6.385037347696345e-06
0.00013129135250415693
0.002590063385159505
0.0009479871914126956
3.9078528392634232e-25
0.042017554216424544
0.0006226789058006166
3.405750639105223e-15
2.630003361427345e-08
0.00029520060223212075
0.00020662775234731728
1.889595608001036e-05
2.0291579641067318e-09
1.381525953124907e-07
4.93368589360519e-10
0.0008009799220728003
2.0119401192226356e-07
0.00026325221129237103
2.073920053791628e-06
0.00011042448924798373
1.7639613290900095e-11
2.981160140605806e-06
1.324660013146857e-05
2.89037850829277e-13
0.0006631782521221014
3.924478570559431e-08
2.5801128984087927e-29
1.9838147136191933e-07
8.389713150786705e-11
1.89752171846605e-20
3.671772833666388e-09
1.7516198358448445e-13
6.479542972959858e-28
3.560339166946772e-10
1.6243169723155918e-06
7.560698466564113e-11
0.000954590017007706
2.2523787078701237e-19
3.992950143737389e-18
6.100364688547914e-24
4.59061564111112e-13
0.06718992513133641
5.236275279202319e-05
1.8463559739158648e-05
0.00043592976179245013
0.00034302923835072497
0.00045454303382769
0.2396738059133554
0.0005403770322568099
8.256563428283246e-17
0.00022778706809530096
6.81766858930007e-24
1.1233682620302326e-29
2.144837836881899e-08
3.455335745923849e-06
6.671764976325978e-23
6.586900917181069e-22
0.13070284341783617
8.160925761704643e-07
6.169304544923353e-14
1.6810977148424496e-27
2.7937562351328986e-17
1.1829734142963196e-09
8.381968331518244e-17
8.641670975829772e-06
5.021350426029555e-15
3.311251108169021e-17
3.2391978279417465e-21
3.859459569830878e-08
0.0003048791135139388
0.0004181733347377557
0.0009914374344211746
5.778801558366744e-10
0.0003720264454936379
0.0008325395714836072
2.30361990123601e-13
0.0003858450421931406
0.00015422076994382923
2.2962557484322848e-07
3.7201799816198444e-09
0.0007600527889648906
3.4557698435684666e-12
0.007043902505517714
9.386103761557088e-13
9.492884348861017e-20
0.001935885221743705
5.286518531645453e-08
1.661687167356504e-05
3.68488827554805e-20
1.1935950774304917e-13
4.108446947838774e-18
1.3510416397851134e-06
3.564079668572053e-13
1.2993289586845282e-10
3.365496832789698e-16
3.788411358180781e-20
2.4380010037959205e-11
2.99772801461162e-05
2.3858124916220713e-17
5.626373306579628e-21
6.574189757134919e-24
9.565221200316957e-11
0.00681977752869303
8.567316742036224e-06
3.008698446425069e-21
7.17697673735599e-10
0.0007978076443671838
2.8137219051354254e-14
5.428093554972208e-06
4.166087601612226e-06
3.407356918445339e-06
7.383358472372728e-08
0.0005105125087375741
7.859900856395958e-26
0.01655638759412258
3.7563310618818776e-06
1.035022282456284e-19
1.1184526107711299e-05
7.48052761260481e-08
9.808554627638007e-06
9.37043751703592e-06
3.4054377845139234e-32
9.092652251394858e-06
2.795174608151056e-08
0.09237265182260579
2.74636955921043e-08
8.941854215515769e-06
5.9161651007373085e-06
3.984626736726841e-10
9.091698196810592e-10
0.0010100607411167584
3.008087309151552e-06
0.0001748750866818853
0.0003555494791420152
2.046152723524053e-13
1.3703501577364606e-06
4.5042821972423624e-07
1.6844518380552893e-05
3.3163708808022066e-25
3.836106091228827e-09
0.0002861903741703045
1.4108748282877062e-13
9.18941849840975e-09
0.0008327409794639043
2.0858881666590544e-05
1.7172558420175227e-11
6.958358866056555e-17
2.2916299402407314e-06
2.8961881615884356e-08
4.533020951320116e-16
2.71068514907327e-05
6.41107095026538e-14
1.04329755772448e-08
4.097439257612317e-06
3.73350961302583e-05
5.6280374544372e-11
1.13829953835872e-09
2.4893340224927605e-35
1.2506534067969763e-05
0.003870947600023093
3.3217617580572603e-10
1.6175342632418576e-09
2.361665709761862e-07
0.0005580600077965264
3.7908955074532567e-13
1.7222033485073618e-21
2.4704371912247685e-07
1.4695539488744927e-10
6.060524159987426e-10
0.00021700631431814145
3.699255787511169e-16
9.616632424152421e-05
2.3187863487170506e-05
1.244683330160895e-08
0.006455654566512668
1.357805781268869e-06
0.0005625088503131669
6.493451853147376e-07
8.813210951213555e-21
0.006134978304175448
1.6341720613212434e-21
1.9518211924885595e-16
6.750293087173293e-07
0.003715859432527835
0.00308790471727845
6.523787940192942e-07
4.263970319605522e-06
4.683835561103358e-12
4.9429901863030576e-05
5.119607239391938e-06
0.00025505752538519183
0.0027740099053976536
3.427289860065532e-19
1.487823354916148e-11
7.06628836045638e-17
7.059845709605115e-09
8.373120931009292e-11
8.312696024358077e-20
4.756605692459663e-06
2.3502139438851645e-06
0.0007734812320062678
0.0014275993687674659
3.0094563272768483e-15
3.162849793506264e-15
1.1503757986369104e-20
1.1272187917500647e-11
7.22932509389261e-16
2.5707520736294517e-22
2.540797936543486e-17
0.00785185412003227
1.7344371220277148e-22
5.941762674784232e-10
0.00026370703899240497
1.3121816157523307e-06
3.755192725836191e-06
0.0005304264879209958
0.017342383303767157
0.0015794716846592727
3.0083079917092677e-09
0.0008796059072562062
0.0002708589122179944
0.00018099928511207744
2.600899652938449e-06
7.319540357819033e-24
3.8707783391181283e-10
8.674242449886945e-18
3.235236328115957e-11
7.583489843273298e-15
2.8468218092202684e-11
9.97574515506997e-20
9.258879064119045e-06
1.5832842708278344e-19
2.6477831986524665e-05
1.612906071578484e-29
5.66096998579759e-20
0.0007051379451789574
2.221659502415919e-06
2.1452198410703414e-09
0.00014176124774700847
2.409187166676532e-15
0.04622971972900108
1.453529542111017e-14
2.477126684497831e-16
4.805268155244584e-06
1.7375473821257937e-08
0.0010425228347214297
0.0021090227921249233
2.458295399581037e-16
3.0609226789582336e-17
1.3119003231895667e-17
3.725547889429545e-07
1.223664629153051e-05
0.0012271409111005264
0.0040360070682451425
6.596484439066811e-05
0.0005842045292309035
2.2153275694724892e-05
2.187361017439617e-11
1.0461442719520594e-07
4.848360239135589e-08
4.493046363567494e-15
0.016669928090535163
1.3990961724560586e-07
1.301007824303569e-23
1.1065529785848845e-06
0.0020976646974448705
0.0008796059072562062
5.662968885015448e-22
9.217238281493913e-21
2.8941377361744945e-15
1.2099633656443746e-07
9.292680869623319e-10
8.43198773852254e-20
0.0039934075034390145
6.064812408949243e-12
0.0025422001770749048
0.0020986577707951537
8.242650786005112e-19
1.9429621887279667e-06
1.1796935244234505e-11
3.676967401677415e-06
6.456146013420701e-11
2.135552594099918e-15
1.4496132091761094e-06
3.148285580953382e-13
1.1495378370927407e-33
5.90014415558613e-09
3.671772833666388e-09
8.708747369470997e-12
1.2853219749566377e-16
1.5294543880071246e-14
1.1503084363822297e-20
6.329183054503437e-07
2.3310725049607883e-25
7.357031852230655e-07
4.835424011514881e-17
0.0023228733013909153
2.684394507082214e-07
1.2996341972489391e-27
5.233399991703755e-05
9.743796620938589e-15
4.4238551692991376e-09
1.4219014886966926e-06
5.224123536045234e-06
0.012135446541976515
0.00016800794613060655
1.4037340682414387e-23
4.645429949698225e-06
0.015377875674799235
1.3630140642553325e-13
7.524425791512017e-05
9.333909665117254e-25
3.2637092482717304e-11
0.0002491739707365416
1.3657709615048432e-09
0.0006219006432435503
2.043885958032226e-05
1.1176675922339967e-05
1.583527161793481e-05
0.00016504602567370824
9.173675439107424e-06
4.865098188579307e-05
0.00043141141939673916
4.700198887172644e-23
9.86107944945099e-05
0.06292950482625456
4.610466965043748e-16
0.00013894791399919441
1.3370487411614388e-08
4.706693580834312e-13
1.1342130644391614e-05
2.163387029933793e-06
6.762394584630912e-18
4.94179197667482e-16
3.248236393405264e-07
4.991853263912094e-16
4.878611382546818e-09
3.68817327511446e-07
3.1715225410828673e-06
5.88583339116077e-20
4.316468854068293e-14
1.3588754038737292e-07
1.3629398440371746e-13
1.6626943073518277e-15
7.76741549070852e-05
0.042461619615171996
6.756714575314603e-07
4.8450163245868665e-05
8.775219433195505e-07
0.0001917776368625234
6.431535116451322e-23
1.0347932916255816e-18
4.02575949135235e-13
5.62699132765444e-13
1.2597024395084167e-11
4.694975740533651e-06
1.608640968536392e-05
3.2308903448033916e-27
1.1201896029236094e-05
0.11788124984158976
3.1976926337921963e-21
0.000285238391793681
1.3408811472477787e-07
7.766149439196297e-26
0.003898132766510694
1.2026664706011269e-08
0.008283842741643177
0.001083902676283742
6.80136323443461e-06
3.0982362603658805e-05
3.3959628913951163e-25
3.756875837040762e-05
2.08488273250159e-15
6.14677526346537e-17
1.549044114061884e-10
0.007477932901654517
9.304588337951494e-16
1.0271353260093666e-05
0.00012841687257927545
7.775816221174207e-06
0.0003916278255393854
0.004497505906144426
0.16771424041176095
8.253273805961115e-06
1.804929295026801e-05
1.3576899754811374e-11
0.10557493559554823
4.994855624975897e-07
6.670714294916958e-25
1.5022590014570965e-09
1.4832382443266742e-06
0.1612175170130941
0.014596675488018018
1.3812567800541835e-08
9.52435807652565e-22
4.980875464385729e-10
1.5872438286213528e-07
4.2941722152374996e-05
3.0460356265527445e-05
3.8893130232057414e-06
2.348248517619998e-11
5.20017815768311e-06
0.00016504602567370824
2.4698923365741197e-14
8.97545990698326e-10
0.722900478013905
0.019221920283443605
4.300599859107699e-17
4.297035703794598e-14
0.0003041447308293347
0.001824555817715609
1.4082872559507885e-05
0.00011794634531125774
0.0016877349003535658
9.923232628009246e-17
0.00010706947959223818
9.246210698315476e-17
4.742395939043733e-17
0.00013903201786693003
0.0013929171985745392
1.0113258308179619e-08
2.954942670226689e-12
9.760081558785773e-09
0.0003708471821243823
0.00013744202098063367
2.237814598423114e-09
5.166755779772049e-28
9.218618447798469e-11
0.0002936359324547666
2.3363323732849214e-23
5.0889411059439395e-06
0.00024918737181571157
1.5380800336694933e-11
3.57953075169188e-07
7.170070409864056e-05
1.4232865400099563e-06
2.2889606956870772e-15
5.409520747895684e-15
7.089267102906511e-06
1.6562889895152273e-05
1.3985804427860022e-10
1.0947000551664814e-23
1.1064227151453804e-18
3.757477102244511e-09
1.481442339495402e-13
4.019890404693842e-20
0.001283780251670641
3.2852557102104974e-07
6.274721501849101e-05
0.0001781299074916499
8.440313851062885e-07
2.031445773573828e-23
0.010297191804898752
0.03418728459048021
4.4839032337744933e-07
3.872300748870873e-09
0.00012345476027344864
1.1771990713932695e-13
5.541967912858034e-11
1.549591028413736e-05
6.496583959383153e-23
0.00024653122403348743
1.5467006145889915e-05
4.363584534829851e-05
9.631517564767542e-09
1.1984143512382527e-09
1.7637161205713042e-07
0.0029754096780399975
4.338482328021318e-08
5.355540679797925e-05
2.711901979030295e-10
0.00015328137634409295
3.2748118830229085e-17
1.5312040111137646e-30
1.4184663440915666e-18
1.781596589710784e-24
3.166804372727101e-07
0.017710265888875698
9.365024312099562e-17
1.6702595542032505e-05
0.00020079560433112348
7.223627488804108e-22
0.0011423547557875904
1.1295452213707069e-05
8.264067863375423e-22
4.8287500672483e-06
0.000509271149835358
0.011896924208888437
5.197400726670668e-13
2.322352448770815e-21
3.182193179693078e-06
9.840623121989159e-20
5.605213791074016e-12
4.533707543783316e-10
4.4439405995717364e-05
1.6573063445725764e-23
2.9000768442019727e-07
0.0023616338685316096
1.3176684856329146e-07
7.253611239253213e-05
9.745430929184754e-16
7.2707897210280675e-06
1.0410250900177821e-08
0.00037035233876742124
0.0001620813663977926
9.63705951757499e-06
4.159366005108476e-10
0.08261000010654718
0.006771909421993528
1.5887758358995313e-05
1.838074030957913e-27
1.1976589763077847e-05
0.00012075820628539526
3.216045978122947e-13
0.00025088830437771943
5.017327007893347e-17
9.30977408130069e-06
5.922834111472018e-07
1.116676419714008e-20
1.132632792856788e-19
0.00010274280809260093
2.6483751886455128e-12
2.8118811389312056e-18
1.4134118688924648e-28
8.859630582636749e-13
2.3755823392480184e-05
1.4891873426717018e-09
3.5807503263726914e-36
0.00015262312738399848
1.2597972878393787e-25
3.707500689463536e-12
0.00025907754616390395
2.0160350965343053e-21
4.33508782602748e-20
0.002239302436074258
7.353743953358848e-24
6.289135214402546e-11
0.007237619562972378
0.000968128988664857
0.00036393641861384024
0.0001367029646098701
0.011703240651261966
0.048693026228164626
0.05876594291025672
0.00010335365188937455
7.926505587455555e-09
2.9863625525912025e-10
1.1887839357364283e-24
1.5241435853912144e-15
0.001980021194310788
1.5191561458014713e-07
2.6974991126876342e-06
6.085024177778616e-26
0.00991137396199819
8.026759064389943e-05
5.230961554794746e-21
2.764042642802444e-07
0.045772825371585564
3.964119376396966e-05
9.43144185123063e-13
0.0005351774986264435
1.5192779236799575e-10
4.048584388036844e-08
1.5132764965322616e-12
0.7293068970610506
8.041366522398742e-06
7.782535801932672e-06
1.9849726864966843e-17
5.429138869818289e-13
6.585644726165922e-16
0.0007453702238361531
0.00019558770562214063
7.072455523951112e-08
0.0007368011210501235
0.00010646256714529415
1.2921222945152464e-07
2.027398160560232e-07
1.1810527382155381e-07
1.8657075899972686e-09
1.8233859421645508e-06
3.0675190130180932e-25
4.376905636408659e-14
2.1902574595458248e-12
0.03959220812442255
2.6780201444971853e-26
0.0010035795124416214
0.0006876814933634429
1.0986008888463471e-05
5.191979974471689e-14
0.06730120978510594
7.167183702105654e-08
1.2552987766243843e-06
0.0015661974692930403
2.648917655376596e-07
9.673678026228389e-06
1.7020877221304682e-22
2.992776618263389e-06
2.5631480838063172e-18
0.001123802538833818
4.989453591367315e-07
1.818919629697931e-10
0.0876735772940016
6.234882241451999e-06
0.0007784489448785533
9.071154737312136e-14
6.451169857814808e-17
2.2103991173729777e-05
6.419717136325316e-15
0.0004171724884278333
1.340504889564165e-15
6.540195336068208e-07
8.517101380165441e-11
1.7296183738204927e-08
1.666135400256503e-18
7.466559500114974e-07
2.09078827028894e-08
2.466459299990905e-06
2.886770944066772e-06
8.361483851871984e-10
1.4912478311444498e-06
3.2752686336411582e-15
2.4665644011965353e-07
1.374563256818959e-08
0.00674997676435699
0.019683257458375847
1.301423735087032e-10
2.8027704585317276e-07
1.5197271525589602e-07
3.886115593675329e-06
1.3984973027826128e-14
4.799285122358032e-06
0.00019379339231141682
3.390767251830078e-11
9.68545830820289e-08
3.3153192795620186e-06
0.006334196611542388
8.22180256222255e-10
0.001278880697388421
0.0001147066253318757
1.1422930257558232e-18
0.029368974342533032
3.436125801799879e-05
0.0006154191424866812
9.310601302839098e-07
3.2551065823700786e-05
7.0824461744025975e-06
4.3840181698813364e-17
1.2354739041085099e-06
0.0001380541781273014
0.028610971594712487
7.761672522095666e-05
5.607711600938275e-11
1.9107656202832175e-07
0.00012815248533021642
2.906006308835518e-07
5.24848536127516e-07
1.110448483650609e-16
0.011083356964305536
7.727902868340063e-15
5.649772608265121e-21
7.922319885814069e-07
3.568235355544553e-19
2.4653087759481183e-27
0.00010857938633147303
1.4557819268352792e-05
2.837703257271222e-13
0.0013356842305361147
2.242688434474122e-16
2.0227951216118488e-07
1.1751139339664373e-05
9.641607102461927e-06
2.494807660640284e-06
2.9262908423484493e-17
4.654223739539408e-07
0.14361976199581422
5.45456434364688e-22
2.843731323949795e-06
1.640373219587456e-11
1.8820346911521884e-15
3.169938321530512e-06
0.0005928920853179032
1.5027601281172401e-05
1.026607057132012e-10
0.00024622030642987465
1.002071133673212e-21
1.0679708314483665e-06
0.026929971485754045
0.00046479416246831705
0.015642296913874906
0.016418920313303848
3.0319833846762043e-05
0.00041042070401795666
8.509685070569557e-26
1.8779139779050712e-10
6.431351955357773e-16
0.0007125154025234212
2.0348423894640294e-21
0.02478486325021101
0.0005448577070706721
2.5893999310511068e-20
1.0343987521507373e-08
0.0002811802281439108
1.1465776176184248e-05
4.260816935436171e-10
4.0414502054919234e-05
3.447587903197737e-05
1.2870389061699517e-19
1.2376430253597818e-14
0.00034146971383471926
1.8582950561176887e-22
6.251736717171223e-07
1.876738143117848e-24
0.00014266173442954272
3.459060242391211e-09
1.7447057343113193e-05
8.375115357457448e-22
0.0008061734855074292
8.405244132848884e-07
0.0001895358849685093
3.033012609846128e-11
0.0005060038874668375
2.9980793786713424e-05
1.3057887282015297e-07
1.8943883974427223e-06
1.9228174061565254e-05
5.9948256092387844e-24
1.792216940155372e-05
4.1398906625136154e-16
7.786348523166795e-06
2.3045389701191476e-16
0.06511396745502297
1.3985804427860022e-10
0.0007147951220090668
1.2113065038310369e-08
1.3712410562541258e-17
3.729240031158359e-10
2.858157771165394e-10
2.3539079165474613e-21
1.998421606921701e-07
7.892787599666183e-17
5.031536501601886e-06
9.163028372481972e-23
0.0009657954706132379
4.67027298407199e-06
7.12872599701513e-06
1.588905531495107e-12
3.033686482653697e-09
1.5850986565178724e-08
1.954779142561669e-05
0.0009034100123346267
5.0337079796899465e-06
1.6888531310181907e-21
0.001290910856610393
5.187294559238074e-06
8.529207898318789e-10
4.800980208167715e-12
8.221339607111854e-07
0.0037495456019766174
4.324010928130171e-23
8.509811964852382e-19
2.4840647178316078e-05
1.796097286102115e-06
1.3206606385984848e-09
4.515156342635514e-21
3.5099913341397525e-05
1.8684233520764408e-12
3.278223161761983e-24
1.4732452646004784e-16
3.5833352424657277e-06
1.0092112982180263e-05
0.00048486538277618674
2.5117456931190617e-12
1.6753838307870224e-05
1.5472167092847596e-17
3.057889862916701e-28
7.813888986571361e-19
5.298032793870962e-12
5.829703266766141e-10
1.7287413493079377e-17
1.2323999538916545e-16
1.8078155679248921e-10
9.035109222280888e-18
2.4698923365741197e-14
1.4156227485181593e-08
0.004247248662095471
8.091847245978981e-07
6.400233678521694e-06
1.1916777101566682e-21
1.1081398063178252e-19
6.886965610353537e-10
5.485884887594379e-16
0.0005955121161701563
2.7848336348081883e-08
1.5812171971036182e-11
2.3828573784508962e-06
0.00026106610270833566
0.00014006681990360695
6.709591657867187e-13
3.927717909849349e-20
3.0115254035337652e-06
0.00013778500282664134
0.0018340935750327855
4.378757324990574e-06
0.005005183790108628
3.652340047842758e-07
2.702701058164092e-10
5.762497364985507e-08
1.8643061088140607e-06
0.03600406561159371
0.002200167900094918
2.2757566388391853e-17
0.00040815071849307355
1.0677035876441651e-11
6.0398505870934253e-05
1.4052583202856295e-22
9.449444451758792e-06
9.031851123319446e-05
4.609984005509987e-08
6.232039451313342e-08
7.263329295122323e-17
1.3919186078746501e-08
0.0001626467404118415
2.1446572122844434e-07
0.0005099218419455111
1.1441022271029781e-07
0.0001782530024013046
0.06816265371049447
2.014147376199484e-06
4.964961676466212e-08
3.181103270434657e-06
4.427040988804232e-07
0.00010984382643542973
0.0011204371134993507
0.018571590668850158
5.404384627922249e-07
0.00038033060160334864
8.530201611511502e-13
4.513965710174963e-16
0.0006379041865078734
3.761298143746519e-07
1.160862179024053e-07
0.0005213966913854562
4.75294722204007e-07
5.736429413224619e-05
2.269999824884875e-17
1.416258858296562e-05
1.4147631890982408e-05
3.4103943347873404e-06
0.0006912120133215419
1.7227344161177945e-08
0.0038789904972164058
6.826221083871924e-05
0.004681733001552957
1.1554059243730661e-19
3.5083087722286914e-14
2.4588521122408656e-05
9.01129541154913e-05
0.0004095655878109591
1.8753764505692377e-06
5.617733003769059e-18
2.868056257736921e-11
5.528505521435359e-05
0.000684438784732868
2.158958610294081e-09
3.1009726587894696e-06
0.00015067471636956778
6.277853419801791e-16
0.0012354427349588054
0.00013294976915330294
0.0019196823680003366
3.4310798884395285e-13
1.6034047830372424e-05
0.05249222122249986
1.3295310360241077e-14
1.0678856276690342e-13
0.0009024862845639081
0.019290691036522187
0.000840885803777211
0.0008796059072562062
0.00019720002459594672
0.03309216485782973
0.00032920309979376963
0.0009431420998291944
0.10321450406605504
1.998353950883961e-05
2.4859964406735497e-21
2.019342010990365e-05
1.666135400256503e-18
2.7412828626790437e-12
8.33597601461478e-08
0.00034458014780191967
2.0633609617252858e-05
8.781983290217547e-10
3.6448831163839277e-28
2.2140082790021273e-05
7.791473027832675e-06
3.003857864480936e-05
0.03108257877003721
3.6344351738664185e-06
0.0010857416895347638
5.441977614429279e-16
1.93160279918485e-05
1.1502366967704806e-09
3.963226038596113e-21
1.4239792574491884e-19
0.0012512803989965862
1.6289525696905406e-05
3.7072832838624034e-05
0.00014219637785089188
7.038896464232662e-10
1.3536530443648476e-13
0.0007922136187175606
1.493242338467665e-08
6.668013648716991e-06
0.09591848057068565
0.00016953071435528086
0.0050473082261461195
4.6389317778308186e-08
0.03880824581537959
0.00019801200155761256
0.010419808592074309
0.0008796059072562062
1.186607137325663e-16
2.355884643556757e-22
9.856244264863097e-06
1.592283956752898e-06
2.6547181396637853e-08
2.9735683891394457e-09
2.4694080386301022e-27
7.936566970040453e-18
7.463039669061863e-14
0.0007873297565747922
0.00039822946107858845
0.00026642407294288906
0.0006779302257296366
1.6509049581478945e-14
1.5184822007341867e-07
4.508273708340241e-06
8.344011931210025e-06
9.322717301828804e-06
1.0266327433647906e-10
1.1287376326345102e-05
4.129800282917212e-23
3.0002176910415326e-06
2.9645916230318907e-15
4.197168440123634e-21
2.0280874457735425e-20
5.947585902608373e-08
0.0001408129650144395
2.4272187991369084e-09
0.08031516688749711
1.550295052630681e-16
2.1721512720465034e-05
0.0001314792399802053
2.240332798462486e-05
4.811202800618345e-05
8.212396579120266e-14
4.471179643186682e-15
5.475468744151927e-05
7.451765113753503e-06
4.218331791624296e-05
1.2891682467012698e-05
2.8641897239575107e-05
1.6606154055583168e-06
1.880662571096691e-21
5.7522358767361505e-12
0.0003387102811577263
3.0609226789582336e-17
2.3830898499511112e-21
9.650267537542219e-07
1.4725658391452407e-27
6.594219547404755e-17
0.00027902247855223633
1.5521870555498976e-21
1.1766128736544637e-05
5.736291917201143e-17
6.671691318928136e-12
5.038317747714046e-08
2.17885393668415e-16
2.046485189518617e-05
4.628950183360744e-05
1.2510705161106422e-07
1.3406417051422387e-05
6.703771036080873e-06
5.603757662352141e-06
1.0789669040842775e-20
0.00018702307711067172
1.5205770832190185e-05
6.459601465673394e-21
6.950641697847186e-06
1.525312511890621e-17
6.72429534949448e-05
1.1575120475438672e-07
3.124220706435241e-20
1.1483360906067183e-09
4.2997882364904573e-07
8.445940381660556e-10
2.6134882026298644e-20
2.59075063993897e-31
1.5670026007762203e-07
2.9755466760295222e-08
0.017455838662474576
8.966523980639045e-06
0.0002275117120168861
4.385803702765777e-05
2.758900400897542e-26
6.230482260886322e-08
7.357303226909685e-08
0.0004961160792436685
1.868596081477225e-09
3.1785035327879224e-15
6.829522971675153e-07
4.165738096597938e-18
0.14368135740838384
5.144458768116248e-10
1.1186732087324304e-15
0.0023769998806117687
4.0358686354317015e-14
0.020763314375816456
1.1114292207727327e-06
8.7518256128267e-05
1.2335082031335035e-21
1.0459456439457027e-29
2.2699070106391684e-21
4.691077844270336e-05
1.7031346212003572e-23
2.131909448511448e-22
1.5064683632076884e-08
2.432813664040132e-08
9.851499495218693e-11
9.811610494438319e-06
0.00021746169187732145
3.2554585272855504e-19
1.9895671029250407e-07
0.007894879510230959
3.738506268852083e-27
2.934526041139368e-22
6.741066454196152e-05
2.618054157997916e-07
0.00019552208487642019
4.183407689711954e-09
0.00042066909698116814
3.055877149355326e-05
4.11779599064925e-07
1.766026026632709e-10
2.2121806192269024e-15
0.023664426844990826
1.0495722424633233e-17
2.287814272700343e-08
6.625339993360312e-08
0.0001410537956649579
6.880228041387744e-06
0.00721256356015082
2.410004313852205e-07
0.037679375430027306
0.014409790501617614
5.266405157863038e-07
0.028162067844362815
2.91755177016319e-15
9.835235779480355e-06
6.641238208345565e-05
3.8240076121015497e-05
1.2219793203988546e-08
6.986473610487039e-06
0.00016442910561740784
2.168115798636527e-09
2.6595608484438706e-08
7.19305243590227e-08
7.28449274302833e-05
5.272224429979996e-12
8.79485799334848e-15
0.00014071905305353753
9.837001153861345e-23
5.003351158548852e-07
5.141341942993074e-06
3.569656706501879e-08
1.1665867584735443e-07
8.513113371780395e-06
0.015333899846716913
0.003173872681294515
1.3400411840139091e-19
5.154098507990852e-08
1.939330563990695e-23
8.901015245692187e-08
3.3593517418982595e-06
3.421799998513572e-25
2.079890188797393e-14
0.001670480470430391
2.21345644685217e-06
2.3784412010095645e-08
1.0191536347852886e-06
3.498884229453102e-11
3.124869031528798e-11
2.4540611169662044e-07
8.01573273129684e-06
1.4195495683610703e-18
6.328795115732938e-20
3.5955200981056543e-12
6.627612943355425e-25
3.106131578322871e-16
0.00010289027386154587
0.01948399313707827
2.7852870404206044e-11
1.1220532071785023e-07
9.482356726291899e-07
2.7030794018752356e-05
1.571406049180081e-05
0.0002023107556842832
0.0885496658722218
1.0584799855774654e-05
0.02891159574256019
3.0584475293170193e-08
4.5028298974083163e-14
0.00017642298089331002
2.4451060280137837e-06
1.1141200938356177e-06
3.6723774057597973e-16
8.252842981699032e-21
7.532924231244289e-24
5.381421492171888e-07
0.00017775334051499208
5.390531449561107e-06
0.00014629237730105077
9.997665806644425e-09
6.42654616947655e-26
0.00017706386718358003
4.917557572621194e-05
1.562964685181014e-20
0.0006880712705663594
5.6901765092256995e-28
2.6711656847234082e-17
0.001376448808586006
1.4792711447734384e-15
3.6321371265684464e-08
8.41563822278561e-08
1.9804687563366872e-11
9.472734523024147e-06
1.622505656934732e-05
0.0012653330475596233
1.5242181965517752e-29
3.8262558284866374e-41
1.8841653734380937e-06
4.083707873852147e-16
1.492950022719038e-16
9.955007464176137e-11
2.8223282483407573e-05
0.0012620047463810652
2.159114222798472e-31
1.5496098052028528e-05
9.63832720006776e-07
9.256280000795993e-05
0.00020275587719754962
7.707759589562481e-07
2.447378481896078e-12
0.0010409139665290927
3.573676405739197e-06
0.0009276624248190091
1.09104121180098e-07
0.0008931439381131834
3.404273396249558e-05
2.0783121286286154e-05
5.221269792744356e-27
8.946283138822366e-11
8.461142741825151e-09
0.16693955841729716
1.1136680619612859e-11
0.0007234836360945941
6.484354843454252e-22
4.502647163601164e-09
2.97002593808223e-06
2.114935334504508e-05
1.924102908727785e-10
3.421873729547659e-13
2.7039213066800566e-06
8.312458314830652e-16
2.46478201762536e-09
1.0887176511999886e-24
0.0001191133289226709
1.6553722883894824e-07
4.777241740584515e-21
1.744200059716971e-07
2.137375580301222e-05
3.489975420254871e-05
1.2757687850405063e-07
7.998063931717351e-28
4.2233297771695084e-11
0.0030478693240641756
