2.088790435685592e-13
9.234014949335353e-12
6.600460417807669e-07
0.7276110649108887
0.5019387006759644
3.674355590765147e-09
0.1442803144454956
9.907451676832893e-10
5.941599102531886e-10
9.449147597807804e-07
8.444037689716678e-11
4.678001502014414e-13
1.864829843968846e-14
8.864987653428143e-10
1.1183377350417826e-12
1.2249986974173173e-12
9.998026180789434e-19
2.1114254586086824e-14
2.7252477131332195e-10
0.7019440531730652
1.7317228126364856e-20
3.025085928176266e-11
6.987528879011323e-14
8.184097120174302e-09
2.585774679324368e-08
1.5076689079511527e-11
2.40982231140078e-12
8.943968057588214e-09
2.5107303140611664e-06
3.4175154175797664e-13
1.3944661152392406e-21
1.951527858431276e-10
2.9216110154804935e-13
3.811579476785848e-14
2.999627905462057e-11
5.31200996669058e-11
2.964457443020316e-07
5.064736435151062e-13
5.72761474473208e-12
6.332776904960943e-13
8.184100072999382e-09
0.5741693377494812
4.254488976433068e-15
0.3034227788448334
6.992654610946515e-13
0.3104914426803589
1.237545883321075e-16
8.07135897841976e-10
3.1212781626676504e-10
0.7019440531730652
1.9485825409969545e-10
1.4722302197049802e-12
1.1083549309972851e-07
0.26296889781951904
1.8749885498304707e-08
2.6776465739410027e-09
1.7557888289981051e-09
5.462683527396346e-12
1.6693875196800702e-09
2.295222441056246e-18
1.2899742325206796e-11
1.941448355967239e-15
2.092209351160546e-11
6.5277344622118e-10
4.62025230543428e-12
1.864492187686179e-06
1.4639693110718913e-08
2.9182096018541304e-07
6.388968163881121e-10
7.323098041159317e-11
2.6343647465680806e-17
7.062771843393859e-08
9.117141780592816e-07
2.668037917182001e-10
3.809321062824819e-12
3.517230687420406e-07
3.010528199215756e-11
6.381726345516716e-14
0.27657005190849304
1.905364163047947e-12
1.7346332344619434e-15
2.5085266636207216e-07
2.0607311874839917e-12
0.00026006961898600864
1.1422260600124733e-19
9.133322679628785e-16
8.616698219158079e-16
5.625632160098124e-15
3.674355590765147e-09
2.4296438267173114e-15
8.616697820129659e-16
1.5550825994031906e-09
7.284904467494157e-24
0.16411103308200836
0.5741693377494812
7.533056765959988e-16
9.590060420136869e-23
2.0207805229951237e-13
6.234774758348688e-12
3.788464721772516e-15
1.6185810655344012e-12
4.887271247158384e-10
6.082007370324158e-10
7.677847032878895e-11
5.715210351724867e-15
2.338872849330176e-21
4.726081944533101e-19
3.4016614116843243e-12
7.898541683369355e-13
6.526679640741786e-14
2.1668695220798867e-08
2.6312940261430335e-14
3.849050547815798e-10
9.843083939345522e-14
5.164557172474801e-06
2.1512202517143087e-12
0.7019440531730652
1.736765501325972e-11
3.356135974142228e-14
5.27720483847736e-10
2.5348871944437807e-09
0.5370389223098755
9.476963036397807e-12
2.6680384284940177e-10
2.9589715348939973e-12
1.6382479686273298e-19
0.7019439935684204
0.7276109457015991
3.7108922317343297e-07
1.1919010432748019e-06
0.2211088091135025
6.542297918399425e-18
8.648101352638519e-12
8.496316807715518e-16
8.768638296033092e-15
3.020811686829304e-16
4.133159566189822e-12
3.6917859692700977e-09
3.4559156007930447e-07
7.046249615632169e-09
5.967725146190996e-10
1.0680095009732472e-08
4.58965077747531e-12
5.094544971595437e-06
4.106415133731989e-07
2.814591386934578e-06
1.613079391563146e-09
1.5117351387961453e-15
3.477089668221489e-13
3.9488096422564434e-13
6.450526134562241e-05
3.324776464109889e-14
9.907448163719455e-10
1.2877469593146207e-12
1.6367309929168237e-15
1.3846843259506967e-08
1.9511985250561568e-11
7.581423189266384e-08
0.4889982342720032
2.9673918391849445e-18
2.2424817931371626e-28
1.9720626363361304e-08
1.9066988598092429e-06
1.6846515256008113e-10
3.0107178528234577e-12
1.3751922767102421e-08
4.556572789861893e-12
2.205509092764217e-14
2.421759330213187e-12
0.06895139813423157
7.952594962612219e-14
6.128700264818898e-19
9.408584178512818e-07
2.309982989068021e-14
1.2359154317740114e-11
1.1251163758630668e-08
0.7019439935684204
1.2969363585523085e-13
1.0776489645345994e-09
9.90744113866812e-10
3.031081778179603e-17
7.303797829228684e-10
6.364106673503105e-12
0.7019439935684204
7.985005428097459e-07
0.1521594226360321
8.419003520567602e-10
2.7048383738040627e-12
3.194973519120162e-09
4.472756856963924e-15
3.564179223791774e-06
1.0441844988855995e-14
0.5741693377494812
6.763227571745117e-12
2.0574777427421937e-14
8.060348419191977e-18
5.689437215905152e-08
8.477660628790388e-07
1.1502718950341984e-15
1.7402986382334247e-08
9.094784379043616e-19
1.3984154938427628e-08
1.8072867966572447e-10
8.741098314924634e-10
0.11613986641168594
3.1834521469563635e-13
1.9269633450841997e-11
0.33327946066856384
0.4057319164276123
7.120353004704966e-19
2.95092331548753e-12
2.9574760625323272e-09
0.17374911904335022
2.6067214952687982e-30
1.617084144828287e-11
8.454709546806576e-21
0.7276109457015991
2.077043599533756e-13
2.922472931764484e-09
2.6960102005549106e-11
2.540231641558884e-06
1.0268168560134982e-08
2.826524117164169e-11
0.02826198935508728
2.2557008739900916e-13
4.3416506842058053e-14
6.651222856221304e-11
1.993188255547753e-05
3.205074268256555e-14
4.54853006237342e-09
0.15996383130550385
1.0209199245206099e-15
6.647738696868936e-09
1.5888736719119336e-16
1.3289265051070112e-23
1.7245430196729474e-11
9.714396605698434e-11
0.26296889781951904
6.153808147958454e-12
0.8042588233947754
4.710322820527614e-18
2.4589477610057367e-12
2.4691356705357357e-10
1.1686576320176878e-14
3.300932328162536e-12
7.699073193071712e-07
4.0877330818858766e-10
0.5073670744895935
0.7276110649108887
2.1839628615281853e-15
1.173028332013583e-09
7.151742613905213e-09
1.210943662720931e-09
2.3727444085733824e-17
2.2686870032405347e-11
1.3211832469500073e-12
4.601790722873688e-12
1.0965112176968071e-10
8.491703436921283e-08
0.7276109457015991
2.914242661638627e-14
1.8895233745229545e-13
2.853712494137291e-15
1.327468135360467e-07
9.90744113866812e-10
5.170075943449325e-09
8.799951945114334e-13
6.8228756942828754e-12
3.1834521419856325e-13
3.840928800818384e-07
6.523109665573746e-17
1.2866653440023956e-14
1.2193010178261867e-10
2.272093582847711e-12
4.118420763531042e-18
1.0423883490594988e-14
5.525917544294047e-14
0.5909568667411804
1.0308072654321876e-05
1.4639697584207997e-08
3.5800988052862724e-12
1.5212597968295778e-11
0.7276109457015991
0.2543087899684906
5.727682780690427e-07
1.0502412016776875e-12
1.5374523473425823e-10
2.441050969670813e-08
0.29622480273246765
9.90744113866812e-10
1.6522053518251363e-08
7.315598835025123e-10
6.216558996816402e-11
1.6371559655524449e-09
5.248773131603965e-09
1.7686651816450143e-16
6.038076794357003e-14
2.6548957230764e-06
2.7261436509453804e-16
7.581421116751963e-08
4.1946257305258226e-13
5.931245484724624e-13
1.735997754937039e-15
6.832179918590456e-13
1.3382328086547221e-10
0.1521594375371933
1.9831146342878756e-08
4.7846302451530643e-14
2.1513627493308272e-11
0.7276109457015991
8.354902230980037e-12
2.885581006204882e-25
7.440404591020099e-14
7.741069059582621e-13
9.907448163719455e-10
7.62410757143313e-09
1.0327658327293857e-10
7.401828319353675e-16
7.796371709335938e-09
4.6610129065853934e-11
7.292167415990614e-19
8.706678612565417e-11
4.1044393876571924e-13
3.149595503414304e-13
2.6431189044966373e-09
0.7276109457015991
1.3274683668458109e-07
4.1064136302983784e-07
6.784044105914878e-42
1.670774829223532e-16
6.450961796447615e-10
0.0016011458808014578
3.7219990463853137e-13
8.616703511176038e-16
3.190436217517934e-18
5.311115619453228e-16
2.7670623807966683e-10
4.791882759150889e-10
5.595997105242081e-14
6.629423701449779e-09
6.429008823115497e-06
0.0038032440934330225
3.092125510803751e-09
2.17493554331361e-17
0.35391274094581604
0.006021004890225112
9.520589452905181e-17
0.11301694065332413
2.6094070210306868e-12
0.06535694003105164
2.415258840615126e-16
2.4483692326325755e-13
2.216186844955531e-09
1.979019777927078e-14
1.0799020396610515e-11
4.6700427030901435e-06
5.719946106174024e-12
0.7019439935684204
9.264837260577599e-16
4.3400893271525177e-10
7.251600061710471e-18
0.5741693377494812
0.374229371547699
6.612764004576751e-09
2.9090551916737367e-12
2.012921072631846e-14
1.5638533534912625e-11
9.293461284999978e-05
3.9492636171816105e-07
2.5898787342845986e-08
2.501550418832274e-16
0.26296889781951904
7.469131407817352e-12
1.8895249471207376e-11
3.2504960731722234e-12
9.557773717824555e-09
1.2576268899004158e-08
6.865252315928814e-19
2.451980804485334e-10
4.056446935223884e-12
6.397013134992372e-17
1.4551020087016534e-15
3.3513477181148e-27
1.458546169398442e-14
5.66342614640119e-10
7.704846811270829e-16
8.558632353615487e-13
1.0979454478545017e-07
0.7019440531730652
5.2703120623224074e-09
0.0004903762345509546
3.9551097505298295e-08
6.46463620751784e-09
7.037174463548472e-11
4.1109169410725376e-13
0.30128607153892517
1.4639697584207997e-08
2.621865208216462e-19
7.046250897269967e-09
5.3958890728914974e-11
2.219296372197661e-10
9.449147597807804e-07
4.68758319027486e-09
3.431263644771442e-09
2.1090836096681223e-12
4.523114076514158e-19
2.0988581629788515e-12
8.671506575928177e-10
1.05024134350287e-12
0.5073670744895935
9.408584178512818e-07
1.4079177648127661e-09
0.7276109457015991
3.538236582570855e-08
1.3871565469462314e-05
2.4900986599546228e-12
1.0552843380553271e-09
0.08170834928750992
0.414754718542099
2.6012102603204715e-11
1.9864075442723897e-14
2.2161857948364353e-09
0.5188126564025879
7.319469951894384e-11
1.4769436708695266e-08
6.692653668290808e-10
1.0467076147923083e-10
0.4147546589374542
5.737332231895953e-15
3.1458554678858375e-12
0.10437863320112228
3.019164134580159e-17
1.290035612974399e-19
1.0243961355791911e-11
2.3985870701976983e-17
3.3900648521365923e-13
2.814591386934578e-06
3.4697510070383726e-08
4.527257521842881e-19
3.4591630694583067e-16
1.524538109839288e-14
6.822801207134517e-15
1.6078948728946564e-10
1.6348657648728534e-14
9.860068597453435e-13
4.728127648452844e-10
7.62625489759372e-13
2.042615949484257e-12
1.7317228126364856e-20
0.7019439935684204
7.172875648605135e-10
4.771036960750848e-12
0.06289584934711456
4.914565798475517e-23
1.4639697584207997e-08
3.130568342608974e-11
1.4746529944285641e-06
4.44576982333492e-11
1.2291399456547948e-11
2.0281883760526595e-07
1.5483990273263554e-10
3.3135343332363966e-21
3.788270802751931e-14
1.6142129546781203e-14
1.079985215678046e-15
1.4154879279084593e-14
1.0502412016776875e-12
4.983991087906387e-08
9.408584850609672e-07
9.141552947474494e-05
9.338679802152785e-16
0.513476550579071
2.166868774273895e-08
7.548076348204968e-15
3.0494591083172193e-10
4.026911218375342e-24
2.468117296234847e-10
7.803569285914461e-15
1.8440329040698516e-13
6.374484165429903e-08
5.298999722732412e-05
1.6170131780876294e-11
3.580841956187239e-12
6.074003797459099e-09
5.446231721840084e-14
2.8760532648442863e-07
5.229861522222146e-14
1.4639693110718913e-08
2.814590276872959e-06
2.5107303140611664e-06
4.281436621500233e-12
4.1310384811391006e-09
0.7276110649108887
5.780762390191238e-13
1.992874463463063e-11
2.2588390282027173e-11
1.0681874366765918e-10
0.3437470495700836
2.1184402205545345e-08
2.6215335748095392e-11
9.767282232965923e-11
4.711853674624158e-11
7.729126940953674e-12
7.2563145659339974e-09
6.074000990848352e-09
3.906110193901969e-17
0.7276110649108887
1.0991660210798521e-08
1.0973839663921753e-06
1.9749061763843567e-14
2.4234229513251868e-11
0.000466415484258057
9.902924292156081e-16
6.641018823816098e-18
1.9824089659913257e-13
1.6348258021045694e-12
9.880089578409339e-15
1.3827547328197442e-13
2.250656280688517e-09
0.18337814509868622
1.3428511023954462e-10
1.0133356295960589e-15
5.1389556108106254e-12
2.805586558100885e-14
9.348762061567037e-08
3.1798801866332486e-07
0.7276109457015991
4.1126488134958976e-11
1.4562192014529392e-10
3.242068327177327e-11
1.4639697584207997e-08
6.992656003263943e-13
8.616692181543937e-16
6.486757147811775e-08
4.508837600938606e-17
3.389545957113862e-06
4.1559180113637974e-30
1.1001790413143104e-14
4.723713222636046e-07
3.583741384918168e-12
6.400328786023301e-18
4.65913200270542e-07
9.29171595935644e-15
2.0458898993344972e-14
8.616698219158079e-16
2.127335758993209e-07
0.7276109457015991
9.342074962912159e-13
0.06895139068365097
0.7276110649108887
5.163630930582368e-09
3.442313148702842e-11
2.2890851660273404e-12
0.5741693377494812
2.8717808653687022e-30
4.083752341362661e-15
4.1676564758524376e-05
1.3891933238751064e-13
1.0625092996235237e-12
2.716257215111565e-08
2.9750581168737283e-08
4.415034903795696e-14
2.867294930424577e-14
3.6404403157249197e-16
2.7501919308261194e-07
5.594081616307351e-15
0.00035164621003219183
2.86441672574078e-16
4.236536729653132e-21
2.20505550887936e-15
7.682306413835638e-27
3.2255684888177586e-11
0.37084364891052246
1.017935164516962e-05
2.033148886436371e-11
5.54598257441272e-15
1.0161764423700344e-08
4.597004847859502e-10
1.8878384083565994e-16
6.0830194630493135e-12
0.4889982342720032
4.013347248507943e-07
5.511316562405927e-07
0.5073670744895935
3.771100165713447e-08
5.085313137351546e-17
8.0085138954450125e-28
5.8972916331148895e-08
4.162202179127409e-15
3.8277586419701206e-16
8.448280705685947e-16
2.0154018300659618e-18
9.507427279977466e-16
2.092336132449478e-09
2.814590789280672e-06
4.3445476070666495e-14
1.513978589378502e-16
1.6367314003160027e-15
4.497915176156994e-15
7.733089567263713e-09
6.141963945881284e-05
8.734807942826275e-12
5.670313579325286e-14
5.248773131603965e-09
7.489679671477846e-11
1.7996972169533586e-12
0.0016341303051383251
5.490997546809542e-19
9.067506607465678e-19
0.5741692185401917
1.1710124702757617e-16
6.819771126623909e-13
3.5800982892323915e-12
6.445661552921334e-16
1.4396521234833765e-09
3.145647500781228e-10
9.070070880713443e-06
9.070067444969993e-06
1.6722409131428901e-19
0.19645436108112335
5.763598253106925e-07
7.097677373923468e-10
4.987053061234186e-22
1.8072873131495274e-10
4.052568970465806e-09
1.0422326608512462e-17
8.320111880895086e-07
0.513476550579071
9.598732283198702e-11
1.7587668327230836e-14
3.377059242940856e-14
2.898073101233778e-11
1.668458339079756e-10
0.1061500683426857
8.616703511176038e-16
4.118420546413833e-18
2.0254862599971057e-12
1.0618331990912158e-15
5.270198092854501e-07
0.06895139068365097
0.7276110649108887
5.950798900528646e-18
1.0867283891045833e-16
6.29619636906802e-10
1.0048480656295424e-10
1.463970243222874e-08
2.485173242718306e-07
2.301944553314178e-05
2.593232363424418e-13
0.11157047003507614
5.276286069556389e-11
8.491702313593978e-08
1.3106340321618311e-15
8.343071134880611e-16
2.3883008787989853e-15
1.7036764013346584e-12
6.992654610946515e-13
1.5076692401707e-11
2.9872028841675325e-08
6.632926403712264e-07
5.148859013932904e-11
1.6982829787488253e-15
7.678346187436709e-09
9.408584178512818e-07
0.1191704198718071
0.26296892762184143
2.2882431208797003e-26
1.2683648741132747e-13
1.463970243222874e-08
1.5403662136509426e-13
1.463970243222874e-08
8.671506575928177e-10
2.4490528563514787e-14
8.444038594216569e-11
4.906613293545136e-10
2.4615695324926976e-09
1.6362475091813055e-13
1.1458119087428483e-11
8.979526484990551e-14
3.7953105831496735e-08
2.8980727034787183e-11
6.861729545736679e-26
7.345199937968691e-05
9.24133463223771e-13
3.47784938273188e-21
0.7276109457015991
1.1851457287809502e-07
2.7691114957641076e-25
2.3620786180271786e-14
1.2645750471881333e-13
0.00024387588549266824
1.5655398904152418e-13
5.23229237453057e-13
2.5927604067355e-12
2.3776177687912545e-13
1.6274152807223724e-07
4.1402984168961564e-10
2.1581404862080616e-13
1.0502412128458205e-12
1.860400850236746e-15
2.499721300595168e-18
0.15996383130550385
3.739158634058928e-18
1.9292597692009915e-09
1.3478875859549068e-15
1.8752508637839263e-08
2.950925538430749e-09
3.97162691337412e-10
8.616697820129659e-16
7.562153432935878e-28
4.635371622499586e-19
8.655026321374647e-23
0.7276110649108887
1.463970010292879e-08
4.168745398976018e-11
0.7276109457015991
1.278878497551287e-12
1.5756024788390819e-15
4.632599970700476e-16
0.3437470495700836
1.2442086734215614e-29
1.7317234106833668e-20
3.1834497685018087e-13
5.8972928190246675e-08
4.1952700538573894e-15
1.3751922617420867e-08
1.229647546731302e-12
4.966915308656441e-22
7.592411724121879e-07
3.656198312111951e-07
1.1591339053922202e-06
0.5073670744895935
4.611393814877405e-08
5.930657339263773e-15
4.669319756693303e-13
1.1514106789200764e-15
3.794864498808038e-05
0.7276109457015991
0.8042588233947754
8.491706046995586e-08
0.7276109457015991
2.1668687640911863e-08
5.107473982478426e-16
2.6472524988004155e-13
2.485053127965564e-08
7.004694273326834e-23
7.581423189266384e-08
5.356334191385335e-28
2.7026733011205016e-15
1.7388985379855184e-12
0.0004664154432688505
4.2735016594500026e-21
1.9458431784276096e-21
1.3409842362836873e-16
1.0701658831360291e-07
5.303435503419781e-09
1.9200952212577605e-12
1.822448111248851e-10
1.6252440928941409e-10
2.4483635656556568e-12
4.038741677324897e-10
9.275883942728774e-17
4.1676564758524376e-05
1.229565410289734e-10
6.483628209452023e-13
0.22215703129768372
1.4396881153520165e-07
0.033714521676301956
4.594573002099916e-12
5.763901918787328e-13
1.9018284485815388e-14
3.529587492277038e-12
0.7276109457015991
0.0001576770373594235
3.5533228545407696e-14
1.6469280759836682e-12
4.741185440767249e-13
6.358216739765483e-15
4.386959361913468e-08
1.2325048644038982e-10
1.1087483907518483e-07
2.9455878789920645e-13
6.705560972473817e-17
1.5076694786838583e-11
7.731327293001935e-07
3.841098599246517e-13
1.3106762625696383e-17
1.3350831083863615e-11
0.10833832621574402
1.148585259387219e-12
0.5741693377494812
3.876216564878031e-09
2.745330945900985e-09
3.1927342081198254e-09
0.7019440531730652
1.5371243525231338e-15
4.695229663886442e-15
1.908005117834531e-05
2.2217061892388487e-14
0.7019439935684204
1.6348657648728534e-14
1.098465020519321e-05
1.1349817574287156e-07
6.975311982497913e-23
1.0502409698370156e-12
1.3951145787402285e-11
9.246047820738614e-14
1.560502744423345e-10
8.155946375666359e-15
2.2851956637202178e-08
3.749378902977525e-17
1.1004695879796463e-11
2.539544856652906e-16
6.124564305822144e-11
2.359614410084459e-06
1.6943759833328638e-15
6.370520846031196e-13
2.4667813782095423e-17
3.3796042742287416e-13
7.396336215926377e-13
3.334595831781712e-17
2.19938428419463e-10
6.021973487063595e-13
6.731591680288277e-17
1.4396982742503246e-16
6.59779967838516e-07
3.427987732447395e-20
9.403580981631625e-48
1.48470307255043e-10
3.122921888390305e-21
1.663668922999608e-15
0.6181004047393799
6.427820085504474e-10
4.2757198124999935e-08
9.500906313383113e-12
7.802531943771e-11
0.0014988642630466534
1.5162516660676927e-11
1.432397688059677e-07
7.658781099447057e-12
3.575359579142574e-07
2.1125359422814934e-18
3.8662755802972796e-05
9.392069157061408e-13
8.184096495159088e-09
1.0361833507985341e-18
2.7403621504697427e-12
2.3252221368575355e-08
1.2303552376897177e-13
5.056275768687392e-15
1.1387607142136093e-05
0.7276110649108887
1.6539079457174251e-24
0.05274443391678374
3.0595776967303894e-25
4.645538832597749e-23
2.5757595778754708e-08
1.9315309481758057e-28
4.4078681878809066e-13
5.081283222502175e-15
0.7276109457015991
9.308124201855914e-11
1.4639697584207997e-08
0.6181004047393799
8.740973362813989e-13
1.4185994708661537e-14
0.8042588233947754
1.1027384866534905e-28
1.959668196360079e-15
1.3873069639684389e-21
1.0560117348561098e-16
6.911973702674611e-14
5.378027921902579e-12
8.820998522876509e-10
2.0165064723384703e-12
0.0004664150985568453
2.3668930691156406e-06
6.471580449494425e-15
7.724080989075917e-11
0.7276109457015991
0.7276109457015991
7.657392540047483e-13
8.902746995822225e-05
0.7276109457015991
1.7923203030762556e-12
1.7640775704695266e-11
2.0086722498019287e-14
9.66118452010302e-16
1.23272997867883e-08
2.4572901781116895e-11
1.3060903785628768e-14
4.322447491888287e-16
5.902561355887945e-11
0.7019439935684204
3.106698162997298e-07
2.51073063835592e-06
0.27969130873680115
1.0225365448900815e-10
3.725423009937426e-18
6.29547840615922e-11
6.641681597239289e-18
2.357137838867893e-12
5.741405714427782e-13
9.116644850397801e-18
2.446416029047348e-10
8.822608585547983e-18
6.600460417807669e-07
5.29833455351717e-17
2.2306581826078044e-32
4.852812601038556e-15
9.5295718562125e-15
5.489375881225774e-11
7.402980519842493e-07
3.3361413406815723e-13
1.6383776757499146e-22
8.616692181543937e-16
1.1730288433966669e-09
8.552652156867574e-08
4.267776615451076e-17
1.8187673144471914e-12
1.5414663310410583e-09
1.2887774932550778e-21
0.414754718542099
1.0502409698370156e-12
3.1232741749328017e-09
9.088303488460524e-12
9.392063640456576e-13
1.3558318849724914e-12
8.616703511176038e-16
0.414754718542099
1.8746793204099788e-10
6.364020847735499e-17
5.916001968460922e-21
8.648101352638519e-12
9.556268060154728e-14
1.5410425996696216e-14
8.659267682832232e-13
4.63764130891477e-22
7.652609181976861e-11
9.036885062883804e-09
7.099664485224527e-08
0.010926909437646709
2.921727103556312e-11
1.903561786837874e-20
5.889540114615504e-16
4.677167831898782e-10
5.664952988488076e-17
6.074003797459099e-09
6.039878916841408e-10
1.4639697584207997e-08
0.00020612275845039357
5.375790327204492e-12
6.039878916841408e-10
2.0819912807666274e-10
4.2875665487568555e-11
8.723006671842007e-17
3.634505598878336e-20
7.699071383006246e-07
1.2995669810510315e-10
2.2651736883291008e-07
4.500654391237551e-22
4.240693672605922e-07
3.1093568337597104e-16
2.3636117986791187e-09
1.924026239375345e-12
2.6123711064855606e-11
8.075034443112225e-05
1.8042916018426215e-07
6.005930456660492e-08
2.2379140157540114e-11
0.16344913840293884
6.822875284574608e-12
0.4147546589374542
2.7036642677915404e-11
9.907451676832893e-10
0.7276109457015991
9.907451676832893e-10
4.263630960122488e-10
1.2932332522868295e-10
1.1686576320176878e-14
1.607745382897374e-07
7.134914766495872e-11
9.090658413146393e-12
7.769621083461622e-13
9.90744113866812e-10
9.01330574569991e-07
2.929922680292116e-08
9.369305314798012e-07
2.867295128342071e-14
4.133624314224276e-08
1.1199789591818643e-05
1.6693877639627282e-09
4.2287910158182723e-11
1.711591296233914e-10
3.974742304923968e-07
3.328230521655126e-20
2.6349780274184256e-09
9.534478273039556e-13
1.8585984106155346e-20
8.922111654853612e-12
2.8116004703197076e-16
4.4262710724163356e-11
2.392317384498189e-15
1.9080030992852106e-23
1.4004135242144396e-17
0.4889982342720032
0.7276109457015991
1.2383196155487292e-09
1.4042900504439449e-10
3.1832775058697754e-07
1.046980143718473e-12
3.8236383436048444e-13
5.261673923046069e-13
3.7758751961998423e-10
3.8189650713823834e-16
0.0008940260379624726
2.68889094775747e-10
6.104747908565295e-13
1.313423569713855e-11
2.856841383856299e-06
4.453636893602939e-15
1.3075626741962937e-33
3.4237048128629454e-10
0.7276109457015991
0.7686370015144348
5.4812664842825575e-14
2.487952346488384e-09
1.3214881849427198e-11
7.729127071682188e-12
4.070037837965353e-12
5.741407265200803e-13
4.378739137918323e-17
2.245873519750441e-11
0.00032408088996518653
7.56701179345569e-21
5.538212441920225e-16
4.118420763531042e-18
7.572589099251059e-13
1.4752188941830426e-16
2.226522606711282e-15
0.414754718542099
0.002049115430966253
3.243171396769897e-10
8.14646013393196e-11
1.0703081804907087e-09
1.9379522766375927e-18
2.617803723715877e-09
5.05321847093916e-19
3.92310916627479e-12
2.259720455923148e-06
2.2009169463874666e-11
2.2647181695999124e-14
1.5764743289362576e-12
0.17791865766048431
1.813926551874203e-21
6.619364442688643e-19
0.7019440531730652
0.7276109457015991
8.135154104052967e-15
1.3247318487222336e-06
8.442692825907112e-11
4.528985702878394e-11
8.583474594104957e-10
0.24636310338974
7.827343596250794e-17
2.3883014868804455e-15
1.2766006519592526e-14
2.4643227791614113e-10
5.873596840775556e-18
3.629939043699662e-21
7.987630348848038e-12
2.462895277720735e-16
7.277299489270991e-13
2.3252221368575355e-08
6.97440044989187e-14
1.6693876491587232e-09
0.11301693320274353
7.498958511486852e-11
1.445180110311851e-14
0.7276109457015991
1.2871697059373464e-13
2.829199188704874e-16
9.464160811607863e-10
1.2749217830013067e-10
9.824018313271011e-21
7.292020994889834e-20
6.702378219094683e-13
7.636835894683622e-13
8.258451613401301e-13
4.0178473165772864e-15
2.170189659103224e-13
5.78399278296887e-12
1.2172080513315487e-10
1.3924881106364856e-12
0.0005828958277343255
1.6225236766320429e-09
4.339251496248459e-09
0.7276109457015991
1.8216932768379013e-10
3.194839451249722e-25
7.646380496056511e-14
3.713946226588441e-12
5.1488550754635675e-11
2.0917382288708064e-08
3.5733941695108584e-25
0.5073670744895935
0.06535695493221283
2.0561971945767334e-15
2.2571708350174664e-22
3.846748775694361e-09
8.470731717021282e-16
1.0502412016776875e-12
0.003495297950625448
3.1662586159637483e-17
1.4471296260201213e-22
6.057258801758129e-12
9.281267873499484e-14
7.967185244450282e-20
1.5806509408004828e-15
9.997654319254699e-14
1.2282225146749758e-13
9.476302821336792e-20
6.837868063797544e-15
1.1561979745202264e-07
8.60285056212681e-12
7.1650412473857545e-12
3.65157327698675e-24
1.6073844102947467e-12
1.3853613990948394e-07
1.0383995988276545e-14
4.0306634611239494e-13
0.7019439935684204
4.025539737817917e-11
1.709663096082639e-15
5.884285089046065e-16
7.929661777500075e-06
2.7670623807966683e-10
1.7247966016151684e-12
2.581405947327341e-18
0.1475740224123001
2.409378011398303e-13
3.504649841413681e-11
2.0021413302123493e-18
1.2496571408218995e-20
5.574907486075862e-11
0.7276109457015991
2.270969450571817e-28
1.0046051080699603e-15
1.2285865540681266e-10
5.016377852874726e-10
2.874777274820352e-10
1.0687743770492231e-13
5.417802040657795e-17
1.4482795213029647e-14
5.228097048072008e-14
5.0945450565830645e-06
5.036634391500791e-09
1.80858195387094e-14
1.8392358446222938e-06
2.4430230797314646e-12
7.313098490049419e-19
0.3763733506202698
4.013345148737794e-07
8.35857038581532e-18
0.7276109457015991
6.118387854523692e-08
5.318261075645453e-12
1.0502412128458205e-12
1.4696415581706478e-11
2.0366827852157676e-12
7.205348604651223e-14
0.2166023850440979
2.2397148816445393e-17
1.020546318527626e-08
9.589321088594383e-08
1.5084853182325479e-16
7.945148882136883e-07
6.953530946119207e-13
1.219873439295114e-11
0.7276109457015991
4.00460924691382e-10
9.449152043905097e-07
1.105304440410269e-15
1.4639697584207997e-08
7.315598081883904e-10
1.95658337076946e-14
3.9061124560507515e-17
2.368327210466307e-10
1.279089152667678e-13
0.7276109457015991
1.370347705509169e-13
1.83679465293474e-15
8.694073508371285e-19
8.008566685137837e-07
8.347750440965381e-15
6.590532265441903e-13
3.757834459709817e-12
6.758325343905141e-08
2.551952638142303e-17
3.574056951620409e-11
2.3208562834496485e-12
9.207739961096825e-07
6.439336496659299e-28
6.415731929589585e-22
4.3488389441083435e-11
6.2393970611363085e-12
1.2376904662313629e-12
0.7276109457015991
2.5344727213437532e-14
7.506036307711307e-13
2.2458729058997167e-11
0.2211088091135025
2.522930709731161e-30
0.039164964781401856
5.511315924930142e-07
3.797322976822912e-13
3.486031794316123e-14
0.7276109457015991
1.3319887867416224e-17
0.5514907836914062
4.484136394156365e-15
1.8074373599013785e-12
0.7019440531730652
3.2432683122435005e-15
1.7153882371006844e-11
8.94269934832863e-14
2.0360466696976245e-17
4.5998421378658595e-18
2.51073063835592e-06
0.03371451422572136
2.951368699312587e-13
1.9566794317874498e-07
0.7276110649108887
0.7276109457015991
4.524729038083045e-12
1.4415307547513387e-10
5.826558904270817e-17
0.5741692185401917
1.3105678668175927e-10
1.4639697584207997e-08
4.123958619519967e-13
8.075614278077803e-09
8.853171383272784e-13
1.733510579973155e-16
1.463970010292879e-08
0.15996383130550385
1.4639693110718913e-08
1.1748774914376024e-08
4.9926322452109735e-14
2.4306765624648783e-12
1.2846824582201251e-13
0.2211088091135025
4.923540920105783e-11
1.950387056760008e-12
7.224591105627783e-11
0.7276109457015991
8.491706046995586e-08
1.1732251314380822e-08
6.600461364191046e-07
3.3458125886866857e-16
1.265334724900377e-11
4.882280604657531e-10
1.8970523513540445e-30
5.155197441180391e-20
1.4639697584207997e-08
8.799318116275717e-17
2.85029483761555e-16
6.12455910422379e-11
3.1039201671896033e-09
9.556081882327949e-12
1.6659777673318554e-11
2.0554757315730854e-05
1.0703239731254414e-16
5.265756695574117e-11
1.2246845533600381e-12
2.954876291685225e-13
9.664256943463305e-08
3.4421553111096254e-19
8.648101587066067e-12
0.006383422771137404
1.1515239929591665e-18
1.706302195929816e-14
1.459437193057413e-17
2.9318513821204716e-21
2.0214582151828534e-13
8.126098020672572e-14
2.7066309694469406e-13
2.3302453363816513e-13
3.062607793964843e-20
1.0965291460832332e-12
1.9055000123237227e-17
4.1403011110329486e-14
1.989463290307538e-15
1.5869159135407432e-11
4.274696374042207e-15
7.86755713276105e-18
1.4639693110718913e-08
1.452719900174095e-16
3.9370245109605325e-08
0.0005422205364273019
2.1969318676277318e-14
0.7276110649108887
7.010414807400523e-15
1.156197948944372e-07
1.3921959130742367e-07
5.145319788521557e-15
1.0214466443274688e-11
1.0878045329085226e-14
9.111807531131262e-08
5.631257663045278e-23
1.5028585293388438e-20
1.8866641193778606e-19
8.354907347466659e-12
5.720890023026821e-09
1.013984881013714e-08
3.435283631770074e-07
6.79890342114562e-12
3.418261490432063e-22
1.1571974211278702e-06
1.3212509637972128e-19
1.3683142075300402e-11
0.4147546589374542
0.16344915330410004
5.928176613161358e-13
4.252614112146881e-06
5.127499321975089e-17
1.089761420881398e-12
5.23194315569536e-16
7.231809062666263e-13
2.198364397690828e-12
1.1172544383759005e-14
2.5717855228119212e-11
0.4231981337070465
4.124147747046337e-14
1.2751871212187387e-11
9.907448163719455e-10
0.7276110649108887
3.8121143575521465e-11
3.051453900930524e-13
3.017831006085286e-14
0.5215160846710205
1.2245882157755921e-20
6.992654610946515e-13
4.097505089747661e-11
1.2089173385019643e-13
3.9058981004508674e-12
8.648101587066067e-12
0.5741692185401917
2.146088115625195e-18
1.2541429383141767e-14
6.041494708517227e-13
1.8238803850845275e-18
6.428047913220178e-09
4.299418232405491e-16
2.864826077937043e-26
2.1210559833805797e-14
2.51073063835592e-06
3.3773500039152443e-11
8.616692181543937e-16
1.6863803648611003e-15
5.094544759510426e-06
3.0431970396554346e-15
5.613609761382704e-07
7.911674386470657e-16
1.5896673397555339e-09
6.701565093151841e-13
3.00195380019816e-05
6.977367424305592e-14
1.0075497853824556e-12
5.650155026220513e-13
8.281586305784138e-15
0.1191704198718071
1.0024228276972009e-08
0.3615025281906128
3.173768380344232e-09
1.2989212019204133e-12
2.667215323067504e-06
1.0566206902947854e-14
1.9432888206764875e-23
1.300798937458692e-14
6.724602262272111e-10
2.513192954083308e-13
4.340540144426611e-15
7.32728212428307e-07
7.989766332637467e-18
1.795439104338885e-07
7.906033223537699e-13
2.3573225768628406e-07
5.3004670912814064e-11
1.463970010292879e-08
2.0501070662328995e-10
1.1246921476117147e-12
5.059069932096629e-15
1.5906816951566166e-11
0.10765703022480011
1.1391098621060137e-12
1.456610365359117e-16
0.00035164630015931727
2.543381419681559e-07
0.0038032440934330225
4.799495529156088e-12
0.16344915330410004
3.5800982892323915e-12
0.05274441657372719
2.2903531091011435e-07
1.146795023168889e-06
4.915668885972408e-18
0.8042588233947754
3.4450813779489443e-13
1.0901867912568276e-09
2.325833043515195e-16
4.852365842995852e-11
0.11613984405994415
5.770559614345605e-14
8.595533224192162e-25
8.649307364848404e-15
5.863260758479374e-12
5.807960630683365e-18
1.1611867400789996e-13
6.994205682696948e-12
5.208276473626968e-06
0.6968250870704651
2.0260361424362915e-12
2.178853148343068e-09
0.7276109457015991
3.462126617579457e-14
9.680881002391921e-08
2.6610405326046584e-08
1.463970010292879e-08
3.2630416256244925e-08
6.084125298464845e-12
3.890135500336525e-07
1.2108212963951462e-14
4.900282304427773e-08
1.4230608088846236e-08
6.600461364191046e-07
1.6249346049130023e-07
9.927605346964481e-25
1.9240831270990908e-15
1.114686054856517e-16
2.7715453152098093e-14
2.325221436331598e-08
2.250656280688517e-09
1.0327660015436057e-10
8.504499226523405e-07
1.7401807729790203e-17
3.7131802710581964e-09
0.7276110649108887
6.832179918590456e-13
4.266006190967245e-13
9.90744343400828e-10
1.413207265026121e-14
1.676038975992216e-14
1.4570803637857379e-12
9.715138962611614e-13
1.4557938771364473e-11
7.929634275133518e-22
1.197896878473025e-18
1.627416352521243e-07
1.3247340389097646e-16
1.4033144065825656e-18
4.45439532278948e-09
3.3666138242898543e-21
2.6303060782903344e-25
3.226807306161274e-13
2.0868422159374716e-05
2.3666845286910875e-07
1.6908071609995596e-18
0.29161399602890015
1.597324043552833e-10
1.2860116882018808e-12
2.043090734369856e-08
3.132075731966138e-14
2.239484086521262e-17
8.616703511176038e-16
5.206986319094612e-17
0.24578310549259186
5.136472882974581e-19
7.96170985726185e-12
2.0326484537508057e-14
7.374113257136283e-12
7.242696490266116e-12
4.019719738216119e-12
2.5107303140611664e-06
0.7276109457015991
3.7627364166673064e-14
4.5847535433816464e-14
1.0711673698989553e-10
1.0502409698370156e-12
1.3624161401346868e-18
3.5779388317983905e-07
3.1305686409351035e-11
1.4238733662631808e-13
1.0867276812392204e-16
6.009979347834102e-13
4.91447298725253e-16
6.793957774524546e-15
4.783109225163356e-07
2.534590607497192e-19
7.932647688019138e-24
1.1383328852531942e-16
5.1973295225689005e-31
6.086067812263127e-21
1.2129548772852027e-10
2.271230619143364e-11
2.953287223533409e-34
1.0787428226919736e-10
2.156012354526427e-12
8.759931348402224e-11
8.910645199866212e-16
1.1875339140494162e-10
6.006356462261623e-13
3.7282130960358e-14
5.798567856089625e-10
3.799318990312096e-14
1.3339355329442718e-12
1.0502409698370156e-12
1.8639613984343054e-11
1.4488984241061868e-09
1.2359493583773786e-10
1.7538569000505943e-14
9.972832598165938e-09
1.463970010292879e-08
0.06895139068365097
4.61328541141974e-17
0.8042589426040649
5.111454514357645e-17
3.476495449704321e-16
0.7276109457015991
5.541367668160099e-23
2.17654313869883e-10
9.940691445206643e-11
3.717194901430505e-10
9.358254163859766e-15
0.00876002598292236
2.9001781402574685e-19
3.939615503494359e-18
0.4147546589374542
7.681822518534275e-15
2.4595548984343885e-17
4.012666924041898e-20
7.665721211714191e-10
2.523238299341513e-13
1.3124038101656393e-18
1.6263066040098633e-10
8.427632604275487e-10
8.278383032530479e-14
1.5287344917479187e-14
1.0867291612151261e-16
6.654054570030726e-14
1.5972707170593668e-12
2.121862468744795e-11
2.494733710287946e-16
3.080930847580875e-15
4.0184801625604384e-17
1.5136095391447427e-09
2.1655226339382423e-22
8.184013297299172e-12
7.852953450485147e-22
1.4705450401742014e-12
1.399826008073376e-05
3.710865795324642e-21
1.88808735704124e-16
4.156290386912926e-10
2.3693356960107672e-12
0.06895139813423157
0.3763733506202698
2.424420862609e-16
9.837076539994236e-08
6.445661552921334e-16
6.388968163881121e-10
1.5413502159510426e-20
5.001897610146311e-06
0.5741693377494812
1.5392227637478108e-22
2.5387665020894776e-10
2.5995468101335217e-09
6.999217059303691e-18
1.973372057200944e-20
1.1427872311119273e-22
5.5502801866588624e-18
9.90744113866812e-10
1.8867657417475716e-11
2.3534104965192446e-13
5.924256156457486e-22
1.8389825655277513e-17
1.3445940426497013e-20
1.7101929619831367e-06
1.6611247678058893e-19
1.5459139362345436e-09
3.7784249829783995e-14
9.392063640456576e-13
3.072389226574241e-16
1.2766006537960436e-14
1.2570717578706383e-12
1.23667306783526e-14
7.563081803679342e-11
4.1441248671878444e-14
2.4111118534978575e-17
4.8277261403706376e-15
1.4874481629064127e-12
1.4323971962307446e-07
1.7533156419466647e-06
1.2819071395584999e-16
2.9423827374442324e-16
5.98013434626855e-08
3.732565512760809e-09
4.930556138656614e-18
0.06895139068365097
3.076461843895435e-14
5.616222935270926e-05
1.0775794692918064e-15
5.475322228784167e-09
3.1281144536294014e-15
6.976733346971892e-10
3.4312634691829854e-09
0.11613986641168594
7.649457361536773e-13
1.4639697584207997e-08
6.188201129986503e-14
0.11613989621400833
2.995667101944123e-25
1.3772340484685393e-10
1.804662110721958e-21
3.93392222897942e-10
1.0160943239495102e-17
8.616697820129659e-16
6.93855679827565e-10
2.6869140674920143e-26
1.9051121064004537e-18
5.624763987822017e-16
0.06289584934711456
1.0033388335754901e-14
0.7019440531730652
1.902402230341843e-14
2.3109328475181059e-10
7.86316448635885e-16
7.45657186533004e-12
2.1250367850464244e-07
7.95845981729202e-16
3.4851155312830773e-14
2.619135346058993e-06
5.245626503536814e-12
4.475886795887875e-12
3.3944912457081395e-16
2.813795513325521e-11
1.237545421181009e-16
5.145316210658854e-15
2.3616628411998216e-13
2.673268539943176e-09
1.2860116882018808e-12
1.775827685050807e-14
1.4639693110718913e-08
0.8042588233947754
1.705958953909966e-23
1.6769323647836883e-16
6.508856290929634e-13
2.2027364485951165e-10
5.838669334912528e-07
1.05024134350287e-12
1.9251401944790913e-16
1.9391565843876565e-17
6.218145176658166e-13
2.494732698375679e-16
5.278200344397877e-08
8.419010137532438e-10
9.613823037611747e-21
3.16775496633062e-11
7.419704437383123e-12
4.3138307874506944e-17
3.7948393285069213e-06
1.935000254698003e-08
0.7276109457015991
1.0917243623009613e-09
5.245626503536814e-12
1.844326496509867e-16
5.745590271169821e-06
2.756196791127065e-19
3.1782696010358073e-18
1.0502409698370156e-12
3.5411441000687985e-10
3.8119121272234623e-10
3.8505430350409133e-13
2.2216082872253864e-13
1.3227162193173163e-12
1.8541067691527037e-12
3.3796042742287416e-13
7.699071383006246e-07
5.847769733865416e-12
1.5938008485736658e-12
7.794186433895491e-14
3.2764188967283317e-19
8.18413555109729e-18
1.0173073536788368e-24
2.3252217787436707e-08
7.906036831044495e-13
4.657033622689237e-14
7.749559246262457e-13
8.514641030216102e-17
8.779729851578247e-16
6.797144590093163e-12
0.7276110649108887
1.5000411496085364e-09
2.420970361891479e-15
5.451675936841116e-07
0.18798828125
2.651349438415096e-16
8.128272066584306e-20
2.5156374223896614e-18
3.3015123337552767e-15
5.4866150001071737e-14
0.7686370015144348
7.917156865631925e-18
2.54303895132065e-11
7.397273377091175e-16
3.4089916298741265e-13
1.715070481391717e-15
2.3614258479136537e-09
0.2524477243423462
3.2953093398341593e-22
0.7276109457015991
5.169426672427571e-12
6.320857063038054e-16
1.592922370166005e-12
2.555039298925732e-12
9.037635639403081e-15
5.897088307270286e-10
8.379107912456058e-16
4.83293409665483e-10
8.444039502250463e-11
3.4206740200520927e-22
2.0991464562312367e-17
1.4458372930519213e-15
2.928932624809529e-12
2.6723930711542426e-10
4.679253721109922e-11
0.5741693377494812
1.0867283253175384e-16
1.2281596037612639e-26
2.2027366950808072e-10
1.3975827070476875e-18
7.308358115115728e-10
1.463970243222874e-08
1.6111964498825906e-15
1.890159338704169e-12
1.8325042389593752e-11
6.394530816156169e-08
0.18798822164535522
7.548319718866737e-26
1.05024134350287e-12
1.4228618901275855e-14
2.9853497372283345e-17
2.9189540365648425e-18
8.779279967115285e-18
5.659103970029501e-12
3.538236045987745e-08
5.865357155819982e-07
3.84839956230156e-13
0.7276109457015991
1.8187676384081633e-12
0.0004381167634793931
4.131237881414716e-13
1.079985355228068e-15
4.774784968581824e-10
1.954929643054386e-16
1.2580363072268514e-10
2.0549201510259417e-17
0.11301694065332413
2.2499644522558362e-09
5.363729040664364e-11
1.3361196532537469e-16
1.463970010292879e-08
1.410374675424398e-16
6.008548630065904e-20
1.0356410694967137e-21
3.0974648371235003e-16
1.9024696199166516e-14
1.317235058578946e-14
2.990397822629562e-15
5.196394721957119e-10
1.3081507065045134e-15
5.737330291042904e-15
4.9102609104652415e-18
7.466585296700003e-05
4.266348285711499e-14
6.211811168708206e-14
4.106415133731989e-07
1.3304837294125308e-09
7.013786787982789e-14
1.433290998131734e-10
1.1815881576100865e-13
1.441069224446923e-22
1.5353986265280974e-15
0.5741693377494812
1.670661548782623e-09
3.811921726042559e-09
1.1688055530455503e-15
2.23256353854254e-31
9.057700597207044e-14
9.43964445098312e-13
0.0014988645703035712
2.325221436331598e-08
8.448152383504425e-08
4.128857145793037e-18
1.1933720384987553e-09
1.9982997322994148e-17
9.101441806042139e-12
8.033318771753895e-15
1.7758742994079674e-15
1.1617822809255439e-12
4.350937105763606e-12
1.8738793945950183e-08
9.51307900227052e-12
0.7019439935684204
6.080670431481314e-14
2.0418314898989327e-14
3.45907636727647e-13
5.375790327204492e-12
1.0327659750097408e-10
0.7686368823051453
8.184092233344064e-09
0.0014988646784318469
4.921838745067769e-17
1.463970243222874e-08
3.554981085188728e-09
9.408584178512818e-07
2.796884011021319e-15
5.1788067849417475e-11
3.4181287579892926e-15
6.374580194459766e-15
4.5164530473998995e-12
8.518685084231086e-21
2.307321867286706e-18
4.557371753986652e-19
1.4639693110718913e-08
4.59085459085634e-16
9.314854022301113e-13
1.0502412016776875e-12
4.564545366241358e-13
2.645286675346566e-13
2.580127605928685e-19
3.233714474556212e-12
5.78399278296887e-12
1.1973293645791845e-17
9.299213961045865e-14
4.03919832454539e-20
6.92704810044922e-16
1.4049960506174836e-08
0.006487710476236086
2.8705756762948107e-13
6.162245108625332e-18
5.0524580810486985e-08
1.551703441039292e-11
0.033714521676301956
2.9558524957838703e-13
1.9706544069202544e-12
1.5314113537487974e-25
7.039171366641743e-09
2.7027979142708935e-13
2.903212186848505e-12
0.1076570376753807
1.820374794774492e-18
0.27969130873680115
1.1768593342788702e-12
3.23371421906634e-12
0.010926909437646709
0.7276110649108887
5.542216546029122e-17
1.3404945157891864e-19
3.854296339678055e-11
4.622106950400479e-08
0.24578312039375305
1.6236619137483666e-16
3.7784283890598074e-19
4.820650639357121e-14
0.008092607371509075
7.560024085732519e-08
3.135923463437382e-41
3.492064403917559e-05
6.588053119054574e-15
9.982089243048422e-14
1.4572211623250073e-12
7.095383843819194e-19
1.1598102319231044e-14
5.741405714427782e-13
1.4488982368380736e-09
1.1083549309972851e-07
1.4639693110718913e-08
1.9410300115950883e-14
1.5615861650536782e-09
5.8953648905181105e-21
5.587049360980818e-10
6.395036775793869e-16
1.111315343205122e-15
1.4777770906274987e-12
0.26296892762184143
1.463970243222874e-08
1.3787065194881612e-09
4.611253571699783e-17
6.457086277749214e-13
8.754936337919115e-19
8.860289092697541e-11
2.386562029478825e-13
9.575725585882027e-20
0.0006727606243293605
1.6032882445448318e-15
8.961929034765182e-14
5.584144230676884e-13
3.682183756509366e-22
0.4147546589374542
1.3751922617420867e-08
2.4850531545006182e-08
6.743760685600723e-16
9.305189159718204e-23
0.055595628917217255
2.239232745358067e-12
4.4791111579419736e-13
2.3457230350863616e-13
5.967721838302459e-16
1.2773054334175688e-21
0.26296889781951904
1.1659006406965427e-24
1.4561677661228016e-10
3.3409375068047034e-15
8.750473914955554e-20
0.7019440531730652
6.410811631183638e-14
1.302574649454933e-28
2.2656250606649498e-11
1.0799858691405025e-15
1.015320433906007e-10
3.781937247619991e-11
3.910081844653477e-12
3.0783257526543353e-09
1.4032410044831639e-15
7.155031242428673e-20
0.0006488690401692566
7.024246446910366e-13
2.325221436331598e-08
1.3979426841890284e-18
1.377251150415501e-19
1.6628508086716364e-15
3.1690093387798274e-21
6.660901921733739e-11
5.0524577138929985e-08
0.4057318866252899
1.9516787436911085e-06
0.16184097528457642
2.8748265346277047e-08
1.2147725809387815e-15
1.824258483100742e-10
0.7686367630958557
7.628945374637248e-17
2.3823074841506994e-19
0.7686367630958557
7.352677459099321e-11
0.42760443687438965
9.091857297443433e-16
2.0580291063400973e-10
2.223496761957232e-12
8.802785255667147e-13
6.296194709495927e-10
1.079985215678046e-15
5.030924936169275e-15
4.571612353889544e-13
2.726971413586627e-20
0.7276110649108887
0.7686367630958557
6.737062466477866e-14
0.8042588233947754
0.7276110649108887
1.8912602480439885e-11
6.124254964530081e-20
7.075781674021685e-17
5.245626594797275e-12
0.26296892762184143
9.90744113866812e-10
1.7954398571120233e-07
0.7276109457015991
2.1744591359041193e-12
5.570623390911986e-07
1.6171809763107866e-11
1.473456147221352e-26
7.08764262288951e-10
2.9619869276895764e-12
1.1198090673037359e-10
2.02892559806948e-14
3.4832153145776126e-11
4.0946192208468403e-13
2.0004235691016865e-11
1.597187866807298e-05
1.1673472538252365e-11
3.780179499979431e-09
7.206763175025485e-14
1.5514547265198993e-12
1.4261875986668958e-07
3.506838021063676e-08
5.223820871190305e-14
5.917375885657256e-07
6.039872802015535e-10
3.377518316407704e-15
1.7402983318200852e-08
5.4060878975102796e-17
0.7019439935684204
7.129634995095854e-17
2.348485419089148e-16
1.0720285273632587e-13
1.9055842850041173e-16
5.24562636989891e-12
3.6644166054180996e-12
1.8065735762561325e-06
5.299139917565158e-12
8.063383848997817e-13
5.631831545007335e-13
2.508527556995908e-07
4.630103043126507e-07
1.05024134350287e-12
3.361274469223244e-16
8.35230595677539e-15
5.3015751776243456e-17
3.1338877188325864e-14
4.321201203596907e-17
5.783995583580871e-12
0.7276110649108887
1.176892412399367e-09
7.555767935165628e-21
3.2307852126823614e-14
0.5741693377494812
1.8896473892834964e-16
5.275956509391889e-13
1.971901545336684e-26
1.232614993502349e-12
1.004138129637654e-12
0.5853098630905151
0.4147546589374542
1.6218824242638926e-12
1.0340339054251297e-23
1.2472738137433872e-09
2.7294259205951384e-11
9.879889255144837e-10
6.916423988983896e-13
4.530781996190489e-17
1.151653440070746e-09
0.6181004047393799
2.96490625761466e-11
0.0037346649914979935
4.199222548392772e-15
1.3106762625696383e-17
2.4351754965508504e-08
5.77809491841809e-14
1.1432296355458363e-07
1.767663996277643e-10
3.0208099342516206e-16
6.0546895375698615e-18
2.7783985883317144e-15
1.463970010292879e-08
3.763644267318511e-16
2.87977251586083e-10
8.213704451827461e-11
8.934667274949771e-10
0.0007461412399750551
0.7019440531730652
3.6580065942616454e-15
3.319573727612278e-12
0.0004964032621643127
1.1198090673037359e-10
1.3732482390172004e-20
3.8163492510309545e-08
1.0566206902947854e-14
0.7480401992797852
0.05012651905417442
0.7276110649108887
1.6927364599426187e-09
0.7019439935684204
3.504170727513175e-12
0.8042587041854858
3.1171711283193106e-12
4.866431437541098e-11
5.3516693289198816e-14
1.1347129221795288e-16
1.2375454357238364e-16
3.8977615755975496e-13
7.692125648956743e-20
7.919795649826874e-08
4.134238296013867e-11
1.3904299507570734e-19
0.7276109457015991
1.1910568907139876e-14
5.3157011558260446e-21
8.79294993432032e-14
3.6941074318508064e-07
0.7686370015144348
2.128167170691211e-13
1.097326230103932e-20
8.616697820129659e-16
0.5741693377494812
1.6954189854192666e-19
1.944832333632313e-05
4.5093424706920554e-20
6.060749943359404e-11
0.7276110649108887
4.762346247991671e-11
3.825670938685112e-12
4.2884704684524136e-21
9.470544607965285e-22
5.0931837019546464e-21
1.2827437272753724e-15
0.002168302184111348
2.7285104277903816e-23
7.411714362546277e-16
2.4886117841379713e-12
4.165146111531943e-14
0.4147546589374542
6.542091407265777e-14
1.6704843191414745e-15
4.523250669899314e-16
1.0209720249050204e-12
3.825671197106733e-12
1.6225242029991094e-09
0.7480403184890747
1.8074382128496456e-12
7.375880359391035e-13
6.217200130938728e-20
0.7686370015144348
6.567393854358916e-16
5.5959953318129186e-14
1.5134268287094796e-14
1.337721180315725e-14
6.663394158659273e-19
1.6284929208724e-14
4.648473326171902e-16
1.1113265853013966e-13
2.7119171031316966e-16
2.3811640140064662e-19
1.9249243785795022e-16
6.543786410019802e-09
8.078384921065841e-18
4.6450285142787086e-09
8.441428281614464e-17
4.127203373672446e-14
1.0015811284217064e-14
3.7710161361589447e-13
0.5741692185401917
2.228943201638387e-15
1.9822403277694021e-13
1.624756876459222e-12
5.226452718235906e-10
1.6093169231756029e-16
3.0503476573306813e-19
2.6864901095110704e-12
2.7393080816478557e-09
1.455558155844016e-17
5.092092584403598e-16
5.316267795568594e-15
0.513476550579071
1.6792638108709815e-14
8.984805110616177e-16
0.7686368823051453
7.729127071682188e-12
7.668775347653428e-15
9.296432226062497e-13
1.6078948728946564e-10
1.9249766916987128e-10
9.898187943662771e-12
0.144280344247818
5.511800570958749e-10
6.48828967136791e-08
1.9700767619420016e-20
1.759166020922236e-08
8.968941214685324e-10
6.87693370454071e-11
0.10273411124944687
1.8991988961578e-11
5.916790086994382e-20
8.206783025394541e-12
9.471067703238495e-11
0.5741692185401917
6.582723792826769e-13
4.729575494968153e-14
2.3074925679986955e-13
3.620238367988259e-07
1.1515240573041716e-18
0.7276110649108887
4.024909266570085e-26
1.3350242458589479e-14
0.4849230945110321
1.6925136755840583e-12
9.912974320402167e-12
3.4022855706735565e-27
2.0585530832288729e-13
0.7276109457015991
1.3751024279831027e-12
1.413488794307136e-10
1.05024134350287e-12
1.84860174765799e-23
2.2331995523300275e-16
0.5741693377494812
2.17794228265695e-06
1.6317286602519294e-18
1.45759763930176e-07
3.1013798779053175e-19
1.2981722645041114e-11
6.328397915567756e-08
2.9088999326904296e-12
6.809026997737478e-16
1.5978360140480018e-11
1.463970010292879e-08
4.8895377210314856e-12
6.09388204210758e-13
5.059773809084996e-24
2.0673395985464975e-14
1.9602597528640776e-11
7.136108629948017e-14
1.639428851434646e-15
1.0948397339464191e-14
5.10559395644357e-20
5.290932069076515e-16
2.228498415517113e-05
2.0093326898881296e-12
9.095762812062391e-15
3.841867900285092e-16
8.616703511176038e-16
1.3410183172534671e-11
1.0502409698370156e-12
1.2165032977008699e-22
1.6731489466044674e-08
1.302277777703844e-12
1.5359481328275455e-13
9.90744343400828e-10
7.446209013701684e-16
2.1591668165942263e-13
3.8763887526694755e-16
3.2038721613258135e-13
1.463970010292879e-08
0.15996383130550385
3.435139381996025e-11
3.170623634970068e-18
0.7276109457015991
3.1456444019677595e-17
2.420600901147345e-12
1.6628511865172331e-15
0.025605877861380577
6.160570105261551e-15
1.2919153789592905e-20
2.021086582612749e-14
0.26296892762184143
1.0409501913354274e-05
3.727521910745822e-08
3.796129174295458e-26
3.825672647645383e-12
6.329994405028336e-09
0.26296892762184143
8.079521396240122e-26
0.03371451422572136
1.795018888536359e-15
0.18798820674419403
0.7686368823051453
1.9767323538212597e-09
0.7686368823051453
4.856552582691523e-13
1.4639693110718913e-08
8.567718542425325e-25
1.806751111323518e-11
2.9529427345033697e-09
1.6982829787488253e-15
3.918103313072954e-12
7.787203730108413e-16
1.0882908449821338e-11
4.771036960750848e-12
0.513476550579071
5.549391149540323e-06
1.1638295186926094e-13
6.6571968924774e-21
8.213704451827461e-11
1.8456037735663983e-15
2.4545014723046492e-11
1.4639693110718913e-08
1.4639697584207997e-08
4.057806120820987e-14
8.616692181543937e-16
3.0519848270997483e-09
7.687928173015764e-14
2.785831812261783e-14
7.780629872531232e-14
1.7546492595430234e-09
0.8042588233947754
0.03278521767695608
1.6225236766320429e-09
0.7686367630958557
8.792957754982978e-14
2.711214615506859e-14
5.8939899008175125e-15
2.1216820113533173e-13
1.4194057026839802e-10
7.25363116116857e-17
3.0369086540630025e-23
9.623338451712293e-15
4.7634785860930914e-14
1.440095761844427e-17
0.29161396622657776
6.910032065624035e-13
1.57253912072969e-18
7.75836210456857e-21
1.1198090673037359e-10
1.4639693110718913e-08
2.4529153691407195e-19
7.379608078020035e-15
5.366236721094584e-10
1.6237005055454622e-06
1.492814324063428e-10
0.03371451422572136
4.359166350193317e-12
1.4639693110718913e-08
1.1122420189862711e-09
5.184362102188846e-19
7.607863620406508e-08
4.6332569182672135e-09
1.667332400301593e-12
8.444039502250463e-11
3.3890292309733845e-14
3.5631217066797095e-28
2.8733584157742173e-10
6.772723653042542e-08
2.725037165724344e-12
0.4147546589374542
0.05274441657372719
2.545983235168471e-14
1.0679502187694147e-16
1.1788506611677122e-15
2.26388522929113e-19
1.6988333607222988e-11
1.1097331696743454e-12
1.3413402559911857e-16
0.5741693377494812
7.695144557495664e-18
2.8976596943368167e-18
1.463970243222874e-08
2.864049051344288e-05
0.7686367630958557
9.902520709570663e-22
2.147885475371554e-07
1.179688298768605e-11
3.1798804216346036e-07
8.220729679040054e-14
2.5107297669783935e-06
1.9864085209175793e-14
0.0001534362217567864
4.882281085292246e-10
0.513476550579071
1.3106760606583011e-17
0.03371451422572136
8.64622799173697e-09
6.247999406347896e-17
2.4710136729957245e-12
1.0502412016776875e-12
2.3731042020922583e-07
1.0327659750097408e-10
3.591601253504394e-15
0.00010503978649094478
2.1385282281447143e-30
3.759544829094956e-12
1.1101359865536267e-15
1.6289967557078842e-25
3.09917176774164e-13
3.904225907013594e-19
3.791893845487188e-15
7.803238944019892e-13
2.5107293405360262e-06
1.0388509674309195e-11
1.3332108282561235e-14
0.03371451422572136
2.7542381425109568e-14
1.8440693659143224e-14
4.446941659376582e-12
7.699071383006246e-07
8.616703511176038e-16
1.4625819659316272e-16
5.390907980619265e-19
2.8535754954691487e-19
6.466270172706335e-15
3.233714474556212e-12
5.464421121169193e-10
9.068355881162585e-11
1.914749544373528e-11
6.043694070941042e-14
2.1564722544205863e-08
9.534474816490045e-13
1.4647962166071183e-19
1.481378525099346e-15
8.740973362813989e-13
3.5582975880613667e-16
1.1186393580533872e-19
0.7019440531730652
1.2229440361612808e-10
1.602337821004961e-15
0.7019440531730652
0.5741692185401917
7.854268169567322e-15
1.0817027741455658e-14
7.360152003250265e-14
1.2634894434217813e-11
1.7895611762739266e-17
2.5898787342845986e-08
2.7048525603212667e-24
2.0185160782819665e-15
1.8455455524549894e-13
8.11975983256385e-05
2.5116310567917508e-15
9.730453600932265e-16
1.755616395588245e-13
5.858368803756271e-21
3.8080592544827365e-20
3.471133743546462e-15
7.222493212823293e-20
1.0244252545443779e-17
4.3561188769579394e-13
4.966246938841686e-22
5.773289911246055e-26
8.869544365199514e-09
1.4639693110718913e-08
1.483413646517403e-18
3.3894619966494005e-24
5.7839943699173326e-12
2.301944553314178e-05
2.1024362393722653e-18
1.4639697584207997e-08
1.5089441854579578e-11
0.7019439935684204
1.0096114565102787e-09
8.54479044229223e-11
0.5741693377494812
3.656860633348876e-15
0.4147546589374542
1.4116009069522164e-11
7.578611001908468e-13
5.721876866232821e-14
7.053808118696223e-19
3.9957670250802875e-15
1.1114822684325601e-13
1.463970243222874e-08
0.7686367630958557
3.173870852132186e-14
4.0205691023027145e-09
8.033318771753895e-15
8.676740012197028e-12
2.6295169899580453e-13
0.0001265120331876944
0.5741693377494812
5.897354658380322e-21
1.9200952212577605e-12
8.228933529972081e-09
1.0731723710009326e-12
1.2394370885447279e-11
8.901257933885568e-23
1.03011810739191e-14
3.1798795808956104e-07
5.822606484754405e-21
2.114485271259245e-14
1.7982919082376923e-12
4.648450703870265e-13
1.7748816106356054e-07
4.4944894519537587e-14
1.8353739479066125e-14
4.0164551032527936e-13
2.454821806789087e-18
1.264517408528933e-17
8.72856298133186e-17
0.26862090826034546
6.231443635917447e-10
1.1768926740463465e-09
1.4639693110718913e-08
1.4639697584207997e-08
8.616698219158079e-16
7.150497153040494e-14
2.6338413561082853e-13
4.358555112338923e-25
1.8022631455714493e-15
8.187733069618871e-18
0.4231981337070465
0.00048001044337161666
4.90124964270606e-15
1.17976556099265e-09
1.884390749595344e-12
6.83505423067029e-14
1.1253827237159822e-17
9.665731543364803e-07
0.15996383130550385
1.545149799714083e-11
1.3315226073269159e-08
0.7276109457015991
0.513476550579071
1.7998784751446482e-14
6.0463850251432396e-12
1.7029362716859468e-11
1.2860113640516249e-12
3.1702956024475595e-15
2.332120651601946e-13
1.8749876862992635e-08
0.008092607371509075
5.362373913077123e-12
0.05274441657372719
3.055582227774339e-14
1.2766006519592526e-14
4.580254302610507e-09
1.0508680019389487e-09
1.288508868771102e-14
4.259684448740013e-11
2.1538533897552227e-09
1.0502409698370156e-12
0.7686368823051453
1.253380235182024e-15
2.228803923673628e-17
1.237545883321075e-16
5.549391149540323e-06
0.26296889781951904
6.235943754620769e-15
5.799467502415942e-17
0.3437471091747284
1.954180529307511e-06
1.4393649201281204e-08
1.844143096313386e-15
0.24578312039375305
0.19645436108112335
1.379221247503423e-13
0.5741693377494812
0.4147546589374542
6.526173006385881e-10
1.288967027845513e-13
1.8074373599013785e-12
3.511154802371306e-15
1.0894390936161437e-16
9.968800719521193e-05
1.0665565737291872e-09
1.4639697584207997e-08
2.273838191572337e-12
1.895598642274476e-23
2.5066951416160892e-05
0.7686367630958557
2.821289390171345e-18
0.7019439935684204
8.428660889997246e-13
1.224543276787166e-05
2.8980725061339014e-11
1.1267714854270596e-18
3.732564647776564e-09
8.438262638536769e-19
2.1706783227186558e-16
8.150518019347789e-15
2.367624960493607e-11
1.9214386746902738e-12
9.611405671635186e-23
2.1834719915936852e-20
3.2429062459975435e-17
5.248774938152004e-09
8.445663290754761e-11
1.1511969718318892e-17
3.767450761706314e-10
9.408584178512818e-07
1.5994358273603598e-12
3.962420447087829e-15
7.699073598448103e-07
8.446302443369696e-24
3.7139475990480744e-12
4.1053399485044855e-16
1.489132716918389e-14
0.14175300047331138
1.645555574468701e-13
1.826869158165621e-13
0.7019440531730652
4.46657305273025e-17
5.456615592110826e-11
8.184092233344064e-09
8.351077265169201e-11
2.0591903133009847e-12
0.7019440531730652
0.7019439935684204
2.410557325810989e-12
1.1387117967238049e-14
2.5671821610105866e-22
1.8656767473648323e-18
1.1045400936516e-23
1.0220129797622522e-13
0.26296889781951904
0.050126515328884125
3.66058467293609e-12
1.146795023168889e-06
1.4874949143452102e-19
3.2574392240172447e-15
2.242906381032728e-11
1.1452074459427105e-06
8.741099112320145e-10
5.553807031637572e-16
8.958529420208234e-10
5.62327974780507e-13
2.890392592804613e-13
2.995378910761923e-13
2.5764712415514745e-09
4.523115178933152e-19
6.975744844570123e-14
3.5327755318126244e-16
1.1437754565580319e-07
7.459739982798363e-15
2.7375014948815893e-13
0.4147546589374542
0.4147546589374542
0.21775473654270172
4.875937545794572e-12
1.552926420969004e-11
1.1312979444856817e-08
1.798941158552761e-07
3.132376485646245e-13
2.0280000049748766e-15
7.285252958284476e-08
1.1686568615902973e-14
9.91654330853276e-14
5.289863922565557e-16
3.608538508347036e-11
3.002617323352212e-14
4.560043551867331e-22
1.4775875964010804e-09
4.734162336536411e-13
7.466583219836492e-05
9.392069157061408e-13
4.5193287274699435e-15
0.06895139068365097
1.5179729422393349e-12
4.6641854617034723e-14
1.0727655338840472e-09
3.825883184189572e-12
1.563976507314275e-10
7.480950263766668e-06
1.2553928610810985e-10
1.1061046655075964e-08
1.286012061217384e-12
2.404290871920696e-14
4.831480430787307e-16
0.7686368823051453
0.03371451422572136
3.559623336030695e-18
2.179698676327148e-12
9.392063640456576e-13
7.037144670084718e-14
0.5741692185401917
2.5107297669783935e-06
1.0799853295567443e-15
4.1886301802489895e-24
4.410666034132364e-16
0.0009424953962586482
7.909005249834135e-07
0.00010587633368054801
2.526671796824109e-10
0.7686368823051453
0.01608062191630666
1.4253832263360276e-06
2.9539180602784925e-16
9.392067393887208e-13
4.132055325163206e-15
2.285420189042534e-22
8.080750525039292e-15
0.7686368823051453
5.0603119556256034e-21
6.742131555512416e-18
1.2383194713059547e-09
1.883490356059644e-14
6.241265807976286e-14
1.463970010292879e-08
0.7276109457015991
0.7686368823051453
1.463970010292879e-08
0.4057319164276123
1.5769802753784667e-20
1.4318696361018943e-13
8.080749439811717e-15
2.0240535249657938e-11
0.2028370052576065
0.003980463937885453
1.617497021861814e-16
2.756136195587237e-09
6.513041354187051e-23
0.7019440531730652
4.012060312783001e-21
1.5680137254332007e-18
2.8776168622998248e-15
1.0327658327293857e-10
0.7686367630958557
2.4767764404853674e-15
0.4231981039047241
3.0263936132637446e-12
2.1788526745210866e-09
7.810407244138692e-15
1.4639693110718913e-08
8.518413072982947e-11
1.3393447388281222e-12
8.616697820129659e-16
1.3294327903982088e-10
5.19051563436358e-10
6.179587160372184e-14
2.610633799815144e-09
3.825670938685112e-12
7.314121336681566e-14
0.26296889781951904
1.1561979745202264e-07
1.463970243222874e-08
1.6589553821804306e-12
1.1261043765218005e-05
8.167597225452608e-18
0.7686367630958557
3.3200844781920214e-16
0.7686370015144348
7.925701486164935e-11
3.297564829581844e-11
3.853283261371262e-14
4.004372756152384e-12
6.648587370540394e-17
1.2671699264323441e-12
0.03371451422572136
0.7686367630958557
2.351177033684381e-22
2.8206148452736314e-20
1.6456642729810751e-19
0.5741692185401917
2.030738980665411e-13
2.5107303140611664e-06
1.5103133074634094e-18
4.681370266807474e-15
4.826615344141571e-09
1.4091835792137727e-19
7.51375966643131e-16
2.147842829787064e-25
1.1825176052642832e-19
1.113487019652631e-11
2.1168637665359263e-17
6.335073847148727e-15
5.0782438574513036e-14
7.676669144396747e-10
1.1158214974051036e-11
1.2459629318365532e-14
4.6317004234987204e-10
1.0391082359241558e-09
3.106697353435422e-07
0.26296889781951904
0.0005075565248120889
6.713770559576273e-07
1.508213322999205e-14
2.6893820985056672e-20
3.713946538558297e-12
2.4877406158491167e-11
1.8533133849577358e-16
5.655991975101096e-06
0.29427793622016907
8.468112418827423e-17
1.9200946222823247e-12
5.7839943699173326e-12
5.836753681172138e-13
9.179854346251583e-15
5.257540381120968e-15
1.75168775665009e-15
2.216186407711944e-09
1.3398007154532676e-13
7.517396063969418e-26
6.726708278187644e-15
2.3507197351806873e-13
4.4286333037601494e-15
4.855342596653756e-13
5.054811980614833e-24
3.1870434308403106e-14
5.3964360801905846e-15
4.7536999441018794e-15
5.442276127748802e-13
2.4563248152693272e-08
1.7546489799740318e-09
1.3603466111405805e-18
8.12221197433923e-24
0.7276110649108887
2.6726635382485698e-06
2.3047043436195293e-16
0.7276109457015991
2.86741455414496e-20
2.381672707800526e-15
2.0633659147160862e-08
0.06895139068365097
3.123440688821062e-12
1.1825638677902317e-07
2.5107297669783935e-06
8.55427693826289e-18
0.01370017457944639
1.4575969671272358e-07
2.984999571585232e-14
8.449334018332814e-13
0.7276109457015991
9.058084476472285e-18
3.3127912121599547e-13
1.6474799674381198e-14
3.4665436059896365e-13
2.937080813528213e-13
1.6186027605748713e-16
5.0616635717225195e-12
2.270642898296417e-21
6.314095642871622e-13
2.4337890623184443e-18
0.0492851585149765
1.2163891948276732e-18
7.025046332695208e-08
7.851348223155814e-15
0.5741693377494812
5.245626594797275e-12
0.7686370015144348
8.569188142092871e-14
1.5758288740550644e-31
7.592409526267841e-07
6.478111544388316e-17
1.05024134350287e-12
8.641431722422175e-08
6.792409937659906e-19
0.7276109457015991
1.104221879474197e-10
3.4304957906824364e-18
0.7686368823051453
3.1690093387798274e-21
1.250532375571534e-14
4.0682658284013874e-14
2.7383563467007983e-20
6.217393705074924e-16
2.2121384358996941e-10
1.3730869230111297e-21
4.016934469282132e-17
0.7276109457015991
2.3660383583574156e-18
1.49351946718618e-18
1.4639697584207997e-08
1.1009377768249015e-12
5.913376988283716e-10
1.0430377330863644e-25
5.796942329872303e-14
2.5608019751290125e-17
0.7276109457015991
1.4639693110718913e-08
1.0221870244880508e-13
1.2359878651231033e-19
5.077555505034646e-12
8.007335504929468e-19
7.146241014403266e-34
5.245626594797275e-12
1.2114759637565164e-10
1.7007515052572862e-09
0.7019439935684204
0.5741693377494812
4.991806442719315e-15
8.231089429977963e-21
6.29619636906802e-10
9.408581939435401e-07
1.3937673557256564e-07
3.438315581115521e-20
1.2129241585888468e-14
1.208873831943217e-20
3.6894709289857794e-14
0.7686370015144348
0.37637344002723694
5.276286505840237e-11
2.179581895316883e-21
0.7686370015144348
2.0954262967625332e-19
6.822874752095252e-12
1.0502409698370156e-12
2.3933318115481827e-06
3.538236260833897e-08
6.006118477123671e-17
1.4639697584207997e-08
2.486104740783769e-13
5.569288779885313e-14
7.115646806288277e-18
2.4176373661960945e-12
2.388454390659949e-13
2.666351508858091e-09
1.463970010292879e-08
6.809898364312564e-08
1.463970243222874e-08
1.7109581787872263e-14
1.5149771036929922e-17
1.0252811032497544e-21
4.0270198545128244e-17
7.767314841640392e-15
8.184096495159088e-09
1.9371200013395992e-13
2.679748300220928e-14
1.818714082443028e-15
5.578096151435473e-22
0.10615009814500809
5.114348332413405e-24
9.449146916523375e-07
5.511487724713236e-11
1.8979033762935035e-14
6.633940066434798e-11
0.26296889781951904
1.19103800970275e-13
5.741409266462572e-13
5.6240343194090995e-08
2.4167310948709316e-11
0.7686367630958557
1.3681832300906278e-11
7.122919900650502e-13
1.244961384166026e-17
0.0492851659655571
6.816487955911486e-15
5.235847437514065e-22
0.7276109457015991
2.5107303140611664e-06
2.549406283436581e-13
4.232306800424051e-18
2.036392762875786e-14
9.392067393887208e-13
1.5274299388932621e-13
6.3928091426430374e-15
1.0502412016776875e-12
1.6368923967187752e-11
0.4147546589374542
7.699070837747644e-07
8.972169331490568e-19
1.2719673320999998e-13
2.6118455356620205e-22
0.06895139068365097
4.650414266644591e-17
2.4380761478319017e-29
1.463970010292879e-08
0.7686367630958557
1.6042622393447967e-10
5.884337394279502e-10
2.467101129835779e-27
1.1521534486969725e-18
1.0799853295567443e-15
8.642334648602456e-11
1.9278889159247643e-13
3.091913048734357e-08
3.8901242309835064e-19
7.543708984708177e-18
7.037754025267496e-16
2.718815806884506e-13
6.437608942329993e-07
9.150291511479747e-19
3.9303913189817784e-14
3.620786574912601e-13
6.073971591474341e-16
2.0138964539358184e-15
6.6686333059912644e-21
0.7686368823051453
5.6480068691414974e-12
3.147227482741537e-08
4.8745323889007255e-14
3.419511885604739e-11
2.4781737218861945e-10
5.738600996569096e-14
3.5366803302568225e-09
8.999391598467171e-11
0.5073670148849487
2.7720402216058348e-15
2.126445024166273e-17
2.095722045985316e-13
1.0746676872741025e-24
1.4205980759308834e-14
5.2456240461106415e-12
1.1515229080482607e-18
1.9301535905459917e-13
8.616692181543937e-16
2.2476152018167753e-17
1.441353870494179e-14
2.1423672464364745e-15
1.0504901679593637e-09
1.0168354017250507e-15
0.7686367630958557
1.6155384664288448e-19
1.0310218513817383e-23
3.0155547768467264e-17
3.458961634087752e-19
8.006037763959594e-19
9.5793815522901e-16
2.6041995725240565e-23
4.248982429161177e-15
1.5303232699873757e-12
1.9414285015340744e-19
3.425708939530084e-30
1.5903179501656206e-13
1.0005064318899753e-13
3.4061044063879266e-19
1.257911326239542e-12
0.7019440531730652
3.160990032357586e-18
8.641431722422175e-08
1.7779074744708887e-06
3.794374609691648e-11
1.331522119025073e-08
5.6479497797565816e-21
4.0864645105814294e-12
1.4639693110718913e-08
4.808152186239525e-19
2.829946736802683e-14
9.881458547406509e-13
3.017821780631652e-17
0.414754718542099
6.944587073707132e-13
1.4633908634505707e-14
0.7686367630958557
0.414754718542099
5.384696960813083e-16
9.638826377972375e-14
8.105338329698093e-15
1.227484839111947e-13
1.0932371143031924e-16
1.5618236631756055e-11
5.774552578213093e-07
2.8172895995238217e-16
9.312732620032732e-14
8.397837213101712e-16
2.436854933678575e-17
1.1140617484579589e-10
4.7882891582844385e-18
2.5546831896815864e-16
2.1979300517247513e-12
2.136776588642142e-09
1.1067280029813248e-15
2.4994937413540307e-09
6.203673063356456e-10
1.9646085981124177e-18
5.407379755671322e-16
2.7733165576864295e-16
0.3131164014339447
3.01822339780516e-17
8.290654366149046e-16
2.5107297669783935e-06
3.9367541528948485e-07
2.2918505092478378e-14
2.3554490779706612e-20
4.015926290505678e-06
3.7552332462939603e-16
3.0721732976898665e-25
1.8610790518423167e-08
2.3858967891085985e-21
3.247989997561566e-17
1.463970010292879e-08
1.395291821985795e-06
0.26296889781951904
2.571786037332733e-11
0.05274443391678374
7.800477752194933e-28
1.2249661272097187e-19
6.124498200715044e-16
4.211851495145261e-12
1.4702313852290569e-19
1.9163663242436322e-14
9.482495934231636e-06
0.5741693377494812
5.664951211995968e-17
1.549216847186653e-16
4.127930805812438e-11
1.4639697584207997e-08
8.168585935568496e-16
1.3333774577628237e-15
4.298297262457511e-22
5.178740849890775e-15
0.29161396622657776
4.1233761027537824e-13
2.033924770559967e-12
2.5785376511510215e-14
2.392705595941911e-15
2.326694398320336e-14
8.302695663340142e-13
5.549391149540323e-06
0.26296889781951904
0.7686370015144348
2.085720905548365e-09
1.2049801786425476e-14
2.0496998270761425e-18
2.6445202168635776e-22
0.7686367630958557
2.3116854345292533e-14
0.02819366566836834
5.737330291042904e-15
1.0727655338840472e-09
0.4147546589374542
1.1886759874215672e-19
0.0001835222554018453
5.9698726017638345e-18
0.00018352229957531175
2.430385948300281e-19
7.806274574458207e-14
1.2448483195602362e-11
3.197028415320881e-14
4.251444770747564e-18
1.1271802277200441e-13
1.412743496318885e-15
1.1016113854195025e-21
0.12076444178819656
1.1941631683872106e-09
3.0723096161429755e-17
