3.368253430701828e-09
0.00010006816031433736
0.08713609887312657
1.0269616098640098e-15
1.4231528360040267e-17
6.9022069927450375e-15
1.0648068623677026e-17
3.625822602110361e-29
0.02016681208497062
2.5368452941685522e-11
6.657061031088518e-26
0.4326337794364612
0.0006205579760667137
4.558583335186008e-09
0.07389479936903715
1.0016073288640708e-06
0.0012178503633288318
5.206969203376551e-05
1.2867593903720014e-20
5.040724869580146e-17
1.0929780468440537e-30
0.3665541374665133
0.0009714070554379603
2.8416612623345672e-18
4.042605792640881e-26
5.092834253349709e-16
3.4115275119411267e-07
2.487560753874244e-06
9.782031831304073e-09
9.261790657682968e-29
0.44533523145475584
0.2377647322459353
0.22519099632845102
0.13354514983703236
0.3461989920909989
0.00021826687389686628
0.30578118171698926
0.0006160242593702823
8.573563147760555e-07
2.334226281344833e-06
9.219794169107792e-23
3.9322684257025385e-24
0.0022494427635782466
7.939992054089157e-17
1.2754547857786478e-21
0.4824207884859817
0.5986127995052509
7.133492984823442e-33
5.008824748462811e-15
3.783339344214031e-21
0.0003569780766456567
0.17401557276945265
6.940916863673786e-28
7.934462303112654e-28
0.10096992444306525
0.002232925172392694
0.4262173520825172
0.2856634149477415
4.7062077226739685e-14
2.0802969967053954e-05
0.006991623192234607
7.295881426203006e-18
5.377648077844238e-16
0.02386581249471975
0.005727633000730381
6.506506163618191e-07
2.5587760336650593e-18
1.7192972255132422e-17
1.3589981853433406e-16
3.4940488625609094e-15
0.4844633280301771
0.004114778136103531
1.1487286295927852e-23
0.011282175971030314
0.07862038040318838
2.582516389808521e-21
0.0013293722690437225
8.593930311503572e-06
1.3041653408720337e-27
0.10506799192143212
1.3344000026294318e-06
5.3984704069068606e-17
0.0002996130929544816
0.3651916228920331
4.834533513480433e-07
0.1220843243979079
2.7580185749933087e-28
0.09399503347259675
2.2108972006898748e-20
5.842392772506043e-06
2.4739579537022713e-24
0.08747712345031285
3.0262946814595126e-05
4.1893151483628614e-14
4.0673575063377273e-25
0.03676851889882852
1.753333279815023e-08
0.11358225315295911
2.538844580107286e-31
0.005444863938083586
7.732389036151743e-05
0.002863655788887731
2.775938105392574e-21
0.012025840646442632
0.4803969765067328
0.0007832576555155818
0.10302224419589273
0.38604927861037197
0.35643096101479643
0.021229708111603407
3.397856530434301e-11
0.00023946157741584415
2.09787239746436e-27
0.0016585863693014476
1.3844754922174654e-26
9.690092609476176e-07
5.84593484063301e-16
2.1907649152350416e-07
0.37484214331582244
0.009212506275350252
0.05443662973804891
4.672303478782731e-11
0.0018746292011381687
0.28487654512487187
0.0012616819038639704
0.18941936236550738
3.64732353265341e-30
1.1994598351986268e-11
0.0012829648301378707
5.8861781066172825e-06
8.731612230147878e-15
0.000979222198888366
2.019154582070824e-17
0.39385284070558413
0.05066806269856894
0.6668902084261674
0.05802134230387733
0.0009456914727546256
8.464032412861855e-16
3.33230484168763e-26
1.7332083851033296e-31
0.005241881305836816
0.22056448203684895
2.992667246675776e-26
2.824816256890569e-33
4.005048651935875e-24
0.4021736526878367
1.1633818352695554e-23
0.04867374622005621
0.011746505628241099
0.4105897713132519
0.05939497566598506
6.207060361269518e-17
0.00710270641027122
2.797841269047089e-28
5.010884001748954e-26
0.43831012190341295
9.26082472399836e-16
3.6590588205139646e-19
2.675895405904005e-26
0.0008691328412561522
7.74059718313003e-05
0.6898730826280689
0.005139199729705918
9.881935495564292e-26
9.463418935163212e-12
7.123335924964005e-21
0.001079772967704784
0.0013180446593158734
1.0757569533889075e-22
3.963688582058053e-05
0.00018270807021066385
8.058027035459458e-16
3.3639583231809196e-05
1.668641140854382e-19
0.4003908958186766
3.0418400567255694e-18
0.32598401433727986
4.451834089591552e-09
4.645547690812371e-25
0.008305181658405223
2.576728128373529e-07
0.04379236544632081
1.6726441978847394e-31
0.27358674143969
1.2954023400776791e-17
0.39651234215799924
0.43102556413332743
0.3011099025596905
0.0033515764465092738
9.752056035067256e-06
5.575189234639292e-31
2.7836906999908547e-35
0.4932834120981371
1.4966179705581299e-06
7.061303093645545e-05
0.0006299823685349667
0.25112741276653205
0.0004922852061280472
6.881283914574497e-16
9.044740884522039e-07
4.42015745469739e-06
0.21832706405262492
1.3192906726802778e-18
3.261162223772279e-09
6.784511644410477e-25
0.2883861666392036
2.3944656191737805e-10
1.030328083701775e-23
0.2939276036984998
6.344351041661516e-05
0.1150086260878993
1.8126315377584232e-30
1.8619323204994685e-08
0.0019614175784317006
9.208451414288027e-05
5.180129330850812e-14
6.494120242841298e-08
0.14574268440068394
0.2229889372508218
0.06573064368605257
0.23771696329567302
0.015908611120969418
1.7607567910706425e-20
0.11507048172289203
6.515442977790351e-20
0.43642907903191147
5.418150651995828e-06
0.03937557540966001
0.04054390466534709
1.306895653909888e-14
1.189680226631408e-06
0.40440259443180476
7.724765190484657e-06
0.000902496190494706
2.0260135724389943e-10
0.10449701494978925
5.437110313963912e-20
0.4396927797264226
1.4350167936758004e-17
0.039264944946352465
0.3504710439079077
0.1413657923165632
2.435112238271084e-17
0.01928102030539547
1.0048817848904276e-20
0.3669294715716545
6.811292277550129e-26
6.759172593581692e-13
7.098929900751965e-07
1.899530137744916e-26
2.992543625568666e-07
0.041745853255030774
0.00028888466235513574
6.002362450924995e-07
0.11392886999977277
2.328614930360764e-06
0.09618170163509543
2.3488975738315254e-16
1.5282442204862078e-12
0.09706529724702964
0.00012733963731551153
0.012301175770290539
2.372194090046108e-17
1.7189708095016376e-16
0.4009700518387095
0.1854226438471498
1.5052211700158675e-16
1.2165703208252966e-18
0.003167766390075268
0.0007982309630645593
0.00011015020983991264
3.1783354574813335e-05
0.07401350129416118
7.092035265153948e-22
0.37982655595397175
4.813701745246413e-05
2.591728896050298e-15
0.3439490099877528
2.710256337706645e-15
1.9352646042026734e-24
5.7205404320548765e-06
1.5049277367514084e-18
1.94699717548455e-15
2.2623734691574147e-06
2.7840490220624335e-19
0.13246697506762928
0.02019650653574434
7.489003258886226e-07
1.4273790140646052e-18
0.000805163077467717
1.3199335442727545e-15
0.0037441918081606807
0.28075250639375193
2.344849090753658e-18
0.47845571190281966
6.783337271319055e-27
0.569874704058988
7.122865670865651e-08
8.351627853262155e-17
0.016419855163794295
2.3593085463085422e-17
0.0014794418856911434
0.0019285565846330302
0.0025727434301658914
2.5553186513139186e-05
0.0004127121157096752
0.07310535436031707
0.0006903399117836642
4.5261505965949195e-12
1.5088051376142032e-22
5.43998637739303e-06
1.1484034559898834e-21
0.4761188103248237
1.8989141474339508e-17
0.4290378752219409
2.1377201772384198e-18
0.05806949040152887
3.2018636222120095e-28
2.752780518132624e-06
6.630282177325086e-05
0.08719550774401971
0.07462934492463943
0.3352684192425013
0.0001715147980096531
1.3518401958467336e-08
0.0005097209664047283
5.9107062402437975e-18
1.629100896984915e-07
0.010862723775087103
0.15864863248610844
0.007949794353166562
0.0009578235658893318
3.001827567686706e-21
0.16797142141582633
0.0005811108177572391
0.24544764503011196
0.28621196120558245
0.0017869348598976882
0.4598984978049341
1.3433869451023459e-05
2.684673652561281e-18
0.5720349766007333
0.0016169023118590697
2.8102643360684287e-28
0.032323167840716316
2.6189327221588614e-06
1.705456225521306e-20
1.5698821514182308e-07
1.6324637018144943e-21
4.178121662463353e-07
6.148021759310457e-22
3.8380607785092505e-24
0.042521594767602755
0.33938992858953443
0.2928307500680041
0.002140067749596991
5.40605779356319e-20
0.002280839068259155
0.4028842472979948
0.0017634193703776058
2.5832695082862024e-21
0.5936139181265645
4.826058621185289e-05
0.02310020704686634
0.001085400661002065
5.33794540869349e-07
0.32393675706554387
2.251312666486105e-25
0.29516788343255373
4.896010343181421e-05
0.10124419027540377
0.014904252714617079
0.1487157710162794
0.00015255162651746758
0.00033249900721795794
0.45212599992018093
0.00020672608829801504
0.011871875572717957
0.0063412802887081185
2.662647510203844e-06
0.5909252265877428
1.722977157573106e-08
0.004831631135211002
3.642984406631503e-05
0.01729390245404149
6.76536279460211e-28
0.7494080632301641
8.622990865357295e-22
6.69407500173889e-24
0.423998123083113
0.0005869239416015831
0.0086348807918784
0.00035862462569583286
0.00022347608297929527
2.448391802157606e-32
8.234576756798395e-28
0.00021594142332030664
1.4054773979145416e-25
0.007791533806944278
0.3452469303061721
3.1001044297206704e-13
0.23606822350640755
3.2597860782096305e-22
0.0004552984473644768
0.4784982996846905
0.05530520981347653
1.37154233156358e-27
2.489408622002734e-17
8.423888959520601e-26
5.7377848226907386e-24
0.0047158935872967
5.554252794950969e-15
3.583767914731535e-11
0.31044357912050735
0.03252057517755358
0.21558323472029628
4.156532675502416e-26
1.7634177031413113e-21
2.3709948076801564e-05
9.79569184527037e-21
1.6160565284201906e-15
2.063099176851341e-10
6.629464058464195e-07
7.801082599141411e-15
0.001712611297560772
0.01288591083163335
8.355661521851449e-18
8.880129926579677e-37
0.0006459478126663587
1.370356208899922e-20
0.0019237525018445997
1.0406921630605378e-29
0.49102964568604435
0.0010179150372806173
1.9312170197133833e-05
1.31128657785755e-19
1.0626619248774147e-05
0.005476067881706681
2.514824500816523e-07
7.05455360828466e-17
8.139496622863322e-15
8.649452420595627e-08
1.9331541626002112e-18
0.0023772896912885953
0.292063363197947
2.142786482838201e-14
1.7932457743328376e-05
1.0766652745705486e-29
4.167825936631971e-18
4.246615253919277e-05
0.18775701994198837
6.763921633874914e-38
8.126191732767266e-07
2.5374215364512957e-17
0.00011837767689330034
7.539862968888936e-22
0.1512077103125904
0.381698753185006
0.4744274558456861
4.003105716453356e-05
1.0968474005401115e-05
0.06311224836790252
5.580844720365926e-25
4.0490590705486135e-26
5.8377206651169545e-05
3.4711188854278155e-22
1.9702828838813686e-05
4.7030292473148845e-17
9.141550747356108e-05
6.440520906356002e-05
9.834334223413689e-27
4.1169627587484076e-13
7.964706995658564e-06
0.42868503869318886
0.0003318037084341658
4.298898786132959e-05
0.002902134562648817
0.002321128031885014
0.0002638452671779798
0.0003548059207332552
0.19084302534050823
0.06187686169030703
1.4455199203101531e-19
0.24406278068411982
1.1313486222766196e-31
0.07340960454978256
1.0223717903906331e-16
1.8906762339419435e-15
1.5510638132165675e-32
0.0020536833253063796
0.0005463189831577979
5.745245511652264e-15
4.455240912110311e-05
0.17603116309860967
5.239426266386545e-27
0.015012841352857912
2.642624700199966e-28
1.3855006625747586e-28
1.2940262686739366e-18
0.07180869064420385
0.15541874035865946
1.0734885726897449e-27
0.033323742457782135
4.154285804235679e-18
7.171601276920164e-24
1.3287250397471165e-14
0.10995817445987947
1.4738372878420783e-05
0.3786286504437051
3.359572041334799e-07
3.7329062673582503e-06
6.720683865373418e-07
3.92883400934501e-05
1.2517477661389597e-05
0.0007031657919299507
3.191563213066725e-30
0.004074734270797631
5.758744805606101e-15
0.17986820027497843
0.3932812329823933
1.69536609327751e-09
0.00030189058108739627
0.15725017100244987
0.0005490555285865286
0.00041583395839980505
3.495499629292251e-13
6.606226437543126e-07
0.09646458735920901
0.5389328451402596
1.241271645169471e-21
3.766750675392902e-26
1.3984914460163173e-18
0.33912697034062655
8.493685489741181e-23
5.384736054466481e-05
7.362036114135894e-05
2.2843755046274945e-06
3.4787970564091376e-06
0.0002925474186233725
0.0014644595773081082
0.5466400511792803
3.7941590511705134e-25
3.216913032448385e-05
5.114502874389079e-20
0.0151817583472863
1.2262110044826166e-17
4.7656752570062894e-05
6.602685904509078e-51
4.605865182399858e-15
0.03849588235286168
0.08315151788236509
5.481947211739257e-07
3.7890201321114805e-19
1.6300866278437653e-10
3.5405604107993377e-05
2.0640501881130467e-23
0.43111682501775783
0.04686295182975986
3.1948609181642735e-13
0.044095610810451796
0.0001293122874873528
3.133706695183725e-18
8.149729943967021e-05
1.855239421108532e-23
1.4833657602653339e-06
2.318039265592167e-13
0.03459431586915085
0.0017924335192951895
0.4739492664098748
0.01043207013566727
0.05693036668138572
2.9138644031534967e-15
4.613129581236291e-16
0.008464909226468809
0.09886099529139458
0.001951573528935555
0.39652147159969786
6.202230863299638e-05
1.827133119936575e-19
4.015513520163838e-28
0.33270649323497103
0.3340037361468813
1.7888766422405825e-24
0.22243906048325604
7.750638374723163e-06
0.002827499455832355
1.3356166587756177e-15
0.0008691026966034633
4.423929118302919e-07
3.573550406771282e-06
2.670345828974547e-06
0.07542463966776027
0.03772382628452675
6.018905861815145e-06
1.2625492100892011e-05
0.004195657170032419
0.206399136718445
0.002654858595517867
0.1974188666637828
0.029437223810867108
0.01931922380108766
0.004378739753354011
7.013952062977069e-14
2.199680015545894e-23
0.0004724900932204214
0.04244494959335765
0.0007289477876054051
0.09757817552661467
7.226263782076638e-22
0.00045324016592272276
5.7923150502138865e-15
0.03587020989367816
0.005745900425702388
0.13651060517557706
8.044994600653072e-05
0.0019312321325421489
0.0019312318639629067
0.001219399058586702
1.4986421621550313e-20
0.204789607243684
1.1095982165577153e-06
6.7763024100675635e-06
0.06726905652576498
3.385612900756854e-26
3.4472120078861514e-07
0.14613788915009668
2.5909678669646436e-24
0.31242936118766296
0.02652143636676201
2.5732313602202346e-05
4.846863015601303e-16
0.28942154976068935
7.329366876928738e-36
5.753622354981873e-18
5.802888626220327e-20
0.010689977010083784
0.0005589299219152591
0.3213852845687898
2.3179256599220663e-23
3.894313799946872e-11
1.1564579957033718e-05
0.014592828415359582
4.0788484695591684e-20
0.2976215618019895
1.2648942360768175e-14
2.535329894689847e-20
6.191129700182776e-23
0.10240824119846437
8.319104860501395e-32
0.2893653760142551
9.819941837020129e-29
0.002177536341824715
0.0007595038828613886
1.2504404853731812e-20
0.10240311233448414
2.0357957449925828e-25
1.539579412197095e-05
0.0003625666088271228
0.40090902263891515
4.0429204218116626e-18
8.612775848912296e-33
0.0004737555099890346
2.3094537845970535e-17
2.8152260665380083e-18
3.2855232857520774e-11
8.245963281341452e-05
0.0024553078500536146
2.0562732400792336e-20
0.001167850046560648
1.1216440549036488e-27
4.87506766782115e-12
0.0016266542473363232
0.3461888565563065
0.25772565528388297
0.5081516104648509
0.0001435868104556967
0.0011430656026928387
1.222341731946511e-05
0.177128034922047
1.2565438717449753e-10
1.888914707632254e-09
2.7229889992386616e-21
0.00031673577419698284
0.004908635160233683
3.699355640923622e-10
0.476009186834482
8.704241412011688e-08
0.007320523731371598
2.839135525300487e-16
1.3077578234085549e-05
0.001381372621635929
0.3996820980084637
2.661972964314774e-13
4.167019175940234e-05
5.275753477394108e-15
0.04395835041507809
0.0015789221285014213
2.174024243575019e-19
2.2227338398785115e-21
1.115851608669063e-05
1.397123657788115e-15
0.019422347084448344
0.16092314459778148
0.049794157621722325
7.174653964688312e-07
2.4663706272521866e-08
0.0006245292499343427
1.8367067708760688e-22
0.0031027912000838875
1.7088354447656666e-36
6.574703702289116e-06
7.753754188986043e-13
4.8297594324740586e-29
0.0006256372259902596
4.2370591266744885e-14
0.00039542969130751393
3.118761025616202e-05
0.002276787859105789
4.113409293594184e-29
0.0013957911709234654
3.3492684152769825e-29
1.7211319244981715e-22
1.5905615928195493e-46
1.7571829309856412e-06
6.055606798839119e-12
0.0011070103811801327
0.03475926935614071
1.6834913594779449e-15
0.026304049700924027
1.6169118069593927e-14
0.25346031552421017
1.2675800701860998e-07
0.00045482420528708377
2.44762399990494e-05
0.015201879092154869
0.02303196352695597
5.0176020549957155e-11
3.592528383953477e-22
0.6091533049530602
2.1397521481153403e-14
0.4802535636655072
1.0428729475805993e-17
3.9885125490355865e-23
5.286575386396563e-25
1.440832610811234e-06
1.3394031213050773e-26
0.00039145990297935755
0.013650094078878627
7.145085744528104e-05
6.573431232233444e-15
2.791729302065079e-13
6.398923677215329e-05
4.6783940136460966e-05
0.31545058621723854
0.6085690913558714
3.8233750016835427e-05
1.444800996072926e-17
2.8160817478636263e-27
0.12318305576515862
3.9358174161543134e-18
0.06256178794534328
1.1191622148561418e-46
0.15553475555350718
0.25590298434019587
0.18524835206263532
1.2837668215172296e-32
1.3096549091945374e-12
1.4109563715543997e-06
4.3457265340753945e-09
1.3843937694762094e-05
0.051912151516208205
1.2708126447804194e-28
0.33222350152170677
5.1098638799235425e-27
0.011521360569584638
0.0028974569103961123
0.0005607368328736042
6.068691847792643e-05
9.263336304098525e-05
0.0016018069369207533
0.003013007575024096
0.0002503183833130144
2.552657259767581e-29
1.1149361641931532e-13
0.0014258710089967153
1.5426910612244662e-17
0.0028113201530732823
4.376173877196753e-28
0.00025646113557763076
2.8763630547277176e-20
1.1012696102236654e-05
0.022830248436229373
5.400206086909781e-16
5.888447202536819e-23
2.863350342299459e-06
3.885940303370171e-05
1.90800576453514e-05
0.0015531723768670792
2.7287659120128724e-21
2.0687381323196417e-18
0.29486003582520415
0.2847520169283868
6.062158502721817e-09
8.6701131312497e-22
0.00014828692742092724
3.5651836328409865e-06
4.0306104023370067e-35
3.0717120568370525e-05
1.4848850525546055e-05
5.910421455934613e-05
0.5546955772035531
0.46170277252099373
2.4712147799798045e-18
0.017081638947465148
0.48077640087226925
4.791758019791659e-06
9.156780566856731e-05
1.3078949083347447e-18
0.2842883748527466
2.9210058885316904e-05
0.3372886034392077
0.0005866811017027522
0.002405903925810915
2.2017533914226811e-07
0.1588259474917031
0.00915549404803101
0.022276650758362562
0.005706186793416279
4.986380573398377e-06
8.087760993335681e-24
2.1145710517439105e-15
0.0002236272326674906
3.1957249274061386e-05
0.005339262837255998
0.0001865487734611265
3.1622023520747637e-15
0.05389098835676933
0.3340086462744658
0.3149949234466261
1.8498246338658075e-05
0.0026820109341580823
3.866276524971436e-05
3.3466779058895244e-22
2.827898319517988e-25
0.0001646664873085832
0.007303401575192936
9.568501238175408e-19
4.6257509476553476e-17
0.24665583399117263
4.470094699018795e-20
4.697509264360028e-18
2.4866107160896817e-06
1.245883401382722e-22
0.0022296483815947843
0.0010708868602345922
3.78047934943941e-05
2.99743128736235e-12
1.7090078017833683e-07
0.0006451630764104585
1.0122977021271398e-14
0.21772282774816348
6.696683044373082e-20
4.0428493610479505e-13
2.9711918197941964e-23
0.005458581042265487
1.3800841960007602e-17
6.472929420147752e-07
0.002062824341515254
0.0006351157175610994
0.0005079940021308391
0.0001716732654969414
4.509546193818999e-06
0.08555185387272994
0.4417497884401694
1.951835098791331e-10
1.441721646149446e-14
0.0002767400294450303
0.21037326313419202
7.110481925552228e-13
0.9778283374444818
0.001397753950049277
0.19212803753204
1.7326861026652032e-13
0.002770399504384985
0.011269889087057469
0.021290106463982106
0.3086505896753928
1.460258859567692e-06
4.337941095497452e-27
7.159410042539663e-06
7.428161530728593e-10
0.04525642411245645
1.7553175785939689e-19
6.0879681330581334e-30
6.632532252651991e-21
0.0020069037767499035
0.0018263801891056364
0.023425077331393318
0.1597729888465338
0.09973493372412046
3.408684738824476e-05
4.231235123752217e-22
7.674032096623672e-05
2.2714330476011218e-07
1.6423354342696733e-23
1.482760210976241e-26
1.6201343458553605e-06
0.0029545576664409684
0.31369273649794005
6.265733315831115e-05
0.00022301602028785867
4.908704135904413e-06
8.69912118841706e-06
1.4798312051887316e-08
1.0490353942052118e-18
2.0666278734549817e-17
0.3154776362930738
4.450311402714525e-06
0.376568142458936
3.340872192425249e-06
0.005148653506960532
4.942450577799626e-18
3.0193469279131926e-19
0.00028833966448607123
4.9369286080866546e-06
3.7730450882279285e-23
0.049126222039993284
3.1559509186563897e-27
2.926379387940659e-18
0.00035622428181417983
4.211050976130005e-06
0.004633126407473098
3.2841705191021466e-18
0.3969574740214483
0.6347252353493918
6.858242463692721e-06
0.0005856414481802373
7.940084961248201e-08
0.24286031636293615
4.439022987212865e-05
6.297883290289722e-22
1.1719198383193603e-21
6.095178604077828e-11
8.408052906603355e-30
0.4578353382898031
4.339539519037646e-14
2.2856805586815428e-14
5.231517544531046e-16
2.5322499768006525e-21
0.20340846859632075
1.1938148316538413e-21
1.6288170218783544e-24
9.270657846919739e-27
1.168316183434437e-05
3.3558548532272953e-06
0.0011821188833295304
1.9217924695097176e-17
0.004372727849195671
0.10386618767300959
1.6038745466109372e-05
0.0023753673009416134
6.3095381820059285e-06
7.45889310445013e-05
0.11745866712865372
0.16961860209736832
0.4317832830960615
0.004035668243628892
2.4340252011363576e-13
0.0004686267257426884
2.8968749619454844e-15
1.9635200027840436e-15
5.313956808655192e-28
0.00045560531427012857
1.1240574912327536e-21
4.1748168197315004e-22
1.134066209989648e-25
0.0006707839337129313
0.00248045166841325
8.832978683033366e-12
0.4389447202543477
0.028450554375152315
0.0036720930815580255
8.501858171157254e-08
1.1548700910976037e-18
0.1640307654831492
9.13558359566912e-14
2.076341527578913e-09
1.261937345298404e-19
0.27718414776702094
0.09104957353355037
0.2557448873929875
2.03507280757683e-28
0.24845550400516078
6.092006227227276e-25
2.14268436041019e-05
0.3572339753026284
1.484229777817398e-33
7.828152633825989e-07
3.692868951133268e-20
0.002797890229226885
0.020497036889825182
0.0002881066925219165
7.839305727722688e-07
4.858366083452167e-05
5.788338499951039e-29
9.902186017431038e-17
5.1654185617086845e-27
0.36679833519645716
0.00045308374603535845
1.0976037051789706e-05
0.00015567673916592104
2.013804123612392e-08
0.4077944589497194
3.73427448226762e-05
0.0008940260379624726
0.0020030672013215955
5.212842790945363e-10
0.40522361107871063
6.341922225572482e-05
0.3309135503933529
2.975983215541376e-07
5.043948751878237e-07
1.345271702044264e-16
1.41811763881692e-11
3.14245636652626e-23
0.36374755007843823
0.027443706060131284
1.4579232970846627e-13
2.2864187617188197e-05
1.022258124915686e-08
0.008580606491385812
2.1632459656467728e-07
0.0001778259482637717
8.880948024871389e-06
9.088569979071257e-09
0.4875725209795192
1.6479221228778284e-05
6.17333790188786e-08
1.4874757827556574e-05
2.8686570246944492e-18
3.8024573907843174e-32
8.850585257106791e-05
0.005515946674014588
0.11873186397444556
3.007823413847864e-24
6.290516699164777e-18
4.5237918034807386e-07
0.3288631417065299
1.076186177745398e-11
0.0002978385464055719
0.0004352347982379927
3.661594493638208e-06
0.21657818285181346
0.005725571069196966
2.4754671283576913e-05
1.674570881698e-23
0.6518452142789499
0.000982026830814896
0.8249472821683517
0.32012990190550733
0.03361094281067932
0.30701324296185284
1.3912971776343203e-10
7.79281338421576e-05
6.469000967120665e-21
0.0021024327041687385
1.423652232982779e-20
1.1878553846269823e-05
0.00015319863623258352
1.4507024825004746e-28
0.014220392286741261
0.06705182146524713
4.62908798129315e-21
0.4112177584873353
5.363406772668167e-16
2.343073565206314e-20
0.4376255324807836
0.0008536930770954992
6.037859679268981e-15
1.0231906622389162e-05
4.451955691327907e-06
0.00011591699760746942
3.843006084571882e-08
0.001123908584415717
2.0343291806396163e-06
0.01361886089086417
0.0007377645693293592
1.927853685026918e-05
0.00018945512379850226
3.1421903481913854e-23
9.299592336079422e-19
0.032291732432207176
1.0450600356186078e-05
0.001071454066113846
2.0578096273206495e-14
2.6169920942407576e-29
1.58836020836283e-15
0.0011152278641830525
0.021204482746429793
0.00013754994541731458
3.3466515665148897e-34
1.8097591237352577e-28
0.0016205126472379856
0.0009167635631503607
1.4129667421370809e-18
7.038961466289541e-35
9.903943400693592e-06
1.1739642389464182e-05
1.8077334282088783e-11
0.6494890431328955
3.1106288808688967e-22
3.8522551964964574e-16
7.254001448799008e-05
0.0035474656993840464
2.2594142902474734e-08
0.000965461876851488
1.3053184792501354e-06
0.0016922506282364969
0.0028281570845261617
0.0011546653578431432
3.981262442199823e-06
0.0004371348164226901
0.413204932983519
3.627396811458126e-05
0.0855011430942536
4.9250460138316425e-12
1.8956866008767024e-19
0.3383446879921621
0.0007406812584750878
0.00021383619034686
3.0165176971802676e-15
0.22166601973741784
0.001107338872268814
0.0022070660259734254
0.5703098114185678
2.2142946477187217e-28
8.239440319482413e-20
3.2437801681332716e-06
8.882195812033144e-23
0.00212945141630283
0.03886658212540399
4.8654053829657655e-08
6.955998441911516e-06
0.000369490095770444
2.656456681869093e-19
0.0003336924830449513
0.40854870687988765
2.9795806708611958e-05
0.033629325010047895
3.5027073426826252e-06
5.715333673944072e-08
7.571065129054411e-05
0.0508610941064978
2.3882708815522274e-05
2.6175873554228035e-15
0.14719962185917373
1.5940580240746667e-06
7.559677545402865e-15
0.018533261956109492
7.26281526627189e-08
3.052162581598665e-22
2.8029313747793165e-28
2.629607589053406e-07
3.055887929047336e-14
1.7004947943688825e-07
1.1800060927656978e-05
2.657680611735603e-22
2.295829228841997e-05
5.794228009846074e-19
5.868139464171433e-05
2.2847631940024774e-15
0.49544720140588616
0.002948141101179015
0.0007798456410740146
0.3133476426538129
0.02098132832732469
2.701105167518648e-05
0.004110477156055924
3.8055620459172315e-20
2.2892709869258865e-17
1.431333670504554e-13
2.3933746199365717e-06
6.24081690656728e-29
2.114272521744169e-05
0.0001116922094323668
4.1518323250477656e-33
0.002762123630222213
7.69776341519353e-05
1.655084892319932e-14
0.005428633985127496
0.00034205195450154324
1.793104527636726e-08
0.05267705194498745
0.0034543234846004522
3.4561104110704775e-05
3.708108765772861e-12
1.869382489420195e-05
3.308973472364106e-05
0.004580436861502478
0.01158452668113552
1.109252497996047e-14
8.051003154455473e-08
0.0005022415628065449
0.05255750045212437
5.021550293625253e-06
5.982303261163612e-06
8.445944799515487e-17
0.0001296421099539626
2.232073687665993e-06
5.42127308913888e-05
4.376139905404964e-14
1.9129226101581576e-07
4.833572612195838e-19
3.073537519418221e-16
1.3656126759369443e-06
2.2442783576110764e-08
2.024677739271022e-12
4.7428437508388093e-05
0.010730823653797185
3.535679757831443e-05
2.0712899183986174e-23
0.7764902551905237
0.002186316409907657
0.0571334416086836
3.470789564971668e-21
0.0002619950535916979
0.0010614548894216091
9.646339206098028e-16
9.008217268640837e-17
3.760587004117584e-05
3.406937683998961e-15
8.217916123135892e-12
1.2542742607246111e-11
0.00087785326045315
1.7712890111906065e-06
0.0018002909579220988
4.85763803094685e-21
0.0001499694403456469
1.858999254982647e-21
3.891914241377294e-05
0.004005115524096325
0.004422673394299026
0.001007908399898399
9.21429496546762e-21
1.3443550876958652e-16
2.0388990369751013e-24
0.029417455990825993
0.0004221244809039515
4.499712254003427e-06
0.0017143042349641868
2.5435811183968377e-18
0.0011336992363737272
4.892397830847009e-07
0.004509072081946508
1.7575842588795606e-12
1.9361505988367875e-15
0.02109519753741323
0.07078973310550485
1.9256489011250377e-05
0.0020928333334206436
3.369866006046156e-27
1.5705705590920878e-06
0.00013628245745032043
5.750470668192365e-20
1.917706015902306e-28
0.004338562046014877
1.1025433506990304e-16
0.00012413267476612684
0.00953735651907639
1.6659777673318554e-11
0.001623150886344072
0.0005542934139869501
1.0248064830168027e-07
0.3141308596356396
0.07867307673136664
2.0997751913246715e-15
0.6080872879424399
3.223509467532746e-19
2.6781515451430444e-09
1.5635882749226444e-22
0.000108387698992697
5.378576445067779e-06
3.2943667815382524e-06
0.001286081083694282
3.25880725769809e-08
0.0037548507774043394
2.98256741932823e-05
7.916416704645092e-06
0.0029967985438929534
0.019385699540757972
0.003406712585715066
0.002441549087823097
2.575384330470722e-25
0.007299730885991787
0.002475384644992612
1.5269211084044532e-16
0.0018930721326660682
1.440730922097302e-15
4.038816707991841e-14
5.586233220318089e-07
5.750300068459189e-15
0.004285236481767515
9.703058202281625e-28
8.46188610564868e-06
3.795819176081475e-15
0.44784032541226537
0.010445958034293268
0.09230714410175413
0.0009425465940940819
1.143586761068331e-05
3.488983693683848e-07
0.46867822130228265
3.2127382534708024e-07
0.2627452055459223
0.00010127531850153611
0.002972422404653785
1.7379493204434364e-08
7.439776499399191e-18
3.23617231269135e-05
0.01011051191787482
2.2266479848931967e-17
3.405424958142068e-14
3.0147643849374106e-05
3.0381282287628114e-12
0.001361653215249059
2.3410680847232608e-05
0.00976263210734595
0.01390825158468948
0.0028696006062607776
0.002686628847176631
0.0015174716888822215
3.2745030283392803e-28
7.222005794363873e-05
0.12838716796989047
1.7477254028414376e-20
1.671476112765002e-14
3.89477254992185e-06
0.008684177695863937
0.0021857939204289467
5.065901557379455e-15
0.0007841030427440804
3.6053845531605105e-23
3.6421973569653154e-05
1.361090462536553e-15
0.0002423313751700786
5.412237573069651e-26
3.643896024523403e-07
0.0013547670353227237
0.00014211026332699905
0.012768051111042622
1.4295785736680998e-23
0.295178312111038
2.628982835827428e-06
7.67718028847213e-06
0.00035586217465721217
9.905571929485246e-22
0.002857514083665939
2.9344259080554743e-31
2.3332145473563e-07
5.408543661006907e-16
0.008656516703767825
0.47750731987583506
0.0026873726764174433
0.1834637283960301
6.642935931437579e-05
0.05798651554369418
0.0024510248784495197
8.165921562110104e-09
0.0007012524784399057
4.462712374910489e-08
1.4407196219284054e-18
0.00462124131410091
4.55574193054334e-18
1.212341914153269e-06
3.7429217961081894e-08
0.22854351164292316
0.09914347630931708
0.0022556329339671055
0.05880070694947559
0.10252120747708726
0.647666419254216
0.0006741230438908713
0.005537255551452902
0.003186741866598314
3.428516459200078e-26
1.7449986536450741e-12
0.029150964652499202
0.00016203246675629268
8.782724593700913e-35
0.2061710894259466
3.696801869614647e-05
3.8090946848926605e-05
3.891121600518564e-16
0.0001392104719671108
0.00027572727988632416
0.11431812904876892
2.415471064310439e-17
1.239272718738673e-09
8.936209510961846e-19
0.3324101554493186
2.7813421747621284e-15
1.0555411057109449e-16
3.496133661782227e-27
0.01539093690460236
1.4644488219946467e-26
0.0009229219254310445
4.6126238394726186e-15
0.00712263235696442
0.012680874825355681
0.0002770496007166029
2.0000711504017e-26
5.388515956842303e-14
0.0022498384106445224
0.0029401388933267825
4.862558230987512e-27
6.89177630357176e-05
0.02104485258126822
0.0007940075689394049
0.026811407610740523
1.607630307990599e-22
1.1607557824951553e-15
0.0009483189255553859
3.157383348337385e-05
3.836824723892834e-13
0.000600808276189975
0.0010641957906147585
0.0005744339158224495
2.112762846060843e-27
0.3781141330860116
4.9609010500544297e-29
0.042039581920992115
5.6238924056631566e-05
0.0008630733524630924
0.00037060732594765955
8.249767597888052e-27
0.005266154929898804
7.177390620164135e-07
2.2491319455631035e-05
0.001451034248892414
2.8128735931197366e-06
3.586145773818756e-32
8.731445042314822e-16
4.325988454940435e-16
0.0006518286922879538
1.6155341467871422e-06
0.006581501553926793
6.093716893831104e-19
4.626698570211762e-22
1.4526340264798238e-29
2.805785228721045e-18
4.3259772740971824e-05
4.3429302244909405e-05
0.0003629311641790118
2.532473578188138e-15
0.005014352595230587
5.602015065768834e-06
5.9336577303396964e-05
3.5993292792208973e-25
3.250990471656177e-07
9.18610051730495e-05
0.0002560946890085942
3.0186648911223415e-09
2.7360440022678702e-06
3.419727909568606e-07
7.327612208769047e-22
4.260742727677714e-14
0.0014170422374054636
0.0023586400217981964
0.03218809932000566
8.577333565384415e-20
9.779038203940784e-05
3.1735821746610363e-06
4.7172413713469027e-07
1.5496634152351832e-18
0.002191571277601362
0.5388073326723847
0.00027853393482194156
0.00013810884557719682
5.447285713924381e-33
1.0246835475731195e-05
0.00016469801000632
0.026365741145311983
9.78204064361021e-09
5.0563816822359054e-30
0.0014693807558712028
2.3967074793228464e-05
3.379250786806922e-25
5.187942399602411e-31
0.00048407605475227905
4.655135812453985e-07
4.70596701859485e-19
1.0141063314469209e-05
1.963730184876521e-30
0.003427334311109087
3.1740389425619716e-08
2.4538829508288045e-06
0.0009203459904266804
9.230843254642275e-05
6.390700124856116e-09
0.001631862859527572
6.731078560021737e-05
7.352926292413398e-07
0.0034365199913833243
6.264990814336916e-06
1.62077605765924e-14
4.821495133423709e-07
1.3119243600823036e-22
0.04727457918909587
6.985091748325624e-06
0.0039824394788506925
4.4016181143962915e-07
0.13222599628958775
0.23793467551535114
0.08732003276888885
2.1219838120267776e-20
2.793173311703872e-17
0.28757046151911325
1.036917029371662e-16
3.319151118837862e-30
0.00011758741247622544
0.0008764927812986838
7.362072414859511e-23
5.687282960036768e-23
1.0436324579195554e-06
1.5094173893569932e-15
0.00010943704295648741
0.08773149312530212
2.7683842548094887e-40
8.338191057396231e-08
1.2743711154588729e-05
5.402218914957309e-13
0.07937846262341441
0.36582241321921494
2.9758010815122927e-18
1.3441002007397067e-05
1.3721538167889692e-05
7.745912666216197e-22
5.715650458959571e-06
0.002444583647870008
4.854979536425189e-08
5.880858394369799e-24
0.0029131347477543827
0.04155674335508015
0.001367872160521838
0.24096265768248593
7.117366892333242e-05
0.19420198063616212
2.285266858547049e-22
0.02440694877110791
0.0017890303096140675
0.18123106125485222
4.8806157741726665e-25
0.0011045401487486811
0.0002741943069719567
1.0479081231809606e-39
0.0006243686155875637
0.12311729550204473
0.0059521818997124165
0.00037280051456736046
0.22798899515379867
8.697023625480482e-07
0.01875215821814158
0.08575194340616855
7.997688329822641e-10
1.02436089842705e-39
8.583955205936574e-18
0.0026208835529376168
9.837077499720423e-08
1.5972195480462123e-25
1.0874299092326293e-24
0.0010390185355885553
4.7823364777430226e-05
7.084391629924212e-18
2.5661818556009172e-05
0.0007910988644193757
0.0008916987785003508
0.039879061851917856
1.2367143144338806e-34
0.0009851019454086077
0.00011313818900688527
7.908247486562058e-20
3.8165006874693506e-07
9.55087577184023e-07
2.1446415239693173e-05
3.122909535971115e-05
0.04273590797229154
0.0007501840705773171
1.974384025149728e-09
0.002352328437993101
0.0038675644998498737
2.4638370505576222e-24
1.9323002512482246e-07
3.8130777150679796e-21
1.197199713744879e-24
2.332199184236802e-05
2.1701261556503784e-09
0.00025370251098142624
0.011206512822271086
4.3113219113915514e-05
3.540445354886629e-05
2.1053736288586537e-17
0.0031788515653976765
0.0008051308513990149
1.3769839158743674e-06
2.6428956093507883e-25
1.344271336620683e-22
0.005011268057398155
2.4991600701536386e-33
0.0031996064602384244
0.0013591860903323918
0.0021028011154454462
0.005484861061675755
2.8903117703167927e-06
0.00011209311030974112
2.5322070978848566e-27
5.628965997431858e-18
0.0006773154273307598
7.019697800588026e-21
1.0922079399378927e-06
5.79525426905228e-15
1.1057264830793664e-05
2.24984555243322e-25
3.687751588297289e-06
6.478323195718547e-06
0.0003486263767075903
7.326822700510604e-31
0.029110154973333024
5.422365223540799e-05
1.2023417730748841e-05
0.003056285041753662
1.450478354134531e-05
2.686711162419016e-06
1.10308390520169e-18
4.45271540481163e-12
0.3405639770412184
3.353436947710415e-08
0.002296198153243084
2.89633751273079e-05
0.00040362958562666546
1.6898609464580376e-36
0.26131242322210824
1.3351944388863848e-13
6.814767197266606e-15
2.4653143265503576e-07
5.294532828091904e-29
0.6334883217344753
4.4252034063246684e-27
0.0003575278707473352
0.29617599035261755
1.3612581548515995e-25
7.746058402010965e-06
1.4111525360015738e-18
1.305962887614179e-08
0.0005810224957816627
0.005815267363776244
0.0020711390992792394
1.0363865679838447e-20
0.001442561981916924
1.094300393502781e-22
7.830288501290208e-05
2.6799918095361035e-07
6.736200277248192e-08
6.093648047357999e-13
1.1082900913301694e-29
0.39312627783072074
1.214126133742081e-08
0.0014927958205873532
1.914398459360553e-06
0.0021288431304622435
2.295465275054738e-21
0.2468020981876169
3.9405280815526275e-14
0.5392702762069213
4.3255448662863665e-14
8.614631133871548e-06
0.3354493290580596
3.64649417781285e-10
0.00016786187412262156
1.0515706735333125e-21
0.00010490601633340905
0.2902171977835639
0.000289290659646644
0.03286959123365252
0.48747518320479344
0.007494297636779235
7.752164830593914e-18
1.3284848422268132e-16
0.00039131347780385005
0.03330566640346371
2.2820339900200173e-06
6.793734564887515e-05
0.0012294422018313822
1.0266993156899694e-08
1.6910949382911717e-19
5.1225631970340275e-17
3.6424764108852147e-06
9.806276268621931e-46
1.5689117092788857e-06
4.592017268485443e-37
0.009420840923090423
2.382030664157769e-16
0.0015671813727853878
1.1153851064338755e-05
0.0032560893387798564
1.0134304332301273e-16
5.438491903527983e-06
1.4714796622662088e-06
0.00226867348483208
0.003652031255305721
0.08957929714272339
3.0165776131566472e-12
0.00409271620490681
0.39014358192843174
0.0003335595795941226
0.0017632026801600587
0.13978785952225792
2.2645036425085242e-05
1.1175148803809112e-19
0.0012492272001557447
5.701801466004427e-13
0.00172222862728637
9.549491928124977e-06
6.09889309872997e-05
1.6294755533157037e-05
1.4354488224104432e-07
0.3055751003841651
1.4521807453402312e-07
0.00021664116013204874
1.0550049152650479e-27
2.3831140297646938e-06
0.0002719429264990622
0.03821805953030122
0.00014230025195159657
0.00022302338660768606
0.005291400025092319
8.691438253714483e-23
0.030797486565746546
3.078702698042939e-09
1.9213128374922669e-25
2.1678806242014792e-05
0.0002501138334707509
7.95950841950162e-30
0.000561517100154358
0.025719049539175337
2.1025438897085118e-06
1.6355540373902638e-21
1.3183492260398373e-17
0.0006700559419019481
6.583341481906003e-15
0.0008955103452606501
0.00014144533905525143
0.0018432303001108194
0.0006582540273233906
0.0019540296431616033
0.1601077426084224
0.09410275532798806
0.0003903367498917379
5.198145294897456e-14
1.474907405062775e-16
0.0007114561336664216
1.5087297792502006e-11
2.691136137945106e-15
4.5491796114860954e-05
0.0016071249230530382
0.6171598970472414
0.0014780480884752922
1.419448162456574e-17
0.1920954158241312
0.002039655999626938
1.551217528497889e-05
2.863819538290751e-29
2.863657960185807e-07
6.870049128652501e-05
2.3164796374713567e-05
0.3765807788614262
7.073493982905188e-07
7.471109979764454e-06
3.367520106722566e-06
9.704155643206833e-05
1.3401691851225634e-05
3.7895457725888547e-25
0.0018103944805927185
4.243028048448447e-14
0.10910176153296174
0.0007015521387634812
5.781993211094696e-14
3.1319731819084725e-05
0.29219421379993904
0.0014080850278524674
1.8567486616353773e-07
4.195745990788791e-21
2.6863680185116185e-06
3.696372420042208e-12
5.17229039268249e-07
0.8808453534969439
9.734528759148105e-06
4.1195023754897705e-26
2.276346969047659e-05
0.00037117773871649985
5.4724659322156314e-21
1.2279861471304642e-18
1.710105890114805e-06
2.1321143424603998e-12
0.00015886683704915467
0.00014526028536507307
0.000939291347191793
9.471498860292405e-14
0.002212937605685847
1.768109648409793e-06
0.07839727935016225
0.1268437258137443
1.7727859887800135e-19
1.2757703444078484e-13
0.12236560800337695
0.0002676669106391858
5.829420977691876e-07
2.9330858995461553e-30
7.458423185844845e-22
4.282647738661884e-12
0.06949096567471807
3.062816052864666e-15
2.183225187431552e-07
9.595218725977769e-17
8.873838175548786e-19
1.3242774459053965e-25
9.986578101384707e-06
0.0002093737202187515
0.009940197828436914
3.3949194903493245e-06
0.0003567547054547074
0.0008117235483355301
4.294333468235539e-08
0.004108722684942057
1.0758198222189666e-21
0.00420138356060612
0.00013240355849314974
2.3117559723351605e-18
0.009156131103486898
9.10809333320021e-05
2.649465466513814e-11
2.6798358566135457e-15
8.831443896534714e-25
0.0023622702058205547
1.0263762237926553e-07
0.0017324960153203006
0.00027820268937420417
0.0026621246198506032
1.7752769006668713e-19
0.0035338639972359864
0.0019867522394936
0.251364128381286
3.2781691786338225e-06
3.270873003776133e-24
0.00025996782091706794
2.4584261180875234e-20
1.1944613936499547e-05
3.857631752711421e-05
0.014176592703040359
0.0002571191372948995
1.7268341394884136e-28
0.00039147973124359706
0.41316369915730583
4.9236328120970025e-05
4.75977631894426e-19
5.725885687777398e-24
1.336846485894334e-12
4.736121112808302e-05
4.762054972822472e-09
5.471688309570862e-05
0.006102625281990848
0.5691287221989505
2.957098064149852e-06
8.36805378593136e-05
2.8244603434394403e-08
3.051372018423689e-37
4.135769712485749e-06
9.74977793786494e-07
2.5534342136488584e-07
2.4114666515885913e-06
4.696120526340226e-32
0.00030830686122824795
2.222287024152848e-28
1.2531145741025904e-05
6.723624620842001e-24
0.18423358945795876
1.770177501484133e-18
5.6151078457622686e-14
0.00032549255877143204
0.03482859276458239
0.006867887236051917
2.6864695779733488e-20
0.00012194780633646863
0.00018292909738102173
0.3657829123088788
9.617311697291492e-18
4.4352841421504467e-16
0.00010775226656812175
0.0012491351143097962
1.731557675512004e-05
0.0012925829990517723
6.076973075235412e-18
0.0016570623567342402
6.814805264541458e-05
7.603062818560724e-22
0.03689973140841697
2.846958668579514e-05
0.004668302335971736
0.000882649046763054
1.650439070081061e-20
3.429687207051639e-17
1.2207039465700496e-16
1.953272382869947e-06
0.0017397157085543569
3.9297792587992875e-18
0.00403828891693927
0.0005716234440136901
0.0010104553658272786
1.0758737277207402e-05
7.630084277085852e-06
1.9178160393291393e-20
6.160640402329605e-05
0.4827161473097874
0.011732862373787699
0.002471694408246905
8.149397594443679e-16
0.0008040635255472246
2.643513232999776e-06
0.2090848325006407
1.1862531294967514e-25
6.184420201554335e-07
0.006735318944557905
0.001143508369433749
7.820034769061635e-08
0.0026129250003434357
0.10605362404348462
0.0006488687040171817
5.835352290053128e-06
1.1368704221364113e-23
2.631953207006702e-06
3.083144851238194e-06
9.995194877092178e-17
3.1155959550703487e-50
0.007551952030356857
3.6238934480620984e-16
1.2765984859016025e-18
5.041903986038997e-16
7.262218058042173e-24
0.15675319783454286
0.00040165020920883616
5.933424163810012e-05
2.941508503940624e-11
0.002988240057506253
0.0001347363739362629
2.656586792060005e-08
0.00020320059337677147
1.246627587614443e-10
0.00045532358072793817
0.04866707375480939
0.0005240779110545282
0.00017662856370433832
8.537526958563544e-27
5.259141529815383e-22
0.023704557819131736
0.0018013108178014797
1.4602577194344248e-05
1.2009587391556118e-11
0.5603371229910955
9.756447890179054e-07
5.945402432414803e-10
5.7446899138829705e-15
0.0022538842364261957
3.37369093305262e-07
6.415204713924756e-05
1.9491582713062558e-09
5.292905466852419e-19
4.515556742224253e-21
8.845937147442097e-17
5.841514904292333e-20
0.0003091896418705205
1.3153163162064836e-22
1.3555392083776526e-09
0.0010076016107403718
0.00016271850762485058
1.605516397637074e-05
1.6239685261670995e-35
0.0023195678926204747
0.010500865736942536
4.33479562455505e-06
1.4233238490130887e-05
1.6429030023651445e-14
0.00012933815633255544
0.00021806653898836866
0.5097390271406077
9.285080544584219e-05
0.16021305595519664
2.5410078216887004e-26
0.0012457663614044434
0.3596196474238855
3.357711889426869e-09
0.00410952301795553
1.1747746274317969e-16
2.3419047828043757e-08
5.224589539827052e-18
1.8438569947677367e-05
1.0984224318052061e-06
0.0031739148316383137
0.002074306164173423
1.4902891044862996e-07
0.044256397149348724
0.5272941502062374
0.00608037745466028
3.892980252251425e-07
1.6360278417775582e-05
1.5204312617698558e-16
2.490440915704007e-30
3.6015511492122816e-16
0.0026149888671713195
6.884731782242027e-08
4.7506005402905185e-06
3.7037474215708325e-05
0.0019155212957723544
4.424302622896849e-21
1.892913223816761e-14
1.9119261011953634e-19
0.0025545640452831753
0.0006332114801021642
2.7997582800914785e-17
0.0018677345322190564
0.35974947400767177
2.014866968779621e-05
0.0006359156136863907
0.0007894406011582089
4.775130195693512e-07
6.387009622655534e-18
0.005917340451255915
3.7639793674134996e-05
2.12828599799625e-09
0.17747802243697208
0.049469759350843696
3.6451607374703545e-06
0.0031642685272595394
0.00027499500930843905
6.685703351520252e-13
3.301159433267558e-05
1.7594660769781376e-11
0.00967173850563402
8.075999275880078e-22
0.2946363664075619
1.762171552599034e-05
1.0638829592209444e-05
3.309625329093183e-07
8.956121875605755e-20
0.00025230600773497314
6.438379547270748e-06
4.082488154841604e-18
0.0035140606056028867
9.390421067726955e-07
1.7983091726993717e-20
2.2297812497874226e-17
4.771470304498367e-26
4.88786707521201e-18
7.006835135149606e-06
0.0010646352852424718
0.00012402670650548024
1.7749400996706993e-17
0.00031657094557701465
0.015473270334687598
1.526384957837564e-20
1.876130843780065e-09
1.529014463343346e-16
3.425561789045574e-08
0.2904316039527849
3.884501298835885e-29
2.531989177985113e-05
2.8011051368116423e-15
0.0052042192525356135
1.2760255068839646e-08
5.670257612710623e-10
0.0038719298132535046
6.734595372841162e-22
1.6245325102777131e-07
7.229860542643789e-07
4.218950933488926e-25
1.3403642082650088e-27
4.6563905626492546e-08
7.037457627489002e-10
0.004300195183739759
9.152955623787523e-08
5.565424746872828e-26
0.0056359282527308025
8.903856559225213e-13
0.0018122662172264659
0.00046207582750287454
4.789943842513518e-23
3.643896024523403e-07
6.035942906911802e-08
2.5717686640812457e-20
2.0393316983378655e-07
0.010888023257827228
2.5443897468369625e-13
2.2730238078966093e-07
3.4628845012893676e-27
0.0016383872325919646
0.0008677918925638767
0.1978874398878725
2.850464042020742e-07
2.465856678323077e-25
0.0010537648340517292
1.6655915185674923e-05
2.7730458288209953e-05
6.601622594427792e-05
8.29263715227516e-18
0.0023529015027235665
2.828846840174477e-05
0.007487450560494935
0.0015131449963649846
1.4709136544536423e-19
1.6711757808512825e-32
1.357822802184535e-25
4.1843503551052017e-16
9.206206391187582e-08
0.014393250288566375
4.5616055347241174e-12
5.717832405782906e-07
5.545471665239509e-25
0.0007582740731462007
0.07326573554628979
1.0817715907411056e-05
0.08260977117407009
0.0011201428913696285
0.11943822012955607
0.11070508603792256
1.346504243135743e-07
1.8252175522081726e-05
1.8087187563539233e-18
9.63516621078047e-07
1.3397250974125635e-11
7.656991427191802e-07
2.30951913439363e-21
0.00016333245784559277
0.0003637877592706583
3.643896024523403e-07
4.8150935294475896e-06
3.9243363633527806e-05
0.0025408104239208473
0.0002479197863809257
0.002876016654503044
4.4860747021207876e-07
1.6996091027554677e-09
0.0001780594738892966
0.0004123332263012329
3.176527238417121e-05
0.005867197229247834
6.982100083601421e-24
1.4606586463028274e-05
0.00029337624395155544
3.5654811456752184e-13
7.70280086973419e-18
0.0001665354052704938
0.0012768409100234746
2.5908786524587293e-19
3.916139462185791e-05
3.504812099613288e-10
3.7790576571366414e-25
0.00031706679384513325
0.09009455984422492
1.3897466813907582e-18
0.1844508536784204
7.420464853502728e-21
0.006830201298422514
3.817046650222666e-27
0.034834844224303774
4.981016899690798e-06
0.000782065319119403
9.430928172723214e-05
0.0001517589909619022
3.1774384668971322e-06
0.011449663395052876
0.0028044230262116443
1.334362144127391e-22
2.758186590888891e-22
2.508728554184572e-12
1.2332821411305947e-08
0.0011177553582560756
1.2134758969910445e-30
9.774998176897159e-08
0.21177030189886129
0.0005580619876331683
0.00034046698755825337
7.02613817287916e-09
2.659596089461752e-06
0.00014012934176521353
1.8342733924817743e-17
5.554469325955418e-05
2.205883658330087e-06
3.902021834290715e-21
0.0010401474245685938
0.006657903510547625
4.023976259017115e-23
1.8253515716535993e-06
0.00025186623406053463
2.7590032063214387e-05
4.805404312016882e-05
0.009689091660628063
0.2506089937740885
6.5245708691986816e-21
0.0010958861956156252
9.149099753324978e-05
1.194136811855798e-05
8.27389836284781e-06
0.13166668980653995
0.0014492580669859408
5.763960913839245e-07
0.001955540232266073
2.1529765513527615e-05
0.0026038441388440137
5.347490143477403e-19
0.01446183218964261
3.6064417457762833e-06
2.6847281138026588e-05
5.799079414177581e-19
2.4620880792925078e-05
5.55825561294596e-19
3.2166523642912015e-09
2.898083621076678e-15
0.0036372242817123415
0.004656746386733579
1.4620574361390938e-14
0.0018545659728562702
5.251339490721779e-10
9.964383218871604e-07
2.803694757273599e-06
1.0868520809334645e-14
5.3790024765007254e-15
0.00017147150866947137
0.0010403777349279678
1.364720709825236e-12
0.0025980393497270216
0.004009514462091293
1.0752030094679373e-13
6.564003047897383e-24
9.451914941381193e-06
0.0024056970487191117
0.0013909877443473023
1.5062565436953283e-14
0.325860084790925
0.0006602483985919239
1.6567580866655847e-06
2.0509442064416142e-13
1.7530501400860958e-05
7.192883870800185e-18
6.802224713429056e-06
4.979974924068111e-17
6.585549008247239e-06
1.953958637866938e-16
5.309833954838586e-13
0.00367660805668632
7.501464732051994e-12
5.481232301276923e-05
4.681881696617849e-27
9.908352689470616e-08
3.6390291364524815e-05
5.373376391169353e-05
3.2411508671876736e-32
0.0004063198940076836
0.002607700614516109
0.4401178422520623
3.5320893884682295e-26
3.7988332244434894e-25
7.870403251553927e-31
0.15999483148570354
6.870540956498393e-06
0.0023832896804026893
0.0020559183930890512
0.00037639993110983076
2.543413473480865e-15
3.635346885357615e-16
0.00014567627183384696
2.789938775268965e-22
4.912656907757394e-26
0.005583192452542907
3.741978830814805e-05
0.006966679264430731
7.300118536219585e-19
3.707703514328996e-17
6.465833053776106e-26
3.381267508966426e-23
9.543925716690869e-15
6.868113707142687e-19
0.07688595027774792
1.9677198119642304e-08
0.0005705458437818833
2.651389228908319e-08
2.584586667870524e-06
6.7283750476446595e-06
0.0020707864322173364
0.030777326358092938
0.0012607919518496657
3.946797649671032e-21
5.051043361479356e-06
2.653904336207469e-07
1.5932558193986715e-05
3.836988291871258e-18
2.988794290192579e-28
9.408108114954791e-06
1.9825426958687173e-05
9.14173899899211e-07
3.3251731362808786e-07
0.5022069759264838
3.223107455050173e-20
2.0081016377350017e-05
9.706860892243561e-18
0.00608938018097363
2.1323671792956774e-06
1.2401499325949693e-05
4.128918710428682e-06
1.4986853719323392e-21
1.008038944406688e-15
0.0017484968468067241
5.504954929004177e-06
0.037570236908710974
8.59205605282883e-09
6.519810803529531e-23
2.4579248306694492e-14
1.1703243880664309e-21
2.450762650885027e-05
0.0017434437112562734
0.00010776415181413316
1.1498285361338203e-07
3.3571615937626775e-06
0.22496327330181032
0.0003258407069514406
9.273445070161982e-24
0.0013020632080451844
0.0007642542275821465
7.149365006324803e-18
9.137613496454893e-18
4.094510296533589e-15
7.838705872420858e-05
1.656636785891946e-13
0.006321469029369531
2.21551645935359e-19
0.006070024291494391
6.786553588589857e-26
0.002919635974624314
9.464233493989729e-06
0.27082753993962316
1.2697861137430455e-22
6.263107357959041e-29
3.7975916607742534e-14
1.5024527917963588e-05
1.6515470584389899e-06
0.19304737235287078
3.4884535619856937e-22
0.4438036008267857
5.2015765736318766e-17
0.000843528191324501
1.3717753233793076e-05
0.0006696740570606118
0.0022830456092916766
0.01847791018460571
0.0010539283916080333
0.0001494504038970744
0.0007839701412034253
0.3750757441929409
0.11334503538261421
4.058152788024799e-18
4.6365645276631685e-07
0.005654260058430255
2.358528191509209e-15
4.239119961781128e-07
0.0002497617617055242
1.6705091937368383e-05
2.8083975922716265e-35
1.8049882630155315e-27
0.0020743348333911588
6.809086338483088e-08
0.002432037722306532
0.000629691282830331
2.2753462009181455e-24
0.004344160214416082
2.0727039011164306e-17
0.00019242646245261441
2.870620158220161e-22
0.0005759788461805784
2.0035961019123898e-27
6.6749876257632826e-09
0.0015989217976137837
5.713253885632971e-20
0.0003321919659522656
0.0005106426635720235
1.5715127940371796e-21
0.00013931995834232967
3.076093679305346e-39
7.077570516789855e-21
1.9742171851309096e-15
2.9205191826893984e-07
1.4857132386555721e-06
0.006101304655876494
0.0006571970095767686
4.7668555566352176e-07
0.3155150245988672
9.23667618057955e-06
3.144847229752635e-06
1.9978521336298768e-05
8.561651346774797e-18
2.6388710186124895e-06
0.0002958602931846417
4.221270262224944e-05
0.00046028344124438014
0.0019183493946226676
0.04223832571112853
4.264775513813085e-06
1.7130434753987776e-06
0.0014910148933060807
0.0006041042132230133
2.8014090678270312e-05
0.003352901284293247
6.133497965022773e-18
0.003198954377645613
4.360293035613316e-07
2.149899700845637e-21
0.3273622021945485
2.117213795544117e-06
2.2922650431580542e-18
6.847629537305273e-05
5.413881988965436e-18
0.003254637339186184
0.03485696894496032
9.689049153765882e-12
0.00024956133505774666
2.161471744118898e-26
0.0009846483511090354
0.007085944540566158
3.6586117218362093e-28
5.744984104949281e-07
0.004055289177656574
0.0003505294294413805
3.945868578112805e-26
4.564803137128852e-13
8.960448268891334e-06
0.006787073615650674
0.0024263434082311317
6.236962149840368e-05
0.0012980533639595296
0.0014538753535063634
1.218798362720257e-18
0.006874928540294756
3.84368144445378e-05
4.4796761439300226e-05
5.859943397013851e-06
3.851781080752065e-06
1.323768029317122e-07
0.0025179299988195847
3.9861434135238075e-17
0.008116981728329697
2.5167735954190505e-05
0.0027422133447235816
0.0054349398802872595
0.000818757864765556
0.0005253856537757991
0.0006294512059462972
0.0024801812917332427
0.0009673812318283237
3.535633789194307e-05
1.934122592693257e-05
1.4545720645299833e-21
0.00034878822519203483
1.720725089214827e-23
5.624204154847802e-19
2.3621548700611222e-17
9.342817842583382e-28
0.0034317131719828475
2.7805602593920014e-06
0.0002929705884537715
0.005155009081472428
0.0023758413391791466
3.0102022036263135e-25
1.5165862819537444e-37
5.909137024199275e-06
0.006089914629608173
0.13119296208016884
0.004185180020176094
3.4432353014877664e-06
0.5724132810348078
7.939945626691255e-15
0.0009465956536583274
2.706251246242883e-16
1.0939141830674847e-09
4.268214283434175e-21
3.640157004421849e-06
2.270162095670312e-09
0.012262811368796549
1.2321285960162268e-18
1.5077770914338533e-14
1.3466984355313494e-06
1.9409292450956754e-18
3.9369507601030027e-35
0.0003370414545336834
0.05274443391678374
4.030614453054827e-06
0.0012346364482986808
3.463201634304947e-05
0.531704178540238
1.0707961358629657e-06
9.185556276611469e-06
0.012211748279352674
5.314196884615429e-22
1.684713038880919e-14
0.0006016433883576342
1.9127496301413403e-05
6.155564801808963e-19
5.5493896138796065e-06
1.0768555178736364e-18
0.002519772843798229
1.71684146350256e-05
5.781067766050119e-14
0.05609642882074439
0.0011744313432122502
6.4741340446846345e-06
2.5382731769415795e-27
3.363311527859324e-20
3.651227374767711e-05
5.536427390297111e-17
2.7602327946375324e-21
3.795029016446005e-09
8.909543666994627e-06
1.0359596381110443e-17
0.0009386201457830534
9.962960074701361e-08
1.5085943932579306e-12
1.0478185733342248e-13
1.2960312318172165e-19
0.01022590496468101
2.1171109232429042e-05
0.0702360355102256
2.558970624007356e-13
7.718341707962703e-20
7.872394422101385e-18
8.169786447041266e-06
0.08268290265661404
5.762225353191239e-21
0.0002851644073435522
0.0003112291211377955
0.4701985184304255
6.179882388397926e-08
0.16420626949321285
0.006150457485724292
0.0006907481680966338
1.375125398494225e-06
8.986387267907705e-08
0.00017891291751713322
8.84990243201774e-16
0.001783648278343146
0.00016877507245437705
0.40293220499036225
5.434813147475526e-25
4.296145557409312e-05
0.009168546931289934
7.092080275447845e-44
1.1131012155707583e-05
7.800389502636664e-45
0.06765672279595139
8.944447172516156e-05
1.4162940377271738e-07
0.0014239511910338828
0.004181675330237583
1.776698362324826e-22
4.377224547582542e-06
0.00010988877688199255
2.5581124765084872e-24
1.713229704110318e-17
0.0025230229189060482
7.697613174911965e-21
1.3979230332636097e-16
0.013183881914873963
3.387294781406915e-07
4.716870194085466e-08
0.0026402031976024976
7.118107467850471e-06
2.1833527098561843e-06
3.5975753915584364e-25
2.0001421389809016e-25
1.209353246096565e-09
0.21600653741828796
1.741983368877158e-07
0.0006711093340249538
0.3280744819371364
4.0017590475932617e-07
1.0322704573619173e-25
7.31669708947472e-10
0.37139161470216564
0.0009477063061833491
6.114926258672273e-10
1.1088846087568883e-06
0.0012277509544258297
2.1398009436635543e-27
0.004455832718095576
0.0013981273766645042
5.282713628665579e-05
3.4289815285512543e-15
0.0022481926325581686
1.1990238197666886e-16
8.632498691099601e-17
2.655829910088551e-10
0.00042149681544528166
0.005169451465669217
0.19759138986372995
4.585971758916889e-07
8.513873927948925e-06
0.0009129614659562219
0.00026264224763823327
8.503853232018461e-18
0.0023364057999499255
0.00033364873705579376
3.237506701250845e-05
4.0185432379347164e-07
0.00032561332566294864
1.0638448020078034e-22
5.368208696402437e-06
3.9704009515549527e-25
5.144223929928114e-19
0.30256848047967466
4.849384238457706e-24
0.04542506933852275
0.001936081007696544
9.653853239986509e-20
2.0636209390595974e-05
0.00021703645174429647
0.36026879363956704
0.00014429352657835948
0.0016073843565171796
2.7355657929921356e-24
0.006135542410774797
0.0018077228818848268
8.340028743607792e-13
1.5273283309447836e-16
0.0003128475121071355
4.208059925624749e-06
1.219054588575182e-16
0.00010616559193697362
9.160896735252003e-20
4.605859206985523e-13
2.421928524317662e-25
0.008874719166403144
1.9294495864555006e-06
4.638817723780624e-28
6.1275916945836e-14
4.443075878455029e-30
0.0028198797698390787
8.502343695712403e-12
0.01608062191630666
1.4253832263360276e-06
5.2131175040369025e-21
6.553424839644158e-28
0.001102192614361286
0.0007060004014537366
1.7926827678825646e-19
1.029180899720438e-10
4.4023957807879566e-06
9.647547862935068e-12
2.1840991534492757e-14
1.382675844660427e-06
6.94509019038098e-07
1.7436950979040594e-21
9.451705412022481e-14
4.777264633742239e-07
1.8142502439807406e-16
1.910831845631302e-24
0.00018155275849602442
2.7819397706924406e-06
2.4522188486971893e-22
0.027538708607684592
4.7576690813102095e-18
4.324109194826403e-25
0.001436567886016038
5.847765580498114e-06
0.0008876121435701032
9.121032371709569e-15
9.463864605134477e-06
0.0056300030102725
5.3149624073996204e-05
1.2350099415858308e-19
8.496004104221771e-13
0.00030780148536461955
1.2511883088442622e-23
3.141389063482454e-06
2.59811871386245e-28
0.002762969267316867
2.7813608610153024e-20
0.005776536324527459
0.0023931907085654874
2.0685682999806524e-25
0.5216159801066327
7.93468747900743e-18
0.0022176668497864427
0.07230496364518364
3.716242510956562e-21
0.00015268601336674756
8.625110811714031e-07
0.4054166232551375
1.2358834812850335e-18
6.530979713625357e-16
3.981035651231565e-15
0.004392876212525598
1.0209833628750021e-11
2.0299973208783042e-07
4.505906181559337e-12
4.534572316310142e-05
0.5165376492821636
3.899563534746764e-05
2.0877837157237587e-12
1.152895192480991e-06
0.0013372833910429982
2.2106129869568577e-17
3.7522320341548567e-11
4.503863756613587e-11
0.0020247155581271936
0.002902891734165136
3.5543219562410535e-19
5.684840985616017e-05
1.1675061149983872e-16
0.0009536409856772102
0.0030985254892771097
0.0007021327296998087
0.001568784969735948
8.883024887060545e-12
2.512600542921202e-07
3.342365486962592e-07
0.0016865776061458781
0.0005986344175515843
4.7578271069250955e-07
0.0031170572428183274
1.9473994237112393e-17
0.004137087124319483
1.1490826379384996e-05
3.998305340820268e-14
2.8817426772388376e-05
3.032231557951254e-36
2.092993694186128e-18
7.554264197587386e-19
5.508561655097534e-05
3.3158962160406615e-05
2.5716229302568814e-06
3.270544979692991e-38
1.0056481923247603e-15
0.09063271735436285
7.641363489962224e-06
1.1227802483117894e-22
4.1975499434474956e-08
9.533159355316472e-07
1.5686451092484716e-30
7.039173832642255e-15
0.0023842081684168903
1.4865096282813527e-05
0.002829798540473702
2.4820964817369087e-16
0.0003652256092066423
2.74820503709517e-09
0.0029055020567498036
0.005224144406767994
0.0013025389653189279
0.01164708378749102
8.381980448359666e-05
0.0055136820132530295
9.079157003603386e-07
1.6911769642894766e-05
8.069417877823008e-14
0.00035255476937347556
7.092194382217367e-12
1.0225983808072941e-07
0.000322110485599391
2.1175343205761026e-12
0.0001311812740884856
1.3235200492796796e-05
1.0069912944946116e-11
0.003547303787159506
0.015835778326194316
2.3245051206430152e-07
2.289728663935362e-14
2.101517316525035e-05
2.1436370875607267e-21
1.0537695812024406e-10
5.211638443683689e-08
0.01370017457944639
7.70861510744895e-16
0.00015849933295483917
0.10434670417051818
6.35358863090527e-12
6.065315280894567e-05
1.4687729054837426e-05
4.608883709877433e-06
4.2896125805616576e-07
6.366360320531919e-06
3.221124221121757e-05
3.990502146718266e-06
1.8535782615453964e-07
1.2822935891955372e-08
7.035358609535123e-07
1.6168802282317191e-24
1.5827200946838738e-06
2.6794208495567186e-17
3.237896619296952e-14
3.376401901224302e-22
1.4195932879148631e-13
3.866490255057844e-12
0.550221324736583
2.9752016058214514e-05
1.6155666939406907e-23
1.302040923828153e-06
3.678013346900541e-27
6.731462162531628e-20
1.3269559461851268e-08
4.607012890749247e-13
0.0021514330801808423
0.0028500608554813678
2.364708349932164e-12
7.40640288382523e-42
0.001562567455707889
3.5161960304804376e-05
6.921137276402762e-06
2.143777503107781e-06
0.3119953549539941
2.624296978386489e-07
6.819168180246829e-06
5.750300068459189e-15
0.0001894563379337005
6.205045007213899e-05
2.189766743856608e-12
3.6825682026105568e-06
7.843934082246929e-06
5.460920347835638e-06
1.571614685837836e-05
2.0916691094369287e-05
5.1547033654664946e-14
1.7711278620788314e-20
0.0010992916286482607
7.831803253250573e-05
0.0009396613477764411
1.609766101116482e-05
3.7954531196557616e-14
1.1596069103522167e-13
0.00019581086735920557
2.618325723713409e-07
3.7506616214394545e-19
8.418896069226519e-21
0.01780427034655807
2.2562335308288352e-07
2.3954684452037535e-27
1.3617282314418627e-16
8.04494225404635e-11
0.00043472599575412364
0.0034250256744449425
5.39287109464901e-06
0.002273823103542877
1.7727586516497415e-12
0.4050391989011004
5.0030364216281205e-20
2.404656216064981e-07
4.2282264002496576e-13
9.014773076865867e-06
2.4115110867341432e-18
3.3874758465086634e-31
5.120495297531233e-05
1.6555710853420536e-17
0.0014675870556404014
5.639343574281989e-22
0.0008859567516904142
0.5478965411062049
0.00310865801790261
3.751199661203929e-06
0.006031148964056932
0.00013015862139245004
4.313682878873058e-28
0.035716324773112845
7.034787748756646e-18
1.3844271270507412e-05
0.003719961111278841
2.578667676295139e-07
2.2161491242565343e-06
0.0032343812076593426
3.538715009159222e-15
6.12720128899456e-07
0.002274821570441121
0.002688232394018303
8.986327539739678e-08
2.3905726636278904e-26
0.00018249765458912823
1.030805191396246e-11
2.6934976771438382e-08
1.0961604280259703e-05
0.000725727116063675
1.417430402653123e-19
0.005087845926818463
7.584582714135755e-23
0.0006775588523995644
0.0002443093345607418
1.336094897852636e-12
1.518529465714404e-21
0.04782513186770698
0.0015255208990231084
2.164280029404892e-25
0.0006085457846114702
7.776166907444669e-06
4.588686996051177e-14
2.8239141968589624e-15
0.0033344941621099577
7.549314161687105e-07
0.003094583890216676
1.4952050204573937e-20
0.002278069386449366
2.63915695150799e-11
2.574547195259205e-28
0.0002796460842575338
2.871702504319936e-16
2.538459104290479e-15
9.617825182870158e-06
0.0005811745331714789
1.7414049470291354e-07
4.086712539875694e-29
3.314667492950581e-08
7.292925917217987e-08
1.3160771192904574e-25
1.8017137371063454e-12
1.885016272956981e-07
8.81951739782121e-06
3.5281874382352966e-08
5.9351880402559905e-05
2.1615688848663334e-14
5.449337689127182e-06
0.00013235110080349072
3.6433689304349287e-29
6.641068098525489e-05
1.4862633015180517e-06
0.03093944501692536
0.0028605804306619798
0.0009946478288368373
0.0019999032774423997
2.2860316539781664e-08
1.027687632617011e-07
1.1923105655907464e-05
0.0004955912107776644
0.0009765595514757419
9.445983684365857e-14
1.5914449940235146e-05
1.3674500358956709e-15
0.004948331695419412
0.0008130331039514499
1.2940635392828085e-07
2.710005869046546e-05
0.06059545533825457
0.0021444094801109648
4.202341059133753e-17
3.872289607508824e-06
1.7800712547665248e-08
0.005663664586203682
5.8965841122557044e-08
0.011713000426301912
5.230551925400412e-14
4.432190901295307e-19
0.002082039214156395
7.362551035002031e-19
0.0002778357906271338
1.315061939638744e-21
0.0011209727290054372
0.0006866027333075049
6.443081506069429e-08
3.1692466927191665e-12
1.5306743893314005e-05
0.0002574262243300214
0.001564052076557479
2.583257095219743e-19
0.001870631052558469
1.9220730370439102e-07
3.786706245165262e-08
0.00011418102710166767
2.2656908164935296e-06
3.976231602482263e-06
1.2478443609774819e-06
0.001977043903231418
0.0033318921464187135
0.005040114717277389
5.484721507120077e-07
4.537520045779712e-12
7.48270260921344e-06
1.0216238038592595e-16
0.18415171896647603
0.001203841926082555
1.7750618293357407e-21
7.627759492072104e-08
4.3387725092987676e-05
1.1720419833980667e-15
3.3550021779344954e-07
3.45954920548684e-21
0.01840213014588386
0.0017207982220859798
2.576630286963412e-19
0.0023756194136663952
1.4918071214488388e-07
8.399036727758678e-12
2.0010389122230478e-11
0.004169674972152038
0.0022422701355049313
1.357741995648223e-05
1.9136263975052742e-05
0.00047501198957029117
3.2711819053844464e-07
0.3364679596186674
1.4755327240825938e-07
0.0016040226390090923
0.0034556230777448294
0.1809087504057625
0.0057484945831765
0.0002546190418056399
0.0014803869339733086
1.5407240447302228e-07
9.25118771711904e-21
0.007511514664280405
6.841947852920928e-07
0.0033902290353179376
7.709466686417765e-05
0.0019349754874218306
0.0006142196000481639
7.476751087391408e-18
4.260086761053771e-06
0.0009284193706887862
4.361204257266435e-05
2.436664674270179e-13
2.8311587342053862e-05
0.0003837675363019197
6.2502431108364685e-06
3.1660315279603104e-06
5.99225458196794e-05
1.8945616997255722e-07
0.00011384982753242503
0.0012209985775115534
1.0410838922283002e-17
0.0005011562024581019
1.0102983372206796e-20
1.34810826611053e-09
1.1251680359306313e-25
6.40605657432605e-06
5.514645541924298e-07
0.001633513585850288
1.7050878770082473e-19
1.293842414802968e-05
0.0015965907872446394
0.004482093944610715
8.684648472963782e-22
0.16271903262880855
3.2701670466021436e-07
0.005403419917881291
4.90590558039177e-26
1.0720669729383971e-05
0.013841558270721421
1.9057025359735202e-07
0.0028528300233938153
5.7173728194360225e-19
0.00024120419731863546
2.5176828209305143e-20
0.0013869778218633944
1.8698436466730545e-05
0.3122274853152523
4.567304886897891e-05
5.549392906340169e-06
3.1856859391812338e-18
0.20282272546976768
9.490651514253894e-05
3.4599266762293765e-07
0.0010749974529034728
2.540268130035454e-08
1.4503999789114582e-13
0.002152313702404207
3.3785726879414147e-26
2.8304349646946355e-34
2.732466965610558e-17
1.2530237594582087e-15
5.92894542222132e-08
3.6349517558352344e-16
0.2569288075003315
0.0001835222554018453
2.999083120762406e-06
0.0012076224978567751
1.4844962150540667e-14
1.0848288485999846e-06
6.565087364183639e-05
0.0011586658888023682
2.1797473542662276e-07
3.3070676912682078e-06
4.111539980618118e-15
0.00010795657665108555
6.992183689268452e-05
