4.382797796737001e-11
4.905821444718106e-20
3.199156118713672e-19
4.917222383518943e-24
2.0646825404531856e-10
2.902269041374614e-26
3.1173400951396826e-34
1.401134199836319e-35
2.665118356052702e-10
1.40442901142548e-17
5.0499686397460084e-24
8.680428766566958e-22
4.137742846122584e-21
2.601684703948003e-20
4.595856549852926e-23
2.7669498163444852e-30
2.2272702211609546e-49
1.2461762210670838e-18
2.1383119806763567e-14
7.462845728206848e-13
3.6315766503427855e-07
5.02125879629454e-20
3.9126304447958875e-15
1.7043726936385682e-21
1.6538381340853894e-14
9.707187423662298e-21
1.3437858376375302e-19
9.989866096743875e-27
1.3555397256584164e-08
0.162032812833786
0.016673048958182335
1.4492973279073658e-15
0.15763293206691742
6.136999417707627e-14
8.76865844892278e-13
1.3683863800470686e-47
5.825292035582586e-22
0.0010947261950150485
1.129794563594409e-14
5.2288042653956464e-20
2.3414629522705964e-14
5.885337991662713e-17
3.686401593325684e-17
2.7320597133940565e-13
1.6621613863144466e-26
0.11654257029294968
0.15763293206691742
0.06171536073088646
0.01292121410369873
1.0521160069256256e-09
1.8864902032224093e-16
3.787180907242147e-22
3.0601781496846918e-15
8.393881058110658e-17
6.228072454045134e-22
1.8241753661046917e-15
6.916585742586719e-16
5.853152287944956e-14
4.6937384658925685e-25
7.797757288058107e-11
2.5466919250391067e-12
5.348004027771637e-23
5.697047851164855e-20
1.6263148656169785e-16
6.553700394458724e-14
2.143529445397631e-19
1.327696333503537e-12
2.681628425452653e-19
9.733895571655905e-17
0.04757154732942581
9.593118163262236e-13
6.153516140072545e-27
4.982153202120534e-15
1.4630407624851816e-16
0.06012425869334237
1.2417920857046882e-22
6.220586549081461e-14
4.190770286140861e-21
3.8117219688915526e-15
2.3979767036338456e-09
9.894027764497104e-15
1.3537871004317183e-07
2.7698670748718197e-17
6.632433795195842e-15
8.169542007616986e-12
2.7895254913703292e-08
2.812578086182183e-18
9.263841931941019e-17
2.1155290757362067e-12
6.909697831194957e-21
4.0795934223614624e-16
3.341983290261223e-10
3.726608073580701e-13
6.1911850858594655e-18
1.2529528980377903e-18
9.528060484491223e-30
4.279034047636567e-12
3.37913811709664e-21
9.098954848086467e-15
6.774680440062512e-31
2.2783148524124992e-17
1.3045256530111036e-33
0.00260665675335503
1.823998052421048e-12
2.8271149771251414e-12
3.848800841449934e-18
1.6286026149926622e-10
1.348592673984711e-13
2.1477597976335057e-19
9.33410941596637e-17
4.970205560995944e-07
1.2479958916202098e-20
4.8161369404181904e-21
0.21448296308517456
1.7696685140893636e-05
6.045269515136282e-10
2.1024211314467596e-17
0.15763293206691742
2.4571555769099953e-14
2.3917369567572546e-18
1.5105519224746024e-19
9.294921798622896e-18
8.626021230701469e-27
4.870185979563535e-14
1.8626199620354043e-10
6.18989425632302e-20
1.4084371783459648e-17
5.928770955439994e-16
8.030945982678348e-19
7.378048225722832e-16
3.763847455452594e-13
4.718338860826934e-09
4.9552790078133394e-14
4.123608181611462e-15
1.1390258617578222e-20
7.601405436386354e-28
2.1047888552287333e-18
1.1545764443060942e-15
1.5032570442334337e-15
0.006933795753866434
3.240295301668515e-13
6.208881633436522e-07
1.521954062744226e-08
1.222484654663637e-19
5.953317858826473e-11
4.374342635385805e-17
5.790353679636788e-22
2.976000088472588e-13
7.87437453149343e-09
9.076580709282905e-27
1.4422193955769624e-18
6.519611758358843e-10
4.928132339483079e-14
4.434887534141621e-18
4.908043524724195e-18
2.076474748103638e-11
4.861252627435251e-23
9.126267306737642e-11
7.585641250210378e-22
1.2482832014582864e-20
3.6539064473659727e-19
0.00712263910099864
3.328086093763193e-13
1.7461237115810058e-09
1.552693487980214e-26
1.0934085231842653e-24
7.445456128126452e-24
5.512330395437603e-15
0.0012138752081620671
4.525973179563124e-07
3.6810593536055176e-10
5.297735058566584e-18
5.166015009059197e-18
3.465570486851046e-18
2.138456336080601e-21
9.264976938411062e-21
7.401241644448015e-13
0.0018126715151107753
4.497997900926239e-22
4.320235833341025e-17
1.6592862410157248e-10
1.3859351500139505e-05
3.766414216482735e-18
3.4836185286090484e-14
1.0263521239850736e-17
1.0227198358539441e-19
4.100049067440924e-11
3.086073659066732e-30
1.7064463548888188e-24
9.309707982976714e-12
7.506440138910246e-19
2.850909979773426e-17
1.841879519833004e-09
0.023048974573612213
7.634341036687555e-09
1.10843296477766e-14
9.538040497646864e-23
2.4491934679366078e-14
5.1199396695126345e-14
8.965534091009221e-15
6.732017593276434e-18
3.144112463577349e-22
0.19542951881885529
1.224899617415095e-12
1.8970809015482438e-19
2.1426525935419627e-15
2.727709786909993e-15
4.2572819633149685e-12
5.607020439404381e-12
4.018632577829518e-15
8.48296212541887e-14
1.2636904468887917e-16
1.997766411139805e-19
9.935066833892676e-19
6.2898520374756405e-09
1.0049336440700105e-20
1.683324850552246e-10
4.337613791173842e-12
2.1805089368284342e-15
1.796574036604548e-15
6.189328035737804e-12
4.0890641367714283e-32
2.058470145084714e-24
2.0841168357854197e-21
2.343995878138174e-06
2.8228202631425916e-18
4.653085350356879e-20
1.8190070812268037e-09
2.518480785339946e-19
3.2282727525397672e-21
2.418574325244544e-10
5.162839195222275e-25
9.289597971157698e-30
2.61466800012516e-22
2.5252723791994646e-19
1.016234381014478e-21
1.5981354140587122e-15
1.0899449286426552e-16
8.97270785123488e-14
5.84737977896689e-11
5.6662654878028195e-11
1.373865006012407e-22
5.947406991055189e-15
1.3822657616923293e-14
1.0468464099526332e-11
1.318401024232875e-10
2.8924860006544374e-19
5.492283678812081e-11
0.11654257029294968
0.0004078155582654952
4.2431699737058516e-23
3.0636686988138127e-25
1.7647353586637907e-19
3.2030960713721232e-15
9.942522515081296e-12
3.3501007144099036e-10
1.351992910704933e-21
3.6346813199231713e-12
3.860587657420145e-24
2.018425065721956e-24
6.377403732994047e-06
3.000203852610974e-15
6.578256202354601e-28
0.19542951881885529
3.948087777937527e-13
1.2520144711862035e-11
2.1736009300292822e-13
8.281038423161455e-10
3.458813635821485e-31
1.2371461771301332e-15
6.824281149252217e-18
9.319297412815494e-13
1.354123945924703e-18
8.42471466068112e-17
2.4629848595457507e-17
4.071937185913338e-14
3.010138330724873e-19
2.505164921995419e-18
5.653087105655771e-28
2.1355116739838083e-22
7.608088470047362e-12
1.641119086768292e-12
1.3613629819106693e-17
2.7621286291571733e-25
2.5827800437924493e-17
4.587466922810386e-16
2.235056395281099e-12
0.1310972273349762
3.4020419364596065e-27
3.478373981919887e-06
1.1110449130498927e-21
3.693454740808773e-07
4.4454167244232165e-13
0.2585861086845398
2.9907723340055124e-37
7.886044672384318e-21
8.39014834280252e-06
2.4995810073648857e-05
1.6310257333448925e-17
3.934277327876996e-12
0.00030452073677064706
4.518286276483494e-30
2.706934121346096e-18
6.52654860141467e-20
2.6347458970401194e-34
2.7210327610561584e-13
8.377817271859911e-28
1.9518896874073488e-17
3.6068081454368366e-14
2.748835732436935e-13
1.5327355287792105e-12
3.527718447634499e-06
4.352951858598499e-21
5.789170255668088e-15
3.2401822091326566e-15
1.670140609182335e-20
3.8636956134441973e-16
2.48770304355991e-19
4.277352480515947e-12
0.013601117813981656
0.06171536073088646
5.176695589730345e-31
7.421667720121041e-11
2.719464161112455e-12
1.508323785732193e-11
7.549171387885554e-08
3.756716566937207e-14
4.71675560056545e-13
3.100710861399598e-10
9.737729232744183e-27
4.938913785259147e-16
2.4472109729148454e-15
1.5526768163719257e-31
3.622387429251287e-08
4.14990195362814e-23
0.2585861086845398
2.726802065587283e-14
7.928560520187123e-21
1.8187248113745702e-22
2.7051929257968784e-27
4.747693991774826e-14
0.2585861086845398
2.1385883171753636e-18
4.8444593257502325e-08
3.358482934927248e-13
2.9679170994020906e-07
1.8459257712766753e-17
1.3720358361791367e-24
7.19229681577805e-24
1.2380214417161779e-08
2.698501482261199e-13
1.553522826732795e-22
1.9118948167135783e-24
4.0890641367714283e-32
1.9299179945766908e-18
1.7337642070369917e-20
1.3598848248002147e-10
7.997754539963586e-38
1.3175384438310496e-21
3.6491755345023995e-24
1.9165413033526863e-11
2.4857098204533965e-14
5.416330258481406e-17
7.298095303054427e-23
8.201991487188301e-29
7.87437453149343e-09
1.7655924614660833e-15
0.0004213330679578159
9.763762209014847e-14
1.585489158483749e-13
1.0691864537671723e-26
3.28398079904949e-07
5.543530189749481e-13
4.824628127342737e-11
1.696505797348707e-14
8.930795715034423e-15
3.321899252317438e-22
1.8517706582941476e-22
5.826505466597501e-15
4.123104524360432e-23
3.943982684933628e-11
3.5742264906860653e-10
0.0018126715151107753
1.6225813264948606e-22
2.4625803346104457e-15
7.867840686823073e-36
0.07350916415452957
3.0601781496846918e-15
1.6811333100468998e-22
4.994374243067767e-19
2.398747642015432e-08
7.11201194689197e-15
0.06012425869334237
1.7908204621668782e-19
1.5762588794787637e-22
2.8944575998749306e-14
4.3692036375776016e-13
4.653005658090947e-11
3.718385987709829e-13
1.71962658575529e-13
3.650969455788977e-18
2.162623606391837e-14
6.268451339204232e-06
2.015798278186007e-13
2.3385684657912316e-22
9.150529489426187e-15
1.0357237929278425e-18
2.1482541745168974e-15
1.0367357597329798e-13
1.349989250507393e-29
4.7405864855711705e-11
0.15763293206691742
4.349198033518995e-16
1.106512762929598e-19
1.59572357347199e-13
5.4281316990176e-18
2.2505274246069146e-12
5.320276881894586e-23
3.8242914343264002e-31
1.5327355287792105e-12
1.407175049255818e-19
8.060755142114723e-11
1.7055780445630405e-16
9.294921798622896e-18
1.356874905539049e-16
7.129549634278157e-23
1.0470252533196205e-11
6.342573873173039e-19
1.857232619232455e-09
7.850490224439625e-13
7.50385661831608e-16
3.0618072371726253e-19
6.808050155767032e-15
2.5854047464340175e-13
1.2571626175227315e-17
1.2608364637651313e-30
0.2585861086845398
0.07075503468513489
0.00021619171633524293
3.384860357550554e-30
3.2735560487076014e-21
2.3241996285097782e-10
3.6883601922159764e-16
9.740404790776064e-13
1.1060278120503556e-19
6.723684441364288e-13
2.6702043298679305e-14
7.450565012452052e-18
3.074173017349606e-17
0.00028442950586274253
2.423296205773078e-26
4.716264040027851e-16
0.013601117813981656
7.527948726708988e-23
1.921948895963322e-19
8.414990841281805e-14
3.374694213214968e-11
5.531854815120479e-18
4.097443999464983e-15
3.685178413899288e-11
3.450570991354495e-11
1.3288407646674078e-11
9.334377498517434e-13
4.347386149930132e-10
4.193369921671676e-21
7.799408542660831e-17
3.235130791203431e-13
6.958407754800782e-11
0.06012425869334237
7.043305127325998e-09
1.356898868145975e-15
1.106561042039019e-17
0.2011888176202774
9.634618135708394e-16
8.763091788480806e-16
9.006858518671806e-15
6.974334187893039e-22
5.280562894066209e-13
3.541960822317054e-14
3.3739108956625687e-18
4.5012278215643944e-13
6.898732811915243e-15
9.294921798622896e-18
1.0134942740013023e-14
2.3510982165474973e-13
4.361433740159997e-17
8.540023755558522e-23
1.2571626175227315e-17
2.134770470394007e-21
8.064276230150866e-24
9.284115792545719e-05
2.8540554475289503e-19
8.848663165411539e-13
3.6104219874167244e-12
3.581382477603624e-13
8.632251324622199e-14
8.220238542598749e-18
8.771173621160697e-17
4.7102843262202487e-20
2.0125334898305216e-25
1.7254439131813756e-11
1.8633201468739414e-16
1.0692350256796559e-19
6.501761483016506e-22
3.400995310141805e-54
1.3694536260763595e-18
1.2480165617983059e-24
8.769412022783239e-13
3.4301199587182755e-05
4.465620916996539e-13
1.018124223773817e-16
1.1809016745085345e-16
1.9089837391635312e-18
1.835243279085038e-21
2.9222821075873847e-19
5.52768369866591e-21
1.4284121110980936e-12
4.817932825588786e-10
1.2984045022241825e-13
1.386775732783909e-24
6.754438961380287e-17
6.106592223367214e-07
1.964567671428698e-18
1.2983988098498827e-07
5.199093228487012e-15
7.978345808616763e-08
2.89933748241842e-16
8.069770562571113e-10
3.4979002847513023e-12
5.718597393667208e-14
0.06171536073088646
1.7963147450292885e-10
7.22703913946465e-14
8.332582087098946e-13
3.8393822862021336e-16
1.002970551162193e-15
1.9555657175176813e-13
6.009763549973318e-19
3.354054370671004e-14
1.4995047090040958e-19
2.129372495713856e-13
1.7117315984798494e-13
2.3008973839530554e-19
6.3000273023118586e-18
1.4149850895738726e-15
3.8975154804305934e-14
2.1385064675391988e-12
1.9660510608977092e-24
2.240207426201588e-18
1.968840062926003e-21
1.912443377292479e-22
2.8480485115747057e-12
0.06012425869334237
1.3087205412464388e-13
8.806186363088416e-25
2.120845613643794e-29
8.593595659626119e-21
5.787242944278298e-13
0.016673048958182335
2.4671825665964962e-24
7.03352543426803e-16
0.00884350948035717
2.7072864417890433e-16
0.00804927572607994
1.3619979197826753e-16
8.896625210976247e-12
3.3987313721359597e-15
1.1366451468046048e-10
8.06721041638377e-21
9.12250527691596e-05
1.0070615218945726e-13
0.0013495474192597907
4.9872051619848496e-12
5.2922883022816886e-20
1.6059871206536132e-31
8.585500285609336e-07
8.636722933874677e-19
0.06012425869334237
2.1703489861266e-12
9.478683771619496e-15
3.694493524952443e-13
7.317258120184058e-19
8.660590035448228e-17
1.2694824279346222e-15
0.07350916415452957
1.4261664207137046e-14
2.4995810073648857e-05
9.144408259013667e-23
8.306238322762292e-25
1.395755495708927e-16
3.939265280113858e-09
0.0020188304827274267
2.69832896063242e-18
4.964725945542009e-12
8.01886510171286e-15
1.2005356870588188e-11
9.640070296210911e-20
7.60296326193859e-11
0.007460037246346474
3.2626291024087325e-13
1.0646102978981854e-11
3.071700714957254e-11
4.0064307817427305e-10
2.9619808899282797e-14
8.467952916542288e-16
4.495067732583772e-31
0.03168579936027527
5.545195393200145e-24
1.0644152375482487e-20
4.321689960849157e-25
1.752251501500669e-11
2.3588483961807733e-22
1.6582404448788938e-12
4.779822867122381e-14
3.680559291278872e-12
2.821177732865829e-13
3.943982684933628e-11
1.980014413318132e-16
2.7858031080610098e-18
8.383146478994354e-25
4.5059930695798156e-20
4.3414336008144193e-16
2.613425097391868e-19
7.015950128602427e-15
6.21324486004329e-09
2.728215090190096e-14
1.0049226813446962e-10
1.144867567280916e-16
5.868340647199847e-07
6.596123605450273e-16
5.829077758436984e-18
3.2699155131959086e-13
1.7169246982816944e-23
1.0198553513555983e-14
2.063294254561227e-23
0.15763293206691742
1.760342472451745e-14
6.357955247712838e-17
2.5748506948444455e-11
0.07075503468513489
0.2585861086845398
8.42587296520394e-11
1.8587888034775108e-29
4.281902742433172e-11
0.06171536073088646
2.1430412865142086e-16
1.1856737390669867e-07
1.2117960700485317e-10
1.8198855837866385e-14
3.8555237607060513e-13
2.240363484313943e-14
3.656594526880764e-15
1.0173317193717994e-13
1.2082462284178021e-16
1.117008317843542e-15
6.436261629924192e-40
1.0559979108078961e-11
1.585299113917418e-12
2.59431340342821e-10
1.5062874416632294e-21
7.955921975769964e-29
6.646230092249405e-15
1.199060732763665e-22
1.1582301913222094e-18
1.600605225845609e-15
0.0020188304827274267
1.7554709761999412e-20
6.119500280765622e-15
5.204409606477354e-14
0.0014462013397213702
1.67773108490531e-13
5.461569128756213e-16
2.514417888242745e-07
2.711377917506931e-17
3.3106041982383003e-16
0.10346900671720505
0.00884350948035717
9.79655873668487e-13
1.2343581470612226e-09
0.016673048958182335
1.2432479911413877e-29
5.152110388640577e-22
1.360137609131684e-15
2.7255756650801683e-12
1.4929679067355575e-19
9.567641867060614e-19
2.7894458218735504e-22
1.430723229073616e-19
1.5168279230364366e-09
3.955671552246114e-20
1.2124896384623028e-19
1.5701356820586545e-13
2.957828211940299e-19
4.164993407191033e-11
1.4430901393018942e-16
2.2219478807659017e-26
9.045975901299486e-15
0.007141671143472195
1.2971254858585424e-21
2.979255370981502e-19
7.230681293230456e-23
3.9726341733560154e-17
2.426704333362854e-22
7.119633195351953e-22
4.859607965116474e-19
3.0210142224154556e-16
2.7108760242307686e-15
3.2778108408886043e-18
9.294921798622896e-18
3.749664707272661e-19
1.3996545883852647e-08
5.1992983989854206e-11
1.0105946929831289e-27
1.2821423166684622e-11
1.7324572222960675e-08
2.964630402871838e-05
1.2570336394042803e-29
4.3003607429418845e-21
0.005291477949988244
3.774861681111631e-21
2.3915050736156012e-18
1.4307890972696477e-31
1.0316143024357828e-30
1.4173149492163028e-16
1.3328608862314095e-09
6.523214818721065e-13
9.649676139147258e-11
0.00021207894377055732
0.014559155330061913
2.708644436782341e-19
2.3173399451353168e-30
4.8880275772540695e-12
1.663784540632666e-05
4.914729893131068e-31
1.2038351934005358e-17
5.971311876329118e-18
9.766607633609822e-18
2.4716240232526515e-12
2.9242776628426925e-18
1.8657717127736668e-16
2.556114827344749e-30
3.5036559464108223e-15
0.002757804954904658
1.0284283706943987e-10
2.455069479290861e-26
6.6764152783763075e-16
1.8581085979980628e-17
2.9950964560165457e-21
5.980762659831971e-17
3.586413849173001e-15
9.396571571012864e-13
0.016673048958182335
1.1178401768239604e-31
3.076119310542849e-11
0.023048974573612213
2.964630402871838e-05
4.526649151724092e-14
1.1730472816455727e-12
7.602562321205117e-23
0.031318798661231995
1.0896852812958303e-11
5.002550076331616e-19
2.931151984310952e-17
2.5221026065189295e-14
8.727757614887916e-37
9.347895012619937e-19
2.2953279938142105e-20
0.11654257029294968
4.5026951195035134e-10
2.7444023290113286e-18
7.626823217757691e-10
7.903342129586517e-24
7.87437453149343e-09
4.10004136861924e-16
7.87437453149343e-09
4.70739758856002e-14
0.05502593517303467
1.87867265066607e-10
0.0019327514368383675
0.1310972273349762
1.0926779135643134e-17
0.21448296308517456
1.1473954740583867e-11
2.2454238806627246e-10
5.973610900726162e-15
2.1097967582329495e-15
8.15216021218925e-18
6.468190452967792e-13
1.898056024036203e-22
1.2149952411020895e-06
6.144617797864447e-14
1.326405352456734e-20
7.141885631011201e-15
1.712326645110836e-11
3.0416340551076245e-13
6.952186753856222e-18
1.0749166482665632e-09
0.04757154732942581
7.961065188510347e-29
1.6593413365948356e-10
8.200814525882612e-13
2.1900687583737529e-16
0.09704325348138809
5.022445587020983e-21
2.4906768507808095e-08
1.9454973369610614e-08
0.03168579936027527
1.37595723051424e-16
1.9436473293160672e-25
7.950480123556752e-16
1.6780387194289019e-12
4.4046038516344404e-08
1.1682564311728733e-14
4.327547416112312e-13
1.4980418313957147e-16
1.9834574965975198e-23
1.0909590700100644e-17
0.00729402294382453
3.0601781496846918e-15
6.627314345472149e-17
3.848750069539704e-13
5.069157915195013e-12
5.538450944871938e-15
2.0045315127599373e-14
1.0401322317465306e-18
6.126901966608371e-15
7.146502301283692e-20
2.0859600164292779e-07
6.077890469632089e-16
2.118011304520227e-23
7.067680711926213e-16
1.9961362143410378e-16
3.620107347094135e-18
1.2983988098498827e-07
7.076383767348394e-14
1.6166686576517843e-15
1.1549578617454616e-15
0.016673048958182335
0.19542951881885529
2.730962176627041e-07
8.217315888191022e-19
2.036739058755072e-05
6.79738947596193e-14
1.7274195509457776e-15
3.940380008323347e-11
4.1569561477442686e-14
6.022701263869014e-21
1.1652044468875047e-11
8.414662799392292e-14
1.6392857646557075e-17
2.4759885768739455e-05
3.162893624797883e-20
0.0001205426475140559
0.25228455662727356
0.016673048958182335
4.4411518461595433e-10
4.0153775379928534e-20
4.1047391899401205e-23
7.856887058494464e-14
4.0491593981061515e-23
6.556793110303058e-14
3.567775534909488e-15
2.1424659004990023e-10
3.50184912647625e-15
0.04757154732942581
4.330107473663387e-16
2.341819228414614e-13
0.07350916415452957
5.473691347232159e-18
1.5513317786168845e-16
1.7998599652295027e-12
3.91065098252698e-06
3.0124087808903227e-27
7.677554590851646e-13
2.518480785339946e-19
6.21324486004329e-09
4.977803233348089e-17
1.3676613074398218e-18
1.129095092448682e-27
4.923287221340089e-16
4.891589196518615e-17
2.1641437946937852e-11
1.3902268794952435e-11
2.4995810073648857e-05
3.5560256186845566e-19
5.013951745481783e-19
2.0449939370380972e-31
0.07659176737070084
0.1297927051782608
3.2798115664316418e-15
3.6963456780993465e-13
0.023048974573612213
4.158952174242689e-12
0.06171536073088646
1.287600592104496e-28
1.3979829932043882e-15
5.876828081500556e-13
1.567214946907026e-15
6.80301791729099e-13
9.201838328694563e-15
0.000353072694326044
5.857484460128477e-20
6.861560937422136e-18
1.2983988098498827e-07
2.1585557957638235e-23
5.408213189048209e-14
1.7101289790576565e-13
0.09704325348138809
2.1691867118796604e-14
0.00884350948035717
9.505630551927872e-16
6.536954990304775e-12
5.281398055811835e-23
1.0217739504165555e-26
2.1363727850572362e-29
0.15763293206691742
1.7685156055861947e-12
2.050571077300318e-16
1.1734692989099285e-43
0.014559155330061913
4.60540313300155e-17
5.800851644519219e-18
1.330638424460195e-16
7.420050826870451e-16
9.059591660956767e-19
5.869728924369819e-18
1.2531303203703813e-21
0.11654257029294968
2.098018090114651e-39
1.9511444478419617e-16
2.1320218335020363e-27
0.016673048958182335
1.4665489842675163e-14
4.034944540741941e-15
9.134147784476968e-17
6.226200180004561e-13
6.568899477758776e-15
8.963940351405366e-26
4.29965962023415e-16
1.0306254826349277e-16
3.590037187416148e-15
9.467234733280761e-14
5.729302240270322e-10
4.3245645658913884e-21
8.424205612787676e-13
4.139622438378315e-25
3.9966559001415785e-14
0.028246061876416206
4.8444593257502325e-08
7.112184569467716e-15
1.3501433245319835e-15
3.605978728489818e-18
2.91907602218368e-17
2.970815793334794e-18
1.9683130703286565e-12
5.1121641365741294e-26
2.0528888300046522e-24
0.05878540500998497
1.6027269310044488e-18
6.083840987700692e-20
3.653407933495766e-11
1.2476024529579343e-11
0.04298638924956322
1.3591730355841506e-12
3.946327676248014e-06
0.19542951881885529
4.997300318251262e-07
6.504622287603641e-15
2.5814038219890037e-14
2.6597255596731066e-20
1.2892706582383414e-23
4.0045591664446466e-10
6.954482829247059e-16
2.9700543718658545e-17
1.0104565841137453e-23
1.0215230546000448e-13
1.6662751486190495e-17
4.466548601354946e-15
5.582476878866243e-14
1.3769465219096281e-17
6.387797786406206e-20
2.7895254913703292e-08
1.2728262573724821e-27
3.618585024516463e-13
4.838131385763867e-20
5.630309989070913e-19
9.512446981935828e-22
1.777263705498306e-18
2.8978089319682207e-08
0.06171536073088646
1.3372561685984371e-18
1.5596892885110368e-13
2.6371794756874036e-20
1.6716544406762842e-21
2.241358772279117e-24
1.674286577773214e-12
1.3864904483168392e-09
1.6507922603952228e-15
1.4957258510178606e-11
1.0201995205705423e-11
7.208768731711807e-13
1.7782887795895169e-10
5.350601221694647e-25
3.9519792678253356e-23
5.16467140405405e-15
0.2585861086845398
4.496827687345572e-28
1.080337011078066e-17
1.6720486494569082e-12
6.948942211855822e-22
5.042443244226609e-15
2.059016871766486e-15
5.717535085012492e-21
5.910664633008438e-24
8.932211902035635e-07
3.002374314964546e-23
0.011754671111702919
4.7182511333539674e-17
5.166048887147819e-10
7.32737406970849e-11
7.033434955231995e-36
2.864870112458708e-12
4.842528147686191e-07
7.27214143990209e-16
2.160340119867065e-20
5.180862425756995e-16
1.363379366092311e-13
1.4013380059053855e-26
4.246117573575221e-16
2.379382633103972e-19
0.016673048958182335
1.1963262491922126e-31
1.4063468062548246e-16
4.431295925513744e-12
2.4995810073648857e-05
1.8249785800592288e-10
1.0442048713392508e-17
3.6242627301078393e-13
1.7954877019038004e-18
0.07350916415452957
1.9760258325449832e-13
5.050490986515248e-21
1.2381223700962154e-12
8.53899092932772e-10
2.4060494070710973e-14
4.174040630316617e-24
1.760250854137885e-18
3.7436555692500083e-22
0.0020188304827274267
3.617391786002114e-17
9.473155786956994e-28
2.1306644522648838e-21
5.3027049224490975e-20
1.4882270381348363e-07
3.6327787447173006e-20
3.549647574920888e-14
4.0718932588882585e-22
7.400336067088102e-13
5.097779396798957e-12
0.05502593517303467
7.181783807614585e-20
6.799945703398838e-21
1.1217548756403133e-19
2.2578851837830035e-13
1.9319754901355523e-17
3.5585766111634563e-29
3.0799949588746745e-18
0.2585861086845398
1.9963174096439487e-16
1.6119315027791173e-13
8.932211902035635e-07
0.009728836826980114
1.1110327928515148e-16
1.5537664166739977e-20
1.2582653111630735e-19
2.6279817662534935e-09
2.65276668746592e-16
5.310708760257512e-16
6.26556596575279e-15
0.0020188304827274267
9.06385568492315e-19
9.271306853087895e-24
4.610819254081907e-11
4.416349734831441e-19
1.1203393299917472e-25
8.483935776692419e-14
1.8347698609471742e-13
1.1412740934164055e-15
2.4018403678388775e-14
0.11654257029294968
0.016673048958182335
3.547541342169648e-10
1.227245798505428e-16
1.3851901263002754e-15
4.1538535160827973e-22
1.097100938041706e-17
6.594124921285293e-25
1.0839405066428565e-11
8.448926978815009e-14
6.424076856444289e-11
9.294921798622896e-18
1.1440719999710559e-07
0.19102585315704346
1.4927314911113572e-10
3.64854502445783e-16
5.240308311322977e-24
8.89013506127113e-19
4.949956593040901e-12
7.24710138319062e-11
1.1442270059933599e-12
2.0708974916649616e-11
3.9111376387769187e-13
1.3582735230405062e-14
5.5649146609913606e-15
2.370424466103151e-12
1.0462478595373134e-19
0.016673048958182335
4.0363496925305176e-11
9.753390840728937e-07
0.006933795753866434
7.604816882802336e-19
3.235090833206431e-14
2.1885271109005698e-25
5.959758237268971e-13
2.0714844993336374e-23
8.504222026036453e-19
6.180577872357987e-19
6.701187301978362e-14
2.292593055068154e-25
8.774873228934276e-11
0.016673048958182335
6.444867655892393e-13
9.110948727828868e-15
1.5701356820586545e-13
1.321967562049916e-22
1.173998493823859e-16
1.4608064982477205e-13
0.1297927051782608
2.8860018813372704e-13
2.2646765745085475e-10
0.03168579936027527
4.868656330150474e-13
2.3605190598333304e-12
2.2823581615194847e-10
2.6835166422601633e-19
9.658116413982329e-15
4.2772252643792963e-19
1.1887977649439716e-14
0.07075503468513489
0.016673048958182335
4.496796916985804e-05
1.422877940487102e-20
8.030167561083633e-10
1.6827755707232627e-12
4.2604174197730733e-13
5.442793562626014e-16
5.417238084357752e-14
8.774764351326505e-13
4.3304406340839424e-24
1.6549475490122959e-28
5.21068059946957e-17
1.1812133195370052e-10
1.0857755567264911e-20
2.693620541013435e-10
5.304406674356064e-09
1.084514245879849e-13
8.229566156347795e-18
3.753028417865696e-10
5.4690277844878755e-11
2.6077445761527125e-13
5.229458547387904e-15
8.678738462357162e-07
1.077661332496995e-22
0.19102585315704346
1.8658369565121523e-13
4.374342635385805e-17
5.046608818501085e-18
1.665479389091935e-23
3.8763661507511015e-15
2.2186563570074225e-16
7.847638963508811e-16
6.00436876282129e-12
5.421487654947997e-12
9.294921798622896e-18
7.489295253207873e-22
1.6289345402416344e-15
1.4253297497481042e-17
3.021115859701631e-11
1.4449053015747946e-23
9.423858936198277e-29
1.8357881766545328e-22
1.6606858989755075e-27
7.234402675191938e-11
2.0151838661893644e-07
2.0136469606668925e-09
5.750108664074576e-32
6.802725610062184e-17
2.0137557192253825e-16
3.959167117914159e-15
6.472730873871288e-15
4.5667601222554315e-15
2.3985373450136525e-14
8.296795868940978e-26
1.668265063348755e-17
4.374342635385805e-17
3.6540016566455557e-31
4.612509450344498e-21
8.909614101529871e-22
4.8225928711973e-20
1.1442270059933599e-12
3.474610591023815e-20
3.6939411256370704e-30
0.1708894520998001
9.060832725687789e-13
3.069934662968766e-14
5.759692453253135e-20
6.492504890377872e-14
1.9633687436011714e-17
1.0762432928755798e-09
4.3237050697698854e-16
5.665313981011178e-26
4.028362119947268e-17
3.265142634942627e-13
1.6356665595377133e-14
5.109859307417206e-11
6.320722779084286e-05
3.5290021343063316e-08
5.68031944991449e-13
9.947040930844956e-12
2.23434090727683e-17
5.548370695718632e-16
5.42302554150494e-20
4.374342635385805e-17
1.8009007231220908e-19
1.4451729554462706e-14
2.1620343999964642e-05
3.507735944316223e-17
5.745211869266405e-16
1.0027196886493945e-22
0.19542951881885529
1.0969670891865326e-13
0.04298638924956322
3.5384741656788525e-13
8.39014834280252e-06
9.231337358533128e-15
7.685183209530225e-17
8.842749149563911e-18
3.0417334219563953e-19
0.0020188304827274267
0.01679570175943368
1.394015395035361e-11
6.705481585742919e-18
2.1507835550213026e-18
1.5253528500322208e-06
4.811462566114158e-25
2.453512032512221e-14
1.3436324477087143e-11
8.036188964564244e-21
2.7814437331722768e-18
0.0010947261950150485
9.502142811481229e-18
1.3725678594376355e-08
1.841879519833004e-09
5.330430719397127e-16
2.4995810073648857e-05
6.692737095664828e-15
6.247283800189007e-11
1.4208229145915433e-11
1.7414369588295765e-18
1.4750472243332885e-23
7.42560487165001e-29
2.1994149643668962e-29
3.017890055063053e-08
9.092530296735023e-27
4.5018729362427024e-13
3.3643399814010216e-17
1.9435305847345504e-15
4.902339079453475e-14
5.5564756700816766e-11
9.87060158739343e-16
1.4393694862550583e-20
0.009716765417895568
1.2644850102547583e-06
2.767356788936389e-10
1.383260938881019e-18
2.37911466510743e-22
0.0423128631356362
2.0957701375036442e-13
3.34081117443863e-22
8.932211902035635e-07
1.588839590694578e-33
1.0366276519899527e-14
1.0769553201734168e-17
5.789978470107689e-15
7.964742167339096e-17
1.7871592484987157e-14
3.827164600933651e-27
1.2607716598016549e-18
8.614615914163035e-07
5.166522764238721e-13
1.0898763462465496e-16
2.610783261212112e-21
6.177676077818151e-15
1.4676739862641073e-16
9.495689019815707e-15
5.896361888180625e-14
4.027274184526367e-17
1.7740255341100453e-11
3.6820848842983503e-28
0.09704325348138809
3.512132286660889e-24
1.0806657000147243e-09
0.06171536073088646
6.424141339020364e-09
7.980609828217024e-07
4.463848022715589e-16
1.683324850552246e-10
2.931242151474373e-14
1.1243435064541725e-25
3.2260472957580737e-21
5.561125872048786e-17
1.2232525554538445e-14
7.87069842089399e-08
2.4334186327221417e-11
5.930401993164561e-23
2.591394361043658e-16
2.254776316699908e-25
2.318220024633401e-13
2.7481057164843562e-11
7.148106671080438e-13
2.1059209636570788e-14
1.06505793162276e-19
2.8949577007156785e-09
7.488402231570801e-19
5.019677033337465e-21
7.496175403650912e-23
4.392082836235533e-19
9.418790373269759e-11
2.140386117231859e-11
1.1440719999710559e-07
3.6722184733149e-15
3.4337101189636585e-20
7.626398408893115e-25
9.854249136635741e-21
9.104021703436736e-24
3.8353035125549577e-13
4.89936438652547e-16
2.4500218729428367e-32
1.8857942069517755e-22
1.265152764396587e-10
2.427418024622113e-12
6.2805832370154065e-15
2.804216014864243e-22
1.7147645436699277e-25
8.035896446656475e-17
0.07075503468513489
1.7274195509457776e-15
5.9992263741259766e-05
3.926753647540074e-14
1.1731069644960734e-08
0.1297927051782608
0.19542951881885529
9.057990684640395e-14
7.933310127272236e-13
5.10815764245314e-33
1.5848748089599696e-17
2.7573193574506264e-12
2.2315809933660323e-11
6.622882076223583e-15
7.29340374103677e-15
2.3657042637344397e-23
1.2959355247903537e-18
2.8781583837713674e-08
1.1644282693544418e-11
1.9942447600546846e-12
6.68639976303614e-14
3.9929444410525524e-14
2.0252104277261887e-18
3.327194575150754e-24
1.9923435181365141e-19
0.15763293206691742
3.3391822529194586e-11
0.06171536073088646
1.6568050140758162e-19
1.8113917166300774e-15
4.5874678553511197e-10
2.4995810073648857e-05
1.562099879181484e-16
2.343159917498024e-20
4.186360429142058e-14
1.1087330523755323e-14
9.294921798622896e-18
5.3321833393492295e-08
2.27906751172477e-13
1.606611275278721e-08
1.3135326051735972e-11
1.951165251117112e-18
3.1912718250306794e-26
1.8876768837179133e-20
2.751179454099771e-09
5.010616396884058e-11
8.932211902035635e-07
2.637415191939923e-30
1.452755299361668e-16
5.947967947638582e-14
4.737527651600337e-30
7.619653557724367e-26
8.080330970418122e-15
2.868390822856717e-17
4.766035057649072e-16
2.022035239879099e-05
5.1087111179126306e-21
2.338657637951988e-09
6.533979126342908e-23
6.036292831081253e-19
0.2585861086845398
1.1592267660663782e-12
7.940825965162217e-21
4.804104324781987e-15
3.996629811978674e-13
1.4362621856852826e-22
4.699788618739971e-13
4.1704637106133556e-15
4.950463520815606e-25
1.5782699950481133e-20
1.1698871859685458e-29
9.499532007542387e-21
7.195616956310821e-19
6.722886816738912e-14
1.1132856322720752e-16
4.6738942538379736e-06
7.118976952812865e-15
9.929643304554778e-08
1.3064433408817858e-09
9.408686047527682e-15
1.5366709679288755e-31
2.2937767340829343e-28
9.077256402057724e-13
2.3491805581793543e-26
3.0947549730942766e-21
6.903048313199363e-16
5.731738450810412e-10
1.1636977721497197e-18
3.1958138020496143e-25
2.5360869377367337e-13
0.023048974573612213
1.9667361697324574e-18
9.478961955966124e-20
2.1512043673284108e-14
2.977663997424371e-11
9.195977438203222e-14
3.7236247024501975e-15
1.5290932084449093e-09
4.0890641367714283e-32
0.034191735088825226
2.827436647572389e-16
6.774174195554487e-14
8.281038423161455e-10
2.6603020225279806e-31
6.783618250328279e-26
1.9247190854454477e-15
1.424216353868177e-14
3.16494239569458e-12
1.796083303524092e-17
2.5552399074584337e-14
2.3215604233959465e-15
1.923112481039899e-08
7.378048225722832e-16
0.006066785852486739
1.247537376922683e-16
1.378348808334071e-20
1.2380214417161779e-08
2.0316947863503057e-23
6.939557107033841e-20
3.046016704668996e-11
3.208428678014714e-18
6.783478592284338e-11
0.0010094208438461705
1.3625299012564017e-27
1.0406922128161e-08
1.07484029289512e-10
2.344887308043994e-22
5.174689938611887e-28
4.7031142533924763e-14
8.948316863326396e-23
1.4840267209692359e-15
6.5190822204125385e-12
0.00260665675335503
0.010737551376223564
8.070082882079203e-21
4.679774185601581e-24
3.813162647832325e-33
2.4892083582049563e-21
3.92636982918068e-18
2.1108479274936656e-14
0.00260665675335503
0.2585861086845398
5.645810598644128e-17
9.042100125064363e-21
8.952480202643618e-27
1.5084204720341538e-21
7.266747014304335e-14
0.2585861086845398
8.581814094707027e-21
4.339552155075913e-37
3.740887003620735e-21
7.433426321489791e-16
4.6553575389046645e-18
1.8197949339895262e-22
8.043051665840688e-05
1.9463558200131507e-32
1.291076685265753e-31
9.897054621090083e-08
1.3881621628950007e-13
3.8956970840722606e-13
2.362533734771475e-27
9.301690765003625e-11
4.31373136443766e-21
0.013426998354455932
1.995980552492309e-27
3.0494789301176247e-10
8.90263773838076e-21
6.788295702001083e-12
3.68674215959792e-21
0.06171536073088646
2.5437928101763e-13
0.06012425869334237
1.674309607370575e-26
6.21324486004329e-09
0.171554297208786
2.352682163529552e-19
0.07075503468513489
4.176997753400689e-23
2.4906768507808095e-08
2.556082040588579e-18
4.8833127394601065e-14
1.474033259373953e-10
5.188799131391722e-19
4.76147376594275e-11
1.0870492822695418e-12
6.998179188926729e-13
7.519433046846711e-13
8.013527619225396e-10
3.4068853974300425e-24
6.333950460776455e-19
7.243422139940732e-21
3.8825108882182826e-15
1.416674577064349e-16
4.5373774986883984e-08
6.6709429674845265e-12
0.013601117813981656
1.7744233463451298e-21
1.2316813726826805e-17
6.424141339020364e-09
1.66283245037047e-08
7.354034659458829e-33
5.918090659168153e-13
6.714056550159903e-19
1.5639790920417836e-19
0.009728836826980114
1.5701356820586545e-13
0.2585861086845398
7.340467007231434e-44
3.563161317802642e-15
2.1697942095389765e-13
1.364721296400382e-25
1.826026681596147e-15
9.025772890043221e-29
1.2478053890490388e-12
0.007521744679280351
0.00890429224818945
0.11654257029294968
2.6903104372002208e-05
4.924327963674982e-20
1.4362621856852826e-22
1.5607314467798893e-15
5.725936748306885e-10
3.4665060963946196e-13
5.343888225508783e-20
6.159493934178882e-17
7.964557047424911e-09
1.592500217011365e-14
1.505308856071918e-10
1.2708315216659295e-31
1.8570027238060257e-20
5.752154911854629e-15
8.573016949376722e-11
4.315384176983423e-12
7.103837295223648e-17
2.977603771298976e-12
5.4468152677664087e-14
6.556950268680115e-17
1.2352057646979723e-18
2.975932033089964e-23
5.109859307417206e-11
4.103274735776473e-24
1.6860842680762964e-11
3.370361436012648e-14
0.15763293206691742
8.477779121689881e-17
1.4379756996241468e-13
8.590839998870717e-28
1.399233891555164e-25
1.5633405950507757e-12
0.07075503468513489
5.6550028851047384e-18
0.2585861086845398
7.365580652422709e-10
1.7147107526719114e-11
0.01918608509004116
9.99710280186684e-27
0.06012425869334237
7.940486680221689e-14
2.56051465848156e-22
1.4882270381348363e-07
4.088790327888534e-17
2.8467164665423298e-24
3.6490297520323747e-16
1.7759103650899763e-23
4.015488999279384e-16
5.340662422868335e-21
4.839839119366624e-31
1.1973393609302061e-14
1.2928964197963697e-19
3.715569133539258e-21
1.4676120956336787e-12
3.499659554555575e-19
1.8442026954532212e-18
5.157290734279282e-14
1.5495625122124146e-17
2.6825890759770662e-09
8.932211902035635e-07
0.0001120837996453918
1.402051726176779e-09
2.4995810073648857e-05
6.047594444552044e-13
1.2448232502493185e-10
1.0936786891071884e-19
1.7308883726165102e-10
2.409435459714247e-16
4.326855505686742e-14
6.646972091656136e-20
4.057074199858955e-10
3.027425729650534e-17
1.6919014213244245e-14
6.516349461473271e-18
0.15763293206691742
2.67535154991308e-23
6.729664064931049e-14
5.327250596507843e-12
7.639593802886338e-13
6.398743255810612e-14
2.9784183228650076e-14
4.409014512178229e-20
1.3496331044187762e-11
3.421317782019647e-28
1.3760110426412187e-14
0.21448296308517456
2.0988841400982697e-26
4.856522271682114e-23
1.2723383810925341e-20
2.1620343999964642e-05
6.97487711477921e-13
3.3351445575533635e-12
0.15763293206691742
1.6745610261217086e-14
9.177429519029048e-11
0.00884350948035717
2.3342772954351966e-16
5.787242944278298e-13
8.389469257433027e-10
1.0739212329736998e-11
0.010655750758179705
3.724207223081392e-14
0.06171536073088646
2.4733587097376703e-12
1.5713307832685596e-29
4.113570123237675e-09
1.6633831208041537e-10
8.601706288592308e-16
1.363379366092311e-13
3.7321428858634066e-13
5.469818774080714e-27
1.6968415841791718e-25
3.7312283993096085e-10
1.4278554114040423e-12
0.02732882648706436
1.5701356820586545e-13
1.0899449286426552e-16
1.9960461881152753e-12
1.3004884016316676e-20
1.0899449286426552e-16
6.383875391194815e-28
4.277604781216301e-24
3.2715823151980343e-07
6.886680230753598e-20
7.742282405611083e-22
3.955480204801197e-16
4.032887636986328e-16
2.4033284194176806e-06
1.8917862585716767e-18
1.883157839605719e-08
1.2983988098498827e-07
6.885108975770739e-17
9.52302937191805e-08
1.0193477469576837e-07
2.1155290757362067e-12
9.379673868504051e-36
1.7370621672694992e-11
7.385803635485779e-13
3.0545931938804986e-28
1.0678536037372569e-16
1.756390435451016e-22
9.690516763061858e-13
1.3803547687580441e-17
1.190008163620608e-17
7.64280665585875e-09
2.439154054085047e-05
5.842593347416552e-30
3.0932016678469646e-15
3.5926564770700346e-26
7.511075638044003e-18
3.1801371502053404e-18
1.3027996156448104e-21
2.438924493880655e-17
2.0074189699229155e-18
6.712766183401195e-13
6.083751522850988e-16
3.8499620716741974e-13
2.4273003892765966e-16
1.8558070635136683e-15
4.441104913193497e-13
3.931857697203751e-20
1.0235637193667375e-30
1.9765596136432657e-30
5.973256841559296e-11
6.985592118901836e-14
4.803685253284691e-06
2.3870305805028275e-16
7.170021805683665e-10
3.276322512197181e-11
9.800130171594656e-20
1.680164769554447e-09
9.241097877811618e-18
4.7237861952085515e-22
5.166048887147819e-10
1.3065660528085337e-12
4.508464168507763e-12
5.268332437405638e-34
1.4999661111734624e-21
4.384974528877372e-06
2.8781583837713674e-08
2.005611877399539e-33
5.9999477333818255e-56
3.106870696840359e-20
0.20312274992465973
7.87437453149343e-09
1.3795162087016865e-17
2.82576808456798e-14
2.4035131875299268e-17
7.841686690785959e-28
8.282844203134825e-12
3.5680569778369446e-07
5.3139313901141425e-12
3.190604041767349e-17
0.012927557341754436
2.1597368222606e-11
1.0565441154048602e-23
0.2585861086845398
1.108680853365844e-15
8.968247898406307e-30
9.51326124520354e-20
1.921920846219773e-12
1.189855327559525e-09
1.7638038372385075e-12
7.903349185054464e-19
7.440032927666046e-18
7.686853732221436e-16
2.2100770638608816e-29
9.55070376947748e-16
6.120927052562661e-09
2.9464408102791125e-18
3.4783261931324954e-22
4.995301362758154e-20
0.20312274992465973
3.860385040060331e-14
1.0211761354307327e-13
9.268396677109773e-06
5.442260137619759e-20
6.114329122829546e-15
2.8422345195839143e-23
1.3522965400264412e-17
2.122848892140723e-12
1.3230262434772552e-18
8.926005945373844e-10
9.789301002465672e-12
3.0904474189050033e-13
4.846750896775754e-27
2.7079480845138023e-14
7.488541250930541e-21
2.294409026045002e-09
9.294921798622896e-18
4.9815245721417295e-08
7.148312535217721e-18
2.3935706134751694e-21
0.06171536073088646
4.3200147619108584e-14
5.362022139553308e-23
5.155361401395236e-16
2.190441960348266e-07
0.0021070580568611774
1.5095874884365322e-16
4.826655819168189e-34
3.9702592179179604e-13
3.4911901285337845e-12
5.3003467228087424e-15
0.07659176737070084
3.794255871301352e-15
2.1455883839152254e-09
9.76052925891334e-17
7.392873753044311e-23
2.8781583837713674e-08
2.5665338374681593e-09
1.0418490624511817e-12
4.390443834558593e-18
2.7966500873307726e-15
7.192820758320208e-15
3.9513354819826943e-16
3.4240531281192835e-17
1.0382257456966688e-15
2.455430304457191e-19
3.861688236728576e-11
1.569039516076974e-10
6.882370332702596e-12
1.0081145302051626e-19
5.299780431366441e-31
0.0005770117521451436
7.362394527607002e-14
1.844372114710338e-14
0.21448296308517456
3.568027215910574e-18
3.317967226766958e-15
9.12250527691596e-05
4.396442161340506e-11
2.3372536534298217e-12
8.303798895119809e-11
7.87437453149343e-09
2.083533712744244e-07
5.074352186203769e-11
2.8648093983378748e-21
2.2863103499701715e-17
1.0036588023447206e-07
0.06012425869334237
6.881782689488333e-18
6.033010225750812e-14
4.930450302917135e-41
1.4479179249505505e-16
2.267317145993036e-16
4.213678084143789e-21
0.0022334995642282474
1.6588807597623384e-13
1.5474984305614683e-11
6.008874413893071e-18
3.509591558798855e-18
6.059144958665595e-07
6.919667239745672e-20
1.678469620940166e-15
5.899438632817184e-14
3.959835034243177e-13
4.8497356290772254e-24
1.468979098339952e-12
9.098615252450814e-23
6.93826055650825e-23
3.3695922004568943e-14
0.1119036003947258
3.2963074516811274e-14
4.468416765909027e-21
0.013601117813981656
1.7598636639205668e-13
1.060306537226602e-21
3.0601781496846918e-15
4.885102677855882e-12
5.799787845344035e-23
5.6662654878028195e-11
3.0829441832308813e-20
0.06171536073088646
0.2585861086845398
5.3112454523976654e-14
1.1465281975232916e-15
3.322459392487097e-23
7.15260766166994e-18
1.1092358454168493e-11
7.679877432563338e-16
7.784020576769652e-15
5.105248275325481e-19
3.9961986227154834e-20
1.7182409160572635e-14
8.270804636427353e-21
1.6749333339920554e-14
1.2983988098498827e-07
2.7371444854840527e-16
3.3489643892635595e-11
1.804374551165352e-18
6.270109743398217e-16
6.260645730934113e-29
1.4569946722293053e-15
7.137111108581514e-12
2.6507166645622816e-12
1.0727192806791226e-15
8.337881436277569e-06
1.0874810454036972e-07
2.1138590747897418e-10
5.092274834408633e-14
2.1074041325327572e-07
5.373027692793435e-13
2.4516009955925743e-14
1.0286565462266535e-22
5.010498554268228e-15
1.595526473498035e-17
6.071123786910294e-11
2.6418844061234765e-13
2.545023267995045e-07
1.1305598134504325e-10
1.1760504461884649e-20
1.4492580101902687e-10
1.1498653585756702e-07
1.6793849416692625e-16
1.3844289301121323e-06
2.0055417323904923e-34
7.620943622821315e-14
6.302224405261107e-15
8.370424830209507e-16
1.7863202625224267e-16
8.630664795123856e-06
7.87437453149343e-09
4.810413235603931e-14
1.1572560507305384e-24
2.30472020206439e-17
9.622273680309207e-23
1.2585814571542556e-15
2.784636315692488e-20
5.198146843832641e-19
6.9998004144169735e-06
7.499382605952631e-18
0.048591919243335724
1.9075953046216775e-16
1.8193376355127238e-14
9.106300241376153e-21
2.7606903663087783e-18
1.7793070218671082e-31
2.56977811413442e-15
2.4729611446420295e-12
1.1235080184160953e-16
0.07659176737070084
2.587106830009583e-19
4.684273736640962e-18
1.9825384414498372e-17
2.4560778363156954e-13
4.40802036182732e-31
5.856270041189094e-26
2.132659120923723e-26
4.7675463413244016e-08
9.808236740920844e-16
0.011535670859590008
4.321346685609074e-20
4.6012103327165586e-18
2.4294962023968036e-13
2.968910338918715e-17
1.1299258159986905e-17
2.8893745399473258e-12
7.12770715375466e-13
0.00890429224818945
1.691824475035058e-18
2.3332525950998942e-14
1.0782396916370056e-31
4.829993097344474e-15
0.20312274992465973
3.158235015054917e-20
0.11654257029294968
1.4798031371311724e-13
4.737561406003268e-16
1.760893370921441e-11
2.3003947139809298e-09
2.6458208130391275e-24
8.248877924217506e-18
3.5504050077649596e-17
9.537276201043196e-16
9.562338024023974e-14
1.0049998899662062e-18
3.19228048068189e-13
7.48960661885426e-18
5.088286001605409e-15
2.7090771672677388e-15
4.816940959071722e-12
4.836242697255343e-19
1.2104909112653899e-13
3.4625107401000594e-36
1.3243766749174456e-14
1.0839519411810052e-14
2.5203329985026508e-18
4.7391781871868834e-32
1.6585287230578846e-16
2.317647214119515e-25
3.3676934446687904e-16
1.7106528873549615e-17
1.407385667487165e-16
9.1639389187471e-08
4.574573278290161e-21
1.1162670062953682e-15
2.6685570007352775e-24
3.285136557640633e-13
6.208330437040845e-12
0.2585861086845398
2.163613274489487e-20
4.905652974315248e-11
3.449545803482288e-28
1.181011357482246e-15
2.9086556353378988e-11
2.518480785339946e-19
1.7275667157272577e-14
2.9836040306303493e-07
5.651746929122943e-16
1.6402834330985838e-10
7.146938034500975e-17
1.4583442954045648e-42
2.906243879950993e-21
2.4995810073648857e-05
2.9277016529436777e-28
4.740052103627892e-14
1.081582202359187e-17
1.3662565259543432e-17
5.315400765430581e-17
3.713744613441452e-14
2.962660816592195e-09
1.2380630496374673e-14
1.021380151174891e-14
9.045831891154228e-20
3.3009903829721557e-24
0.2585861086845398
4.936607673600246e-18
4.5099120209500716e-05
7.87437453149343e-09
9.66946590781094e-05
1.3526687479647036e-09
1.8510837360997647e-13
9.223117025021176e-17
8.244812060837923e-13
1.404315352985413e-18
7.176406811594241e-09
2.1368728309413648e-23
5.679369021190814e-19
7.882281258825186e-11
6.532661633642066e-21
2.8375079193689637e-16
2.1120212029827868e-11
8.968640500544368e-15
1.1801446870799642e-13
3.452444479684446e-16
9.047000152217494e-21
7.79735755125303e-17
1.6992605875241836e-10
7.70388905554096e-12
5.5240461035653034e-24
5.440011366074633e-34
4.2128738236065855e-14
4.150430718471799e-23
2.6080706663753394e-13
1.0019151310173743e-12
2.2589128046701805e-06
1.703695643771226e-15
3.945701956620102e-17
1.9351824510582273e-14
1.976584141152579e-17
6.255157970333541e-15
2.341819228414614e-13
6.071123786910294e-11
6.444854346481589e-16
0.023048974573612213
2.2651401042269247e-09
2.6546147527483894e-13
1.669189754081405e-17
1.4926250937167376e-12
3.4609696837891005e-15
1.595315099908463e-15
1.8332940021306145e-20
1.0883337759545898e-13
5.006353882284368e-20
2.9886087492113727e-15
1.522950802281914e-17
9.77230440423289e-23
2.6149022820351658e-23
2.8781583837713674e-08
6.111132963047717e-16
2.3616108361536627e-17
7.401458329395367e-10
2.0030517501582208e-14
2.1586948510230046e-14
9.836306415895112e-13
6.134070232181061e-18
2.713738302641276e-22
9.157079526359938e-22
1.9011459047762175e-09
5.725311294181842e-18
2.2176842152773796e-12
1.073861096924442e-23
4.2424501212575044e-13
3.839540508230433e-18
0.15763293206691742
1.1015393429910186e-12
1.6099574833474456e-11
0.043159913619273516
1.9992457314980597e-21
0.0005890318845410761
4.0129144917498574e-10
8.53899092932772e-10
4.68596077444312e-09
2.0516372578516609e-16
3.5966724983031694e-16
1.8694006708041755e-16
1.6426330579314615e-13
1.4812836037797568e-15
1.724902144487035e-10
0.01723965031743091
0.0003958399948706254
2.001358518655246e-21
0.016673048958182335
2.643382140197965e-17
1.731676484845816e-50
4.2156934213004686e-19
1.273905570589026e-14
4.797006039172425e-15
2.2093923040613663e-23
1.3022233970106397e-08
3.10120454731615e-13
6.1727786765570876e-21
3.2515798851475123e-17
1.4786878065997483e-18
1.7155127940417815e-12
6.100500514166764e-20
7.835369232791027e-17
8.291677142565439e-08
2.2321385313247125e-06
7.802318849910751e-16
6.532744700425839e-23
7.105865967174653e-11
4.268827867293134e-12
6.424141339020364e-09
8.932211902035635e-07
5.699483405513175e-17
4.169777036505072e-21
6.055906197490066e-26
0.1310972273349762
1.5287855797335705e-17
3.994414990858656e-18
4.520456311668103e-16
4.2920504229907035e-18
1.2676615797466587e-14
1.6552266346148633e-14
6.959861437204392e-11
3.7492053664663846e-14
5.848336355074918e-16
6.697742628720892e-20
1.469213398661548e-21
0.012927557341754436
4.083487205272526e-17
4.389793406300895e-21
4.606223717641663e-16
9.192178214169655e-16
0.0004213330679578159
1.869842561738617e-22
0.014559155330061913
2.670860153455033e-16
1.0989144535825832e-11
1.3017310801036962e-24
2.696285326758557e-12
4.195135528381795e-28
0.04757154732942581
3.448211373334497e-18
7.085710857790632e-17
1.4131674982616556e-25
2.9333694217195523e-22
6.060152648434982e-17
0.06012425869334237
6.767223721127089e-21
4.1761013065626216e-26
2.1579533643145764e-11
7.763815094802973e-21
1.9197937212746367e-17
1.678020757209514e-16
0.06012425869334237
8.207553139420225e-18
5.751079202165495e-12
3.0488558186708036e-10
2.4030600601907525e-08
9.107628174064323e-09
7.376962622689905e-14
1.0503348848636409e-11
1.2639528398094535e-14
3.888642428543404e-12
1.2427526025268037e-07
3.4825691030802005e-21
1.6719593242585514e-16
0.016673048958182335
3.2343501662853557e-19
9.756332089948058e-28
1.0779940565577607e-15
5.338934927225496e-10
1.0088885203853506e-10
1.0058199696970083e-10
2.417901678096327e-05
2.3379755243640912e-17
5.02125879629454e-20
1.7669362026494164e-19
2.3690194115771147e-16
0.19542951881885529
1.0304121000214155e-10
1.7695760756693626e-19
1.4745045772482443e-09
2.0433469750727515e-32
4.3273273201494436e-14
1.353441700181152e-14
2.115298593922024e-12
3.0250247656893174e-13
1.5426185612719012e-08
3.5290021343063316e-08
7.939981583992308e-06
3.7879214424308285e-17
1.0899449286426552e-16
5.50956826636738e-19
0.1708894520998001
3.2983979357652326e-19
7.107856515361719e-23
7.676269469723098e-17
0.009728836826980114
1.997764661316274e-10
7.808524748049783e-11
5.147383172874943e-25
1.3373365004285186e-09
1.5255832771197217e-10
2.302412908545977e-09
1.3111707937891794e-12
9.198116562017777e-35
2.1682233933175797e-11
3.282330670754241e-19
2.4433743664011643e-12
1.7491936992814764e-18
0.010737551376223564
0.21448296308517456
2.175428722081479e-14
1.3537871004317183e-07
9.044674643816625e-20
1.9284698721836016e-11
1.0280364343122536e-06
1.234178550753994e-07
5.821172267709527e-14
2.9623423014606212e-19
1.6449795691160118e-10
1.051823186037955e-11
6.053340658916726e-10
3.676040996625067e-11
1.488150862200008e-20
1.659766635009767e-20
5.569396793768526e-17
0.017094690948291635
4.520009803636273e-15
1.7016360744923423e-21
2.291791534580842e-16
3.2859518680089685e-11
5.290776919477776e-10
1.2284623493483955e-14
4.265651489913532e-11
2.9589120157194636e-22
1.1514052867469004e-09
3.56073218768108e-17
4.795879269438645e-12
5.8822926811317174e-21
1.119333444352389e-11
1.224899617415095e-12
7.527539676079159e-22
8.869652547987967e-20
4.492967423339479e-12
1.3310916512374161e-10
1.197523848511999e-30
4.566495344158633e-14
1.1619474886160643e-14
3.5677834476491495e-11
0.04298638924956322
2.173781511188849e-14
3.017890055063053e-08
4.777335483909707e-12
7.405033845469076e-15
5.109859307417206e-11
4.45053994059196e-09
1.636853926401832e-08
1.2096532732509295e-19
2.4250282185034e-13
4.4646595543611564e-18
5.644054337660949e-20
1.939321013601101e-15
1.1914957302717716e-14
8.69024021079152e-14
7.697702095520354e-08
1.3134880974821997e-13
3.3565906559244427e-13
7.763323683030254e-17
1.2524137101053724e-11
9.294806885783467e-25
3.7364577330281256e-18
8.126126760053509e-18
5.6755531324899015e-18
5.993012463490173e-20
0.06012425869334237
2.4995810073648857e-05
5.027732404753588e-19
1.847831892591999e-23
1.248060010875477e-13
9.880361934542997e-15
1.0112726362559098e-11
1.056574126496816e-19
1.6706938598433202e-15
5.787242944278298e-13
2.8069014831699934e-19
5.172928887656478e-13
7.744204021432583e-24
1.245592245456351e-19
2.0499448832458465e-12
1.4780407461682213e-15
3.348692451121872e-25
5.109859307417206e-11
4.1614203276291595e-23
2.116491655123419e-12
2.2494345539500178e-23
2.4852763549323966e-18
3.0519092220794323e-18
5.85740952023548e-14
1.7433839114998392e-48
3.392311144602128e-11
0.032606467604637146
1.2705489155417045e-21
3.3460939676422606e-20
2.048086994906486e-15
8.818576150795235e-21
2.143386796628188e-14
6.223339686211994e-14
0.19542951881885529
4.1403838586956243e-19
2.0555759026628722e-16
0.19542951881885529
2.873408417361165e-07
8.550420431140197e-24
2.747102650598466e-15
7.532159990488109e-13
2.998166648772874e-12
2.090030904156034e-22
9.347781250577406e-13
8.676498981033781e-22
1.938221604384934e-19
2.2561779612479012e-08
0.0028695215466139484
1.9813391951858847e-16
4.900251554149686e-10
2.6571979572748626e-22
0.00011370410197896033
6.948194308570007e-07
1.2409159813589852e-07
3.290698507029914e-14
0.06171536073088646
1.7726285301121565e-14
5.394244869636766e-20
2.411356241903959e-13
5.407052001190793e-19
9.294921798622896e-18
0.2011888176202774
2.4573775445116247e-19
3.3436469535029766e-13
9.415572197806073e-22
3.6977385211561054e-22
0.08756159245967865
4.048969130545007e-24
5.54486101519514e-18
3.99506590487119e-15
1.8963783224061723e-15
2.1920197092721943e-15
0.09704325348138809
5.4133179728429674e-14
0.00890429224818945
1.8117491598935034e-16
3.5913694274403747e-09
0.1310972273349762
1.2729841833197292e-07
4.6931312127675994e-14
1.8788590981298637e-15
6.910455981812134e-22
5.790555284498155e-12
1.5143883703125447e-18
4.7015731522927266e-21
2.150069737335803e-15
4.3968119567167295e-15
5.344330084947997e-15
1.1003844051880862e-20
2.3285662115823305e-21
2.730241902565431e-23
1.770697368020849e-11
5.002488039813263e-24
2.4210731348144795e-06
3.1356067147574794e-13
1.6136711532687091e-44
2.3987883153821336e-09
7.87437453149343e-09
2.74268180304493e-06
1.9041179989736595e-22
2.1694801573163057e-09
1.8902977508077142e-23
1.3164275724037762e-12
1.0281161504463044e-22
7.628535487734798e-14
7.940486680221689e-14
7.383763884545478e-10
3.2405493546317487e-22
5.620101444821449e-12
4.0059130844082654e-17
1.5078962192689845e-14
8.11375779019227e-26
8.089900111970976e-10
4.050722516064576e-07
2.6760030636911356e-17
6.520965349725102e-16
6.4714997099897684e-12
3.5802584221799175e-15
1.4621856162443448e-16
1.9263691312676446e-23
9.255800654273929e-21
5.2530779424371955e-14
1.7027523791832642e-19
6.988841884393308e-06
6.801308178153168e-15
2.761694673004608e-17
7.697702095520354e-08
0.2011888176202774
2.659042554027738e-20
6.227765360116744e-15
2.341819228414614e-13
2.71011872353206e-18
6.383018444370274e-19
1.1758354504592953e-14
9.415004193147992e-17
2.1950144293399945e-14
1.3988676446550916e-12
3.4732499706281376e-16
5.601257318185488e-17
6.877041965827451e-16
8.932211902035635e-07
1.3472007187598545e-14
1.670838253878511e-20
1.4703831195183654e-13
3.551639104712104e-18
4.505915805247815e-16
5.594795226222972e-23
3.0415569048210094e-21
3.8036663503675484e-10
8.615292578754328e-13
8.595937866837774e-13
2.3173338115847225e-17
1.2498204350026004e-09
2.4418507625724933e-17
1.2048255648479299e-26
1.373865006012407e-22
4.891721399216642e-14
1.1275145880889977e-15
1.9990267456631833e-30
4.347386149930132e-10
8.894054370304091e-17
7.5076637106827e-18
1.0691230760467292e-13
2.7650993913785774e-15
0.0011638108367427596
0.006933795753866434
3.8010546456115965e-32
0.010737551376223564
0.06012425869334237
8.793065738816347e-12
5.569386406579345e-23
2.7271043228530904e-21
3.521078641751914e-11
4.770689563646284e-13
6.521235675689939e-24
3.353366550229076e-07
9.289052271575777e-28
1.327934742236259e-14
1.4178566264193497e-13
0.016673048958182335
2.057832944780613e-18
2.033943086703315e-15
2.60906528303453e-24
0.0021855612261572066
5.110944454802114e-14
6.522953703147212e-24
7.193382028301628e-22
4.134919582795362e-31
1.8978705943077314e-19
1.9358215433733494e-08
1.244586526863711e-08
1.2701205774885938e-12
2.660866569923666e-10
0.06171536073088646
1.1440719999710559e-07
1.1236023603533039e-12
2.1620343999964642e-05
5.36173043573533e-15
8.14485256628178e-08
6.578967034888884e-24
0.016673048958182335
3.8575567160266305e-16
5.796293417975448e-17
1.19497225271773e-17
5.206950721120418e-12
0.1310972273349762
6.077966007936238e-30
4.062845211245157e-14
6.825759765664478e-19
6.510570514504642e-06
4.079309379346859e-20
3.41440390259478e-27
9.998190597073141e-14
4.9943116109424363e-26
7.473888812574356e-12
4.2548864871661606e-20
6.451555196192966e-13
3.6487267826245363e-20
1.9004062669151504e-14
5.655847557104047e-13
4.456456768757517e-16
2.477059028656486e-14
1.3587066891177991e-11
2.6546285999968944e-12
1.3876269746736323e-15
2.964630402871838e-05
2.796023812026532e-22
1.1456543499580249e-08
6.20229056775129e-20
6.384973050544254e-17
1.8242985000251145e-17
1.857232619232455e-09
9.294921798622896e-18
1.6904847352183277e-23
2.9138037474478967e-19
7.039801713182249e-23
3.6083181131229052e-12
3.707945631598186e-20
6.1034729591329625e-22
9.48265371660318e-13
2.7994390877645316e-20
0.11654257029294968
9.314554525196394e-18
0.01918608509004116
5.090462879206435e-11
1.8232931143001317e-11
3.0961083755423697e-12
3.715509681077253e-15
1.6874553554243318e-18
7.538909883974466e-12
2.549655656627886e-09
2.871825731879384e-12
1.746086110631022e-11
2.307279978488482e-12
0.0003452092969502906
2.432513944935891e-17
2.162838027958689e-20
7.992306999164088e-26
9.632600544633373e-16
2.5426681458756042e-14
1.1779459473881796e-13
5.953254271301796e-19
1.1522159428209045e-12
1.4496258289740646e-12
0.15763293206691742
1.1149457953582896e-14
0.010737551376223564
0.11654257029294968
2.9751970327148502e-09
2.6360044556769075e-24
4.711051136871173e-16
4.5246182363976846e-21
0.007521744679280351
2.9591282012740164e-13
1.657181407149186e-13
7.677731286633116e-17
3.360561050327689e-17
1.590693922206839e-18
5.0609578171812654e-14
2.4266654735873003e-12
1.1344642487129451e-17
1.6739638870623205e-16
1.954411193746383e-14
9.761323211784796e-18
2.4443627288725568e-17
1.0196474181676109e-13
4.448199759010916e-22
1.9470060061561272e-13
2.518480785339946e-19
0.0055358524029974765
2.262834865588753e-18
7.0904843287794364e-09
7.14660432892676e-15
1.3086132793003015e-17
0.03168579936027527
5.177098761130979e-19
1.3227278977444913e-16
1.601751216620807e-16
0.06990762799978256
3.0502100504562108e-15
1.0749360578083247e-15
1.0405819642300858e-19
3.982507714634021e-11
4.212946265501468e-25
8.213839950710552e-19
1.79375392194928e-05
7.385305839601461e-05
3.845398351380929e-09
1.6492068429635303e-26
5.1120434200088045e-18
4.4166462079921174e-15
1.0756363666737746e-22
3.296357659051579e-13
3.735372037328439e-11
6.757692552461908e-22
1.4457185004448878e-22
2.4824196272221698e-15
2.597158447607341e-15
1.583724596682186e-07
3.2627500062928055e-11
1.0324172948190205e-14
2.806018323192773e-19
2.8375079193689637e-16
7.87437453149343e-09
6.48053316664282e-11
2.396686264300654e-13
3.024461826421696e-11
4.8212344819922104e-12
3.5716998915256014e-12
0.15763293206691742
5.823062831953399e-16
7.847494355654135e-33
4.126788550189247e-17
5.023135747417477e-21
1.1093538926096549e-14
6.981124127596594e-15
1.8956352434609195e-06
6.8358409241074466e-18
2.2482055440581225e-15
3.9310234350087106e-28
3.5932125525098417e-12
5.753027099903526e-11
2.8514984694252687e-08
1.9683130703286565e-12
9.533029597483725e-19
0.011535670859590008
2.4995810073648857e-05
0.2585861086845398
8.773379955223727e-24
5.891738340642295e-17
2.5302110050242254e-10
4.7509874644043554e-12
4.771451984172247e-18
2.048876836740815e-12
6.69155699027399e-12
6.471860430518185e-21
6.789401189687767e-21
1.2724643207553686e-12
1.518322947840001e-30
2.0244469602363258e-07
2.387094890836563e-22
1.5792370225714896e-10
2.786300179912399e-11
8.710111399399154e-43
3.66181562060882e-09
1.6897813588571107e-27
8.818236388637622e-19
5.694870227129189e-20
1.234423817192328e-28
2.6850922401699505e-17
1.1195507208759688e-17
5.246811390656534e-29
8.143307944019905e-12
5.220468100343329e-16
5.123161910142561e-12
7.35133785990996e-15
3.349362604725267e-25
0.15763293206691742
2.753977519325085e-17
2.0634623987419162e-13
9.307687977613745e-06
1.3651084493943907e-30
6.268451339204232e-06
0.032606467604637146
6.409704802897965e-09
2.8972164972316744e-18
1.5883120407120864e-13
2.7750125285260633e-10
7.82416877941486e-12
2.855655291146626e-10
8.59011625265595e-14
4.011670098451564e-23
0.0017066060839481811
5.999093285959336e-16
1.5948595274281772e-25
2.9371988889757705e-13
3.455008896771192e-22
1.0933359596455822e-17
2.02742341016004e-21
1.9550890632175872e-25
2.154929448386938e-16
0.032606467604637146
1.0214666672143974e-28
6.71078893566427e-12
5.816125212464157e-17
8.569645189597768e-16
6.073137968183769e-17
1.1263017384934925e-17
0.2585861086845398
4.387068625175499e-12
0.03672552481293678
4.91829947830421e-13
5.996916527542465e-13
0.09704325348138809
1.606611275278721e-08
8.87196244601663e-09
1.2561749105565043e-16
5.259935617083275e-12
3.6315766503427855e-07
4.664923378714332e-14
0.007872305810451508
1.544706758822852e-24
4.054848265780302e-11
7.31972044810293e-15
6.178580617791973e-20
5.7721557100811716e-27
1.8058397379874124e-13
0.06012425869334237
2.856254136507533e-13
1.829534381844291e-23
3.676919194984222e-13
1.1180794248094533e-13
2.5760884748818272e-17
1.4213923570940657e-09
7.156109403662568e-18
3.5861619622426916e-08
1.5777326589296444e-16
1.9205132169528705e-15
3.4767277407370136e-16
3.470673045424667e-10
3.811659505601758e-17
4.180299996516213e-14
6.043063996856092e-29
3.18169136790173e-17
4.73717151622944e-16
6.872583910887403e-11
0.1297927051782608
5.291343321035436e-15
1.4505288787405558e-18
1.4801666695114047e-22
1.8870792182726995e-09
4.997300318251262e-07
4.223266032304032e-18
2.6207778613193538e-20
0.06012425869334237
1.2698929039672935e-44
3.1645189011490653e-25
0.04298638924956322
4.33379326096735e-19
1.2446335712209072e-18
7.463067498613227e-08
1.1889036431774748e-14
2.850775992370218e-14
4.252097636079808e-14
5.112832154926072e-09
2.6043999023862176e-14
7.667089182153445e-14
2.2132301234949735e-15
1.3597415799276796e-16
6.4804214125892244e-12
4.060005711286812e-09
4.746269886223653e-11
9.231054902068103e-17
1.7268752062773817e-16
5.1088526308689374e-17
4.851678725361973e-23
1.4551824571356014e-14
2.129875776596504e-17
1.2250897375647013e-07
3.2099272294825153e-14
5.2081852625775776e-14
8.080000282830337e-10
0.005701871830830374
3.717614138001503e-11
8.976281529275546e-14
6.371312402289607e-16
7.339690958795211e-14
1.1978864085002557e-07
4.9611917299714383e-14
0.2585861086845398
9.86658239924276e-37
7.314850996251721e-07
0.07659176737070084
6.223327930309642e-17
5.944708494742119e-20
7.42819529839585e-16
6.259093156907791e-13
1.5539310307904758e-21
1.1032631954020048e-10
3.132620814686743e-09
1.325638138763863e-12
3.8577362201252e-20
1.1054682192797104e-15
2.3628255588253403e-11
2.3949762284394966e-48
0.006933795753866434
2.5773450688447803e-11
3.8458867936673356e-20
5.770426454136418e-13
0.016673048958182335
8.264318394084439e-20
2.4218202713302436e-25
6.979451672950598e-15
1.448048166383721e-15
3.609808434197462e-13
0.016673048958182335
3.790516291802388e-20
1.5119412416694967e-05
0.19542951881885529
1.8546104833718658e-11
3.89641991973983e-09
1.4133760307180596e-16
6.781777165173352e-17
1.363379366092311e-13
1.5252035101573252e-21
6.957145616721957e-29
0.013601117813981656
7.295843815771646e-21
2.010267865467795e-18
2.7342813724638004e-17
1.2818257218788025e-12
0.2585861086845398
5.1109581321250634e-08
7.697683878891541e-18
1.860866665417024e-15
3.0267171316062365e-24
4.91813384449987e-16
0.013601117813981656
7.75421408589944e-12
2.0736469916721124e-12
9.41946026006007e-19
7.271501298944741e-19
4.6154223995360285e-20
1.7991568746507042e-15
3.0601781496846918e-15
2.3552084545993924e-14
1.6360868063848478e-23
1.897799323793756e-14
1.378870832702433e-13
5.08606170903293e-22
3.200269902590978e-16
0.010737551376223564
8.04851927523735e-14
2.081092725662272e-09
5.254995370784636e-19
1.3619747468168695e-13
1.7345414008815084e-14
1.9309237878776453e-12
1.969215186036316e-17
2.2340639363114003e-22
5.005161168030488e-17
1.3996545883852647e-08
0.19542951881885529
6.355409788470637e-12
5.7567814642998855e-22
2.9328381038635644e-09
3.7832520998830215e-38
7.279590391392892e-20
4.9769440115653954e-26
7.067906234404013e-25
1.6106445863832496e-16
1.9210283126398586e-20
0.00730547631250511
3.0023908734758396e-13
1.844157618952064e-18
4.690418043329199e-15
1.0154256730718836e-16
0.034191735088825226
1.7670588659063311e-16
2.9142116139582787e-12
1.483900985389297e-13
2.504839892531542e-11
2.530337062253424e-10
6.121752487333537e-17
1.0275423685768402e-16
7.580450032190092e-18
0.0003581578873392711
9.464874954454201e-05
3.205188930022974e-06
2.454504457862619e-11
1.9814758843787063e-10
3.0601781496846918e-15
1.5924250602208145e-17
3.0387052778315035e-18
3.622387429251287e-08
7.229997158157667e-13
1.053967749205114e-27
6.529923474718852e-11
2.7876033319962784e-17
1.0208005071458034e-31
1.0611313538526129e-23
4.624398310196281e-13
1.2983988098498827e-07
8.87814308775606e-19
6.046489939897498e-19
6.542036748325037e-11
2.3732742688083436e-19
1.5378665703593612e-16
8.0414778912318e-14
7.902728449568393e-26
5.9992263741259766e-05
0.010737551376223564
3.203399220866001e-14
1.4015158846499944e-17
1.2448259076664752e-14
3.292075003950867e-17
3.0177736894631706e-13
5.539215356227403e-22
5.849480920298051e-09
6.570678013575245e-28
1.0934038961250425e-20
3.987394648773256e-24
0.05502593517303467
2.3987883153821336e-09
1.2151693870516961e-14
2.0993994087526737e-09
3.462678348026596e-14
1.4781809730169664e-12
6.424141339020364e-09
3.814073720090889e-10
2.19423341380884e-20
0.019955502132540787
4.145809713907063e-10
2.0139817140620994e-29
4.787132226886233e-14
1.3320206681525836e-21
1.1610817746191506e-10
2.8196199940009345e-14
3.4141512686005296e-10
0.2585861086845398
8.217089557999822e-16
3.4155714261340335e-28
0.016673048958182335
0.0003452092969502906
2.343159917498024e-20
1.2658961766133802e-13
0.15763293206691742
4.3029389627910007e-17
3.603533148173168e-23
5.398176801347827e-42
1.363379366092311e-13
5.928312173631363e-20
3.136982822276799e-14
7.697702095520354e-08
1.2198637528030343e-08
1.0634265297550916e-13
8.823387513117338e-15
1.871065628901381e-15
1.1843617800958253e-16
4.771997032951064e-17
3.441624628388749e-13
3.0513300934465236e-12
0.031318798661231995
2.659360222386457e-28
3.099712116881447e-18
6.241185819792397e-25
7.557607172260743e-15
8.495013299121726e-24
5.02793245974587e-18
7.424186211374181e-10
2.939330574910649e-10
1.2351823939313235e-26
1.9824209892693022e-23
1.8160291236267632e-13
2.2446633228142754e-16
6.861560937422136e-18
4.840481323529137e-18
8.105915331161446e-25
2.0088260379415382e-10
0.00024319482351175745
0.06171536073088646
2.970103983309848e-17
7.158822710673228e-21
2.610960989286811e-22
6.313277651217504e-22
8.646419401793391e-20
5.1182544465479146e-17
0.2585861086845398
9.158301386445704e-18
1.0980681317444813e-19
3.317452556943426e-19
1.4927314911113572e-10
1.0242420061821116e-19
3.820626803321685e-15
2.1336564602143527e-33
1.002455663698155e-12
2.6039735026777474e-27
9.869241909234403e-25
6.426693974803443e-17
9.852486441327203e-28
5.527559820552877e-28
5.36173043573533e-15
2.493400974418491e-13
2.1780219639332973e-17
5.984084386578026e-18
9.134171175788745e-11
6.111318500263005e-19
6.415165264609007e-17
3.2859243686183666e-18
6.604865694699773e-08
1.1545364333526885e-17
1.4244357717670588e-11
3.218013455944676e-16
3.5383726578593115e-09
2.058965123560266e-13
9.858390250541402e-32
4.797006039172425e-15
1.5944456227763573e-22
6.570703589788818e-20
3.1351053404983797e-22
8.288588152960769e-19
0.1119036003947258
8.259582054157556e-15
2.0921854620753846e-18
0.03073200024664402
5.1659256326753475e-15
4.7039881872662544e-06
3.225186830955249e-06
2.7459587253900533e-05
5.309782686604313e-09
3.465003627056794e-11
8.297066918808154e-15
6.541594572715162e-16
0.1310972273349762
8.434743132153832e-20
3.234823933825756e-22
2.9959121846128535e-18
1.4213923570940657e-09
1.7321337511690036e-14
1.8593743756216654e-19
4.10532261175295e-15
1.7876365584443357e-31
4.922679294699956e-11
1.7416570767788328e-17
7.056483393069807e-13
0.0017648501209706347
0.009728836826980114
1.2571626175227315e-17
4.0860094143959725e-16
2.585940267018571e-21
5.200697235266229e-13
2.095557878692989e-10
9.938456672537295e-14
3.2696012457014905e-05
1.6431607145214967e-14
9.348180167533733e-13
1.8434115091558906e-22
2.3959260821266415e-24
9.93626043133485e-26
3.9638722271521804e-08
4.7384425719578707e-17
9.779474970639095e-09
6.253972450871827e-16
7.256562983430703e-17
1.369063856058428e-13
2.191618193058481e-07
2.98448805364244e-10
1.7339186985272359e-22
9.166517288540816e-29
2.3283244892476518e-12
1.0910512642872546e-12
3.9231886809427235e-15
1.138627097548765e-09
1.700406114512567e-17
4.412455476923423e-27
4.192138368179949e-09
1.3858391094244614e-17
3.514867969368808e-10
2.805750227463106e-16
0.06012425869334237
3.886686120531635e-18
2.955831615612446e-19
7.871015416547082e-14
1.5256400906837065e-12
4.1321381409085003e-10
5.708486841410641e-14
1.760893370921441e-11
7.193785094839959e-16
4.911042207885248e-11
4.882495417665424e-21
7.456118095388666e-17
5.020780397082233e-11
1.4847527284648173e-09
7.87437453149343e-09
9.56899698996938e-06
1.8955561449624033e-13
1.0969522374025125e-17
0.2585861086845398
2.9522909483479793e-19
1.1062030681217599e-11
5.383441229841514e-10
2.674620939670156e-17
4.522774819270528e-09
6.2083441314974505e-24
0.00804927572607994
5.60749303420021e-17
0.0009923964287346654
1.1164512945878449e-11
7.887106895158277e-15
1.3838478615948858e-16
1.195154062111838e-13
1.4041535519286295e-15
1.2571626175227315e-17
1.6856821822066688e-16
3.596811582520527e-13
1.1188942247458314e-23
1.2569150988760707e-11
3.72505430927335e-13
9.054900295116668e-17
6.51723063042012e-17
2.0250136730605426e-10
0.00712263910099864
1.2712464303166926e-20
5.856232335712403e-14
3.1186985216291125e-18
1.4725712613597336e-16
4.974963883982624e-12
2.044833934043146e-24
3.008060607100897e-15
6.449295315372527e-15
1.205254746526585e-07
6.306155946101379e-22
1.940179900737494e-20
0.06171536073088646
3.622387429251287e-08
9.294921798622896e-18
4.2921863158699276e-14
1.039238996786036e-15
5.787242944278298e-13
7.031679135855275e-15
8.898660201071939e-20
3.8064501412068698e-22
3.1826538763431592e-19
0.19102585315704346
2.941542466045244e-22
1.566725486722456e-18
9.294921798622896e-18
4.2190144533004655e-18
1.636380416526011e-17
9.275119646746107e-19
9.072337935316186e-11
0.05617520801993692
9.388696680256609e-17
4.223722568855305e-21
9.294921798622896e-18
1.8705468095956656e-15
3.807917134858095e-14
0.0034440494618177553
2.547907600310946e-18
1.2589349728589016e-16
1.831878946479044e-24
7.255498847753191e-16
1.0772310260581675e-07
0.016673048958182335
5.017543878317335e-22
3.582833374035237e-17
4.0890641367714283e-32
4.424186077714971e-21
0.06012425869334237
2.4995810073648857e-05
8.374867043393797e-09
1.711145069129457e-17
6.3868734943673775e-15
3.7354249594336065e-27
4.726152850159874e-09
5.743597277608974e-15
0.1310972273349762
5.269761047345479e-23
1.207349263395119e-12
1.3081175179077195e-07
1.9270624245781842e-20
1.2354622761167187e-20
5.8012231042436e-20
4.282538789373431e-18
1.1342523008034054e-14
6.477318509813493e-17
5.605385410312603e-13
5.614568477642024e-08
5.328075570874051e-16
4.738341586558853e-12
4.0910882368785905e-21
1.0191848147309546e-18
8.421784731215858e-21
6.882370332702596e-12
2.653792897722172e-12
1.0021037049761577e-21
9.604794716071613e-21
1.3934827832493214e-13
6.0045336273418606e-18
5.814146064486874e-22
8.852139452985035e-13
2.762501112827383e-20
1.5594257671321162e-15
3.1891782721040788e-15
8.80303707592102e-23
1.975285630785246e-32
2.8446827511697183e-16
2.740933820306081e-12
1.4785124155455565e-17
9.730313828991262e-12
4.679781258648498e-24
8.208633339013072e-12
