2.876031532492366e-12
8.445018815734416e-09
1.883232782651867e-11
4.802493088279752e-05
6.190668552655791e-05
4.604463438883987e-10
4.5289115566347514e-05
7.920645621024879e-10
1.3215112941270692e-16
1.827362529456712e-26
2.6023673019521595e-10
3.4190954488974793e-07
1.002817617441427e-09
0.0037830597465644544
1.7893260846003388e-06
7.478223108439802e-09
1.813509395726502e-15
3.3109335852810756e-05
0.0003992924125089027
2.8026412837271497e-07
2.5251651623189198e-33
1.1132567404118982e-23
0.001221707330640337
9.716260601818228e-05
1.6820936009162645e-05
3.552584923017895e-08
8.889217085920357e-42
1.596882243754438e-11
4.139087706254693e-05
6.985435362576729e-23
1.1151914017916566e-26
0.0015895803758417537
5.422103907626005e-30
5.059485338916971e-06
5.878716117163303e-08
1.5797681580968434e-05
4.733911276451723e-07
5.891135057379603e-09
1.4172283177892079e-05
0.002237532806662057
1.6365081869821723e-05
2.712712319878507e-10
8.046843034846258e-08
2.7617516140121447e-05
2.619066661873835e-07
1.6979242148432386e-25
9.788989456478331e-25
5.261084785211042e-08
6.7183409193708305e-25
4.291507874720302e-06
0.0013087775903319332
6.058430176953919e-07
1.597840012954546e-30
8.996627837178984e-14
1.0396780329728389e-07
4.853912255563925e-06
6.154019266347772e-06
0.0023917930502694307
9.66848820714311e-08
4.4893817869385686e-08
0.008806107608943792
4.550479943410113e-12
0.00017609591704968904
1.2275523677641097e-06
7.925757487297618e-05
7.195053149517053e-09
1.8718926899083724e-06
8.66695412062109e-45
4.380286724260583e-06
5.427717787779109e-34
9.885760299857563e-06
1.831257267747725e-08
2.6688709985721066e-05
0.0007116563271512763
0.06012425869334237
1.604217977883559e-09
0.00037292711841066685
0.001067549543852353
0.00022639252638935684
0.00010243312593461061
0.0020213033462231494
2.5492636076230193e-32
0.0007889149595725481
0.00017541141551351153
2.48190459098166e-20
5.9325931861311394e-24
7.495694635357609e-08
1.2344426971206732e-06
1.7380650975080248e-24
1.3765800258845398e-10
0.017060254682800258
5.315813230918317e-18
0.0005627256903651887
1.1557003047627627e-07
4.68222886588949e-10
8.355119883548027e-12
1.8317015539160803e-05
0.016339289235962173
0.003063563751179346
0.003607277436841222
0.0006831662685564978
1.4654419268434362e-07
1.1518177649568634e-20
9.015081640022455e-05
0.0002470235815721459
5.858497214258054e-06
2.519314702150077e-06
0.0009466046373193982
5.32747095253027e-05
2.293686166187389e-05
0.0012060807028990777
8.220724409616046e-07
0.0018676533561509667
2.978206704747982e-16
5.8780779712038e-06
2.3136755339393015e-07
0.030568678645682964
5.134299480141283e-27
0.002861561526803974
0.00025810769871289113
4.8732296000562414e-08
2.702902665224667e-36
0.0004337021567394295
9.75335326521755e-05
2.6873992969925885e-11
1.949238103122795e-06
0.0064500059046005975
9.56717879313087e-05
4.1603322555756886e-05
3.105045173286148e-22
5.587777850494481e-07
0.07202194195948423
2.8301898136312443e-06
3.030119931824264e-06
2.631339547333888e-06
0.0009661662884968975
2.1454196698590836e-06
0.001571063346415963
0.00040180339845816534
1.219717455656594e-20
6.898827988408654e-10
0.00013976183947809226
2.240216841801947e-06
0.0001878859609529035
5.145294338512243e-05
1.4559018353935516e-30
3.3322052893005417e-07
0.0014756518285533732
2.4421014134546384e-30
0.00010048773153042631
0.00010689310854418062
5.860571006879044e-13
9.664930200513865e-05
3.38397576929272e-07
8.932285212870691e-07
1.642588386255374e-05
1.499577986947693e-08
1.0573483985215392e-06
4.951444893814116e-06
1.0176185776085352e-09
4.139892658263632e-09
1.8355603102888724e-32
2.2311063666626032e-05
1.4548629157596541e-15
6.872125901741986e-08
8.921553558897243e-07
3.0275157382063667e-05
2.290850785301554e-11
8.70004388183797e-10
0.0014584622279175674
0.0008293378569797495
1.5128244230256092e-05
4.741966333172921e-07
6.890032051301701e-07
3.4073634842417613e-06
3.930480514533712e-06
0.020646273861137487
2.2481724328848277e-32
0.00022034621812945
0.0018634330035296265
1.4735086578529814e-05
1.7270027630780551e-15
6.283553561372866e-09
2.5423617682621845e-06
2.4292353231685734e-06
0.004819616882989042
0.003903241497299592
2.2184430662838517e-11
0.0018011663134794437
5.008060546677384e-06
2.38076096649046e-07
8.125679963015711e-09
1.8664660292024985e-54
1.9603489206121308e-11
2.0263618766789835e-34
4.0412545719131416e-06
0.004289144910725989
0.0009271326230219229
0.00031573406409850544
7.194782172377126e-08
0.0006925339155407217
1.7618061927957967e-11
1.471714485568616e-13
0.012357857974981734
1.234288932689405e-05
0.00014562059887586465
0.0039057223505319927
6.692468905144784e-06
0.0004992612952249505
1.147253065699655e-40
0.0009466486822057377
0.0057421885904618275
5.4189857312880896e-05
0.006675635241455036
0.0002085134799513777
2.9268632175420475e-06
2.433305718628395e-20
0.001499386166161562
6.204668466546886e-06
0.010893611771725098
2.5166633400291617e-05
4.930205943805985e-39
2.0805455913523488e-10
0.0023585135062806793
3.7993700354346995e-20
2.78548857777839e-09
0.0006016603741344807
4.148809454900965e-25
1.2220984134353556e-06
0.0005116553801493007
0.0028052253433414956
0.0004592480944939706
3.5744628046418395e-13
1.0711683981038648e-08
0.0008071792447539028
1.3044443232274046e-08
2.1979687275217627e-09
4.602408244055996e-30
3.9072079057012745e-06
2.629607923669648e-09
0.00037723091632423566
1.7270667943520932e-30
0.0004898412333824486
9.367491269118046e-07
0.008595570063089142
1.1135150565126574e-06
2.632576943402235e-07
0.006040989021106613
7.589233310459403e-29
1.3741148511287e-05
6.550015441289081e-07
2.468035682927523e-10
0.0001183614978673077
0.0068764342309277976
1.6012390751441454e-18
0.00047480208243775093
3.362960206383166e-07
8.95185678128014e-06
7.188045249721645e-07
0.0013168115421286724
0.045417513145800115
8.782804076816782e-06
2.075665697640145e-08
1.8168637090125937e-21
0.0054934369349718196
0.0005753786994836321
2.2676672911072328e-07
1.2283017181467657e-05
1.9388013255648307e-14
3.756986244832737e-05
3.9221229742010744e-05
1.0822319285953671e-05
3.3781757662511994e-07
0.0011219082539764905
0.0019417800361765103
4.344646423001005e-06
0.00022973745583837203
8.811416558387725e-07
1.6105055945546796e-11
2.5767103778544125e-12
0.01093973684170551
0.018867955571153436
3.217487427724924e-05
2.6803443743360257e-07
0.0005781060038680813
8.947152564174021e-06
5.895392226272994e-05
1.0214632444704377e-14
3.3062569335798676e-05
2.033261673589031e-12
0.00118249391171317
1.2378353713824655e-09
5.97488480068303e-05
2.107428948444528e-36
6.253097768676846e-17
0.002457558948908034
6.4882553920878085e-28
6.872025943489452e-27
0.015051693375886188
0.11715275513060001
2.2688456591706244e-23
0.0003088906142893666
2.1400846230976737e-08
5.01124387839022e-07
3.3577907639186985e-16
1.3600996924527691e-09
2.316150816988536e-09
4.810855011275398e-07
0.0008564021454057748
0.0013033271948947878
7.886254189641353e-28
1.3195113124383718e-31
0.002018692151009525
0.00023073545245061897
1.361250369603859e-07
1.5434570456658124e-06
1.3263324313997135e-08
0.00689465113426424
5.0306373118908304e-05
1.228094952245886e-21
1.7512211365942535e-20
0.0020976656657813453
8.233797238354766e-06
0.009057498746126713
4.4219716295924984e-05
0.0011487255717311873
0.0012034524361281967
2.619710133924613e-06
1.7485595327096574e-08
0.00050401275203742
0.004999216554204752
2.5044098094502545e-05
0.00014959074622340578
4.190214265719652e-26
5.013263794182098e-06
3.190066680865416e-17
0.0008272910511959268
8.781809353236613e-08
1.0654750629913595e-05
1.0819419458192251e-07
0.001504751453562471
4.370482306936321e-23
5.220591078866767e-07
1.2994528853874418e-41
0.010440530623251287
0.00022076864322844586
0.003014383934950668
2.663145271913001e-07
5.843574459578074e-06
1.3493621242139586e-18
0.0003762040785637932
1.109987118653741e-08
1.0929088917087957e-08
3.942780977454073e-49
2.7865364418270843e-06
3.3438249447444777e-07
3.217204163068456e-08
5.460939110614015e-09
4.827723567412713e-05
1.3810911529841287e-06
0.009430211068852223
2.319131305291846e-05
6.955939390298465e-09
3.6685607466915615e-09
3.617120057454459e-05
1.4330076008006856e-34
0.00042143519492091053
6.900764397154445e-20
7.036245341839338e-06
0.00018513524603383513
7.488844811084206e-14
0.00093264357669239
0.00032628807627678186
9.41869986732524e-07
1.595992809997452e-10
0.00023774805786492637
3.0686609608858403e-09
0.0007212410331848551
0.008306421988036605
0.06490673903029634
3.374965760276657e-50
0.0009838633784765571
3.305859233464023e-24
0.0009540395885855243
0.00909035389396251
1.0283210481698581e-07
1.713221137102237e-08
2.7198282192356338e-43
3.5348475723489614e-08
0.00021593176973011284
0.127987331781223
4.0386248710081544e-07
2.8785058179874735e-34
1.599818404245994e-05
1.0665069664452469e-05
1.594560642827e-05
4.9433320239598985e-05
3.064238993661997e-43
0.006752408387331599
0.006665545378810478
4.163838035388659e-08
8.112004744081324e-05
0.00013994437460036063
2.048816127676982e-06
0.00027431188119407535
9.324227691385318e-05
4.869089270014845e-06
0.003449949477321579
0.00017521531820301642
8.484370389663703e-11
5.998350602899271e-07
2.4322409290451915e-24
7.492419496723276e-07
0.0018018784961337307
3.901890032667898e-07
4.988489439511074e-06
0.0005365893131677006
0.09355043468274582
1.0799020611678646e-11
1.581038919025792e-23
0.0012366233218369244
9.042294707772176e-07
2.1286817020853284e-05
4.764684966440413e-39
0.0035863508527757687
4.523618044566562e-08
3.497850181212406e-07
4.806064228360214e-18
1.2214685711946032e-47
1.5481809453162563e-06
0.00045457079124835276
6.916867016971614e-07
3.363434630565846e-05
6.258480310099024e-27
1.0378390962318245e-26
9.739145788579431e-11
4.9016266598319154e-17
1.4145782518348468e-17
0.00021619171633524293
1.1425447805742575e-10
2.104404246159255e-06
0.00036449952847061873
0.004745736951990209
2.8478106404366404e-40
0.00020995937418699824
7.117404720764814e-06
4.247028963678711e-07
1.4689930445474453e-08
6.244089301965143e-07
4.278854212017177e-32
1.0847065860829612e-12
3.8687805685298904e-10
2.576250808882171e-19
1.0084196224683264e-13
0.0029676566996068576
2.500850620145775e-09
2.784466049284284e-07
0.0035127700532634476
3.722960853858281e-05
0.006994058905120837
0.006997634859012375
6.319230875432873e-25
9.332039635082855e-07
9.073315269814244e-24
8.226702017033015e-06
2.2560205635322986e-06
3.0162381509414976e-06
0.0004629710910319246
4.4832118547033826e-24
0.0003516758140156215
1.965330703205159e-06
8.899137049681075e-05
2.4365668829717146e-15
1.1557961928655865e-08
2.6367209533736684e-09
0.0003206475081311901
1.1286044835166758e-06
0.038880999143664496
0.003701814475612769
1.7190211712973284e-05
0.01525224933074032
6.280829349392595e-10
7.523642777751795e-36
4.110056188353254e-11
0.08566363291296675
4.898424268929577e-10
0.0014550046839682806
2.625299757791454e-11
3.0639696141223404e-05
4.30633643182546e-07
3.063976370871677e-33
0.0001424110103999905
1.4449231758149482e-06
1.3590605136239338e-06
3.069490339614358e-16
0.021270014945446114
1.629739300935094e-06
0.0026926649072376296
7.599529980257408e-08
8.582169752753122e-12
4.0102392010563857e-22
0.0034937935629500705
0.0002404983187046239
0.00024066832048667133
1.4847156685061987e-25
1.6907286445191043e-06
1.3100820709609749e-05
0.00010006969945317197
6.874572873130842e-29
0.0001239362544404573
1.67202403421577e-05
0.005716392604157294
1.5566519134656126e-10
3.544728962432557e-07
0.004408653074566837
0.009431068023960432
8.593734200641907e-06
0.0011983091651778799
0.0002898317047297972
1.1929608766523884e-06
1.2809031600895525e-08
6.106592223367214e-07
3.7742398184435637e-07
0.032145431672537
7.88497609080008e-05
3.800088322295234e-09
0.0040291126723071835
0.012735332803147537
3.835830753731008e-06
4.521289806952788e-09
1.490865124540622e-12
4.9927699948870306e-36
2.9436457965957772e-08
3.4042882765558335e-05
7.714629265738363e-13
2.1477539705498316e-06
6.109838192896152e-08
6.714727127087805e-07
0.0001720762639964495
0.0030478083294999125
4.1526123154881186e-05
0.001839806459408025
3.385071400321183e-06
1.3170991247801449e-12
1.352556345416629e-05
1.8925905794172748e-07
5.4265661580481265e-11
3.3416119303189924e-06
2.0560080333598876e-08
2.3059497104065133e-05
1.4185430660344922e-06
0.11537563477554638
0.06012425869334237
8.811176362724143e-08
2.3027670126138707e-17
1.6806665416702947e-10
1.0921865926995296e-09
5.691971062550739e-19
7.119997024153057e-14
1.9468576590039045e-09
4.472958841102723e-05
3.971118700004546e-19
8.314017299628895e-06
7.751306375354991e-25
1.783139087944046e-06
2.7852119903106328e-08
7.176664044731552e-08
1.9470959219357754e-05
3.044779716675791e-06
3.993059318580275e-18
1.657740903390951e-08
2.8012717907427602e-36
0.0149472818717638
1.4820153626456642e-05
3.794609710928304e-12
4.419256342418421e-24
9.528738219083992e-06
2.0597015819210583e-22
0.0006583013597376633
1.4653393527149712e-07
1.2890808544494217e-05
1.9483828097758224e-07
0.0753552290378452
1.0550317654787031e-08
9.159754534863936e-20
1.3252197635280677e-05
2.62767820970071e-26
0.002503578802973583
1.2054736309251136e-05
0.0029683126208445154
0.005669079719809074
1.7479372595155302e-15
1.4809524637221548e-06
7.964268415684579e-08
6.148698522041181e-10
5.232355455894631e-06
1.6967013781352854e-07
1.248643649637654e-08
2.5709915743537526e-24
2.1032886852713963e-06
5.329449690774241e-06
0.00028958620721325837
0.0016197309611025446
1.960177055546355e-05
3.0125529962586253e-09
7.1337108803149105e-09
4.468450603807149e-22
4.923276181080794e-08
7.754453324675033e-06
4.2079703799548264e-11
1.2314814886144245e-06
5.963402655239665e-06
3.170556414078702e-36
9.264096404440647e-06
0.0012732051547434398
0.0001166933660798965
5.802292577083594e-44
6.911571555469602e-08
0.00590114370420175
2.9656264167978283e-08
1.4261630079794252e-06
8.255825751715809e-05
8.859449529468418e-09
5.6823284469429405e-11
3.9618905208091986e-15
4.8588826949233885e-05
0.007078262827239001
0.001120783484110384
2.4410774818775672e-14
2.3285878807552396e-05
1.9294832276301258e-05
0.00019026367216489523
0.00495323723713581
0.00047726970637373967
0.0005619148000712212
6.396591251637316e-27
0.00011787352009562506
0.00010453491473661359
0.0031255905540753803
1.6899994797181665e-21
7.176310462003547e-21
0.0031309606268145767
2.2807190484928537e-07
0.008891331201315134
3.251909783655133e-26
0.0005373950477888852
1.1856737390669867e-07
2.799406993481265e-32
1.003612908084316e-09
6.685616207925853e-06
2.4586695787484513e-06
0.003729877812277599
0.00868901990433768
0.004134197783678406
7.931990319300456e-09
9.618993248550894e-05
0.00011470207342693627
0.00039640921914340114
0.0074009493513766955
8.29326530218096e-10
7.807599353725019e-10
0.0005382490292968339
1.047991549429817e-06
0.0005260430908805638
2.2930278927859816e-11
4.526352413648813e-21
0.00034384770835381787
0.0007851182819747053
5.938050981116053e-06
0.0014462013397213702
4.003354246912374e-11
1.0657693447120142e-06
0.006728661133591218
5.106799796456253e-07
0.07250678580771996
3.4379815273775555e-29
3.238806387094514e-17
0.00019923500357157432
0.00023944043982719788
1.5194057168973663e-19
0.0003293946340879851
3.0573622645312223e-06
0.000112986425775194
5.3740244179682215e-05
2.4652513602118717e-18
5.231539503729099e-09
8.913044571090232e-08
1.2791831190161743e-08
5.056806765031463e-07
5.0691124331898757e-08
5.808491552210382e-06
6.266737152060605e-30
1.9442602312589478e-17
1.0118832447001786e-19
0.00013375692367679007
0.05219104899283855
1.658414691793316e-16
1.7821741881003977e-15
1.9082414919684247e-14
8.578576717083762e-06
2.9604365488280387e-06
6.794279953764707e-08
0.0057834343339701055
0.0002805438149121875
0.0007346707310414424
3.3765464200486947e-06
1.0218123948871994e-08
5.988153602299195e-07
2.7658540200870154e-33
1.6595908564102926e-05
9.27503913618645e-19
0.007651720635767134
0.0024881560748041265
3.8634590444107164e-05
1.5514485002512768e-05
1.3903780389110298e-11
0.024328950370906988
0.0003685088262483458
8.743903968787585e-41
1.1524982094894859e-07
6.904665799839991e-05
5.965161494806623e-06
2.3713122923274225e-05
4.546184453178207e-15
0.008086014946998954
1.1938305028030144e-05
9.732778018308689e-05
4.779035923367864e-06
2.3237373676528777e-30
0.0012269175102741087
6.910239776237659e-10
0.005671310890831283
1.663784540632666e-05
2.1559424326539594e-07
9.947961601173533e-09
4.459109560926425e-07
5.907354894664699e-07
4.511624543926027e-05
0.004568198381820515
8.89625273002742e-06
0.000554220741831233
2.1544938267969078e-06
7.979053121256424e-21
3.717504949726171e-09
6.850135294592172e-05
0.014389016472810934
1.9581973575896403e-05
2.696478925280729e-06
2.1238713018220725e-08
1.891634775824701e-05
0.0013707250073774354
9.527350362711621e-20
9.300097581589357e-05
0.014575853636869418
3.654592123817059e-32
0.0008025644392653557
9.162360974375804e-11
1.780211677787185e-05
1.3827669367385872e-05
4.738801099675245e-22
0.00015179953073718918
2.1347128936212205e-06
0.00594094609837309
0.00021827479149575725
0.00018970669845838617
0.00010487173625535657
3.849953538201322e-08
6.934210400393777e-24
3.0313200517600174e-08
0.0019042414669572794
0.09053707787237969
1.4401370390456356e-06
1.0744963272947704e-17
2.262095835769816e-11
5.255529803691814e-29
0.0007697796702411872
6.100362024806364e-29
0.0026545973042016724
6.077621631369843e-05
8.005357989053404e-37
0.00011840731091533515
0.008588913559934066
1.1951753595342674e-06
0.03802655334705207
0.0009380439732344925
0.00789044549588902
6.7588316497280455e-06
0.005753944027330013
0.0029301413108243895
0.006823662307655576
0.001927433888272434
8.702952968414218e-05
0.0027811604618302806
1.4816262964972671e-10
1.548845864654238e-05
9.911985721465857e-05
0.00011427883046318726
1.0710195216813282e-30
3.281525837171763e-11
8.494733090720822e-07
0.00796882869879223
0.0006858831582902299
1.7364465431027204e-26
4.797108612331415e-05
8.73989720010907e-19
5.7886759653104944e-06
3.123245151622305e-28
3.1523102059792314e-06
0.0001379475839235287
9.983861097347157e-06
1.8699476340849074e-05
1.984011779244011e-06
1.0399302169939221e-06
0.028524954199810847
0.0002090760558620952
1.2149929595661132e-08
3.1164931907594436e-06
4.623558092423404e-08
5.477480812775935e-45
0.007963163857843403
0.0001026641467817455
2.433506372134244e-06
0.006734810693583115
0.00013507239619431788
1.7842140982788814e-05
2.152149110714815e-06
0.0007762490406836714
0.005002344377856128
0.000538075864625117
6.458311585198443e-12
0.004083659976864273
1.959189739587102e-07
0.000795317059249794
3.442494744759727e-37
7.796617937624526e-07
0.005850687162875345
2.4244078814836194e-07
4.608431641250849e-19
9.0738978031376e-14
0.005529211470207506
3.315524976185413e-06
3.695399693622722e-10
4.382443376356113e-06
6.173601868512049e-12
1.0229609721881043e-10
1.0812398187370374e-12
2.8631791853909188e-08
0.005795229817872283
0.022082264875109003
1.9409512297822388e-16
5.575140898603116e-08
1.0300794336965265e-08
0.0001205426475140559
1.1794353218306817e-07
3.130146325079598e-21
1.4867588399762143e-05
0.0002588940543064074
0.012300611112543658
0.004939819776931703
0.00016538243688791888
0.000984538528815286
0.10683405117837408
6.756698470820141e-06
1.1820085828007946e-06
4.920949448744646e-32
7.135360825720934e-07
3.0405359953593346e-26
1.736630824289944e-32
0.0005617308076350525
1.4389734685665772e-08
3.766781642098465e-10
1.272901586000244e-34
2.9207754585364006e-11
0.011282547074527027
1.2220984134353556e-06
6.316726912360023e-12
0.00010334942666597786
0.0007380374574654028
0.00013860290071099172
0.005047868135854172
0.006566123254408529
0.03759809249443302
4.5624599379438086e-05
3.639870269422293e-18
2.2719544126819409e-07
1.278948400836852e-06
1.8450802091785516e-14
4.83865343235971e-31
1.4647678424390414e-18
2.1791920441573994e-08
8.312528629845846e-07
1.1508074814763034e-27
4.8464601983224034e-05
1.7740839714878214e-18
0.0009186054968284701
0.08023113359564475
7.078726466433136e-06
2.2647766321074845e-06
1.8903376412718992e-08
0.00024868667732130513
7.746120335064341e-25
1.0100227781524199e-06
4.843602025268207e-09
3.1502151168039093e-26
0.00040545345027065416
0.0010308131055943026
0.0016908771982782206
1.2758901166192571e-31
1.7081710970552263e-07
3.173175014528633e-28
1.4932161186060723e-09
5.837824541135276e-05
5.701292500704188e-07
0.013275418943868633
7.056273986225139e-10
0.023301773218158007
0.00011242343122990849
1.2244304309246997e-08
3.0345681996286158e-05
1.6446052631526902e-36
2.5873744381980878e-08
1.7708328865676329e-07
1.0630896985654868e-11
0.0015032730887151288
4.818419742262739e-07
2.1536380492772295e-06
2.6986926222799523e-05
1.1300843807194493e-30
0.03650405646838924
5.5265847346674685e-05
0.00042784779399497944
2.1770812190798532e-27
3.077462193552458e-41
7.82314601852593e-07
1.2666163582961403e-09
2.2270453438759801e-13
0.0018550520763896683
0.00017219478566718932
4.4868907397297224e-07
0.001155995537139495
0.0057872053675205315
0.030375988771986107
0.00030851104378514654
6.90476022270327e-10
1.4119952807175987e-07
7.693887383223625e-08
2.839479943384168e-05
1.6471523582109972e-20
4.2878884053390035e-33
1.2892870201865103e-13
0.12112923850631194
7.803670900855713e-10
7.524564384241233e-05
0.00014561870795813892
4.032335581260529e-26
4.236944529313217e-08
3.4932225510488624e-12
0.00040301652801467893
0.0014143115453120608
3.997035410397377e-07
1.824988144198204e-06
6.413000633935649e-07
1.1805199499790315e-25
2.5742614326541298e-11
1.9527901814849756e-26
1.095336130630391e-22
5.036529574634592e-07
9.053029298255316e-05
0.0002559882850003987
2.6555282334790403e-05
0.00030281277227625983
2.8229714656560523e-08
1.9260797849265948e-06
0.002291313732614708
0.18241504420029742
2.576530187203377e-05
2.4863101824779893e-06
0.0013687578495533564
0.00715858075392056
0.0093175895280877
5.990059554470368e-09
1.6454075612660683e-22
7.375901281961936e-14
5.7079768216436e-06
6.244586566398966e-05
0.0003000642139174489
0.0010700810348239348
1.4500631225768802e-08
9.529812997303323e-09
1.198406580016223e-30
3.478948063054366e-11
3.1121698809134733e-24
9.343771389495702e-09
1.543174731958151e-07
1.0089355809337769e-09
8.016654764636614e-06
0.004104200389990709
5.455601913236622e-06
1.751731952584506e-05
1.4704579916829815e-05
0.0003672426472835222
3.904906208419351e-05
4.167928643175425e-11
3.166478699772508e-08
0.005396342013141153
1.8823056182080217e-19
0.0006342763478521457
1.5657397680391275e-05
3.3566404345670585e-10
2.8043150692015194e-08
0.00020894638268683364
4.250947716109078e-09
2.001765951007423e-07
1.215433032268472e-05
5.367909569613016e-31
2.3167118344212668e-05
2.833242639776243e-25
4.661316435924177e-06
2.25138516017178e-58
0.0003029290255888682
0.0001694685023902187
0.00017857227647135736
7.82801184677365e-07
1.1611540663408022e-07
0.00019524592623608607
6.805283547846579e-06
1.902664123047082e-32
3.7231592486042386e-09
0.0013870519711575505
5.246779085935789e-07
1.107958478872415e-25
5.42743358250093e-14
7.090930311404013e-15
0.0013297995335278465
2.5826879351413884e-32
1.539556571108034e-05
0.0006859720571822103
0.010826075122226386
2.1352250659807008e-10
8.447818486792532e-33
1.918029155374475e-05
3.943049333660666e-09
0.0033087228212764653
5.321471108475571e-22
3.0610326458665636e-06
5.127317760679422e-19
1.4385856215450688e-06
1.2372195282366766e-07
4.635140519997229e-16
3.482586467315067e-06
0.015537254975611647
3.546573444498666e-12
0.0022248084742679114
4.170560922946373e-21
1.4364759178427255e-08
3.0623048396810635e-05
4.6125752723907066e-05
0.004429408806801001
3.5055091516936064e-09
2.2265158384550733e-16
7.397057692164468e-08
1.4717006952147102e-07
5.0232577584804084e-05
7.911279849659137e-06
0.005179751023638157
2.5849739381991013e-14
0.0005528587991753056
4.944168769633368e-07
0.0018085776041751878
8.128501669921104e-05
1.019837805440121e-20
2.056641132389678e-34
0.00017870558095216005
0.0002524404118878049
9.9819691123856e-10
5.233327866312334e-64
9.374341317118393e-07
4.804971670697109e-09
8.76031896464291e-06
3.8299087665865394e-22
0.0014801969552680483
9.241398972047784e-11
0.00046897387390837375
0.011493506974086505
0.00014787801375523713
7.591124476000346e-06
2.6738525143881815e-06
0.0006144278980135115
3.0587901984166275e-05
1.4122792504433664e-28
0.0013937348353194393
0.001986593796587651
1.7555938764678315e-06
0.00023394900006253156
0.0006357461671414877
0.00014785937876369393
5.467495766360107e-12
8.428133167472821e-05
4.3664266522038437e-10
5.2884911704009126e-05
3.4940796398868584e-25
4.970299143053786e-31
0.0015279506364898054
9.820237356050003e-27
0.021391850882464314
0.023528088461670316
1.0684839851901402e-11
0.00013149546379901997
2.5062555577211495e-06
9.104355078400821e-30
5.626923893532678e-08
1.208268902956227e-05
1.658246139467813e-05
1.4951139647297001e-05
0.009261128131952567
1.3916638889816631e-05
1.6226592992292494e-21
6.515077457248338e-22
1.971917119008618e-08
8.105007229479002e-36
3.835458284250175e-05
0.0010873563651480206
2.195630766333405e-08
0.00032600449126531095
9.914972941163004e-08
0.0044782101582658
0.0002501359559932692
4.537939222456168e-08
8.639192135047927e-11
4.767081627534232e-06
1.1161365551808955e-12
0.04515503604016047
7.278572355109813e-06
1.5128203180383618e-17
2.0250261503912565e-07
1.786743770396766e-05
1.5371949417673954e-05
1.5771219249327063e-21
3.952913647723827e-11
0.011436926775803435
1.734045275673295e-25
0.08024986642892307
7.944645814652393e-05
0.0004337464065036437
3.5130324215128207e-06
0.2267129866758637
1.0851587659028734e-05
2.6094524306467243e-13
5.713109479085294e-26
3.825343707181099e-15
4.432625532147329e-43
1.1063581259843374e-09
8.516899781448213e-05
2.7479115776418016e-05
0.0012441824041894978
0.0007127654347440261
1.1454747299844852e-11
4.0623807309751335e-08
3.6782840884956753e-09
2.7664477594250025e-10
0.0007993752934563677
2.1794221196829874e-05
5.531133299457357e-06
0.00039138457742451304
5.395113696608516e-07
3.718912537983014e-13
0.0016255810008937444
1.2465448827708506e-06
0.0025305244083308454
2.6077445761527125e-13
0.0010795675772132874
8.678738462357162e-07
1.5309169389233346e-06
7.708795710510837e-11
0.008205584482405381
5.740108876031359e-27
5.468715292599792e-08
1.3077275020920893e-09
1.3141741488736437e-05
2.5240720676887357e-06
0.006909844962674161
5.017391563078346e-05
4.6628339111004897e-08
8.382191365832378e-34
0.0010782960682780285
2.102751188317931e-46
3.466299186546483e-06
3.920652713916612e-06
4.118514447510589e-07
0.0012663551746778245
1.3247654873136064e-05
1.093027770376265e-05
0.005723421178471855
2.236207636203066e-12
0.0004837117247772488
2.1106557015330123e-07
5.2313420654774914e-05
1.1876667786765518e-09
0.0001097718455553873
3.070308671835082e-10
1.0260924366365872e-05
1.6209258007445514e-05
8.24824716582544e-08
1.3705863849120933e-06
3.4519269089275086e-27
9.658623822928966e-05
0.0009986818484868099
5.4022887022364e-07
1.5296983380062416e-05
1.2940470248917085e-30
2.8334740581682e-06
0.00021089995432135595
3.0644700678496075e-10
0.00017037284230223928
0.0025797224427667755
1.4697294401421317e-06
0.18622762836829398
3.270795230177481e-05
1.242534965916582e-33
0.0016882953494316288
1.6718131951259785e-09
1.4227601976832468e-05
3.485118896552052e-10
8.427202214344011e-11
3.8963368406133323e-36
0.00015905521266246472
6.769763211040145e-39
9.863508425051479e-05
8.740890220781724e-08
2.424583773539188e-06
6.629130363970033e-07
5.813825945589096e-05
5.478531902439317e-18
5.54065828159493e-09
2.6395142145383633e-05
6.54145718955993e-31
0.0001586191600691623
0.00343860869738849
8.067057206174818e-07
2.619424520353541e-06
0.00187892484002386
3.7055789347653276e-31
0.010420487709239366
3.1867891624740798e-34
0.0014746018468960425
0.0021081721307882884
6.144656357169476e-09
0.00012368507850601246
3.4002768025992025e-21
0.01679570175943368
0.0006421756802584
5.103207166816486e-12
0.0016627328003728306
1.2498549615219766e-33
2.992077071151537e-07
1.0508503481128238e-06
2.144682666355666e-06
3.664082133399308e-05
0.00017655346977953168
2.4618677819470666e-26
5.960194591300079e-10
1.3725678594376355e-08
4.716546010508058e-24
1.3799555075216622e-06
5.229370524503016e-23
0.007187178699041785
2.048169532331475e-06
0.0007013689858976907
0.0022359670382827157
2.97406933403556e-06
8.208065275715797e-11
2.710243924428837e-08
5.984251835181636e-29
1.4288061797889564e-05
0.012306431016982339
6.193244520215251e-07
3.816228503069077e-05
3.8217033689894425e-07
0.013931428921207587
5.3418653530349875e-05
7.61324452307101e-06
2.4781994618112562e-20
3.2852826989273633e-06
2.3322772061551334e-06
8.373270848585565e-05
4.998516832892166e-07
3.39162348548786e-24
2.420485280140292e-06
5.187408071733385e-07
6.887327439083731e-39
1.0240066434476802e-07
9.431190978972936e-05
9.301672327025562e-27
0.025052327989662615
1.6376452927461403e-09
3.567116322415502e-06
3.2414466750703897e-09
1.7603754102592644e-07
1.2607058369057958e-09
0.0010182378815987141
0.002607664216766767
5.654688681502637e-07
3.8413441791477526e-05
2.3321524357780733e-05
0.000835279237237252
1.5728966999951476e-05
1.5165480468004778e-05
1.7560930532414867e-05
1.6519272572285787e-11
3.2303463770457703e-19
0.00029328407468694195
0.011222626971550742
1.7015810220716463e-27
3.146085825371984e-26
0.00021199116390838903
3.104532383388417e-10
1.1153642993817693e-07
6.980036822460085e-05
7.781391475235042e-13
3.921825602323724e-06
3.6174099739980178e-06
5.0501269376802395e-08
2.052097379263864e-05
0.00914918088953176
0.03074171610655707
1.0368929640282038e-05
1.1933710088500403e-07
2.9174760015042032e-06
8.355712190529194e-09
0.007985721936714011
5.0750576408833274e-09
1.2991945777976157e-07
3.874877879442175e-06
7.249608739395056e-07
0.10377984641865279
0.00018038045861372767
3.400236314983413e-09
7.7593010668564e-05
3.067179985430722e-05
1.145417021426482e-30
0.0010074335867024942
2.037788545372089e-06
1.1937706953333735e-06
0.0019101208642853668
6.281762914352217e-05
2.617046871706325e-06
0.00017075677967677252
1.8971658472927576e-21
5.969284388077309e-06
0.001820943804407558
0.0008882656800903582
1.3826961417798442e-06
2.2984793107839907e-11
8.534330889978006e-09
0.010367075834464834
3.894908013767205e-14
1.2747228724208535e-24
4.114550130504854e-12
0.009858981205506656
1.2724828900678834e-14
0.0067846053576938225
1.9010149618372625e-20
0.002318741380672451
0.029695940394669273
2.2479842787356736e-14
1.6460551536362074e-05
4.9847837890950615e-08
0.000498908741591353
3.465787166620168e-05
0.00505342549479551
5.859483115263102e-18
8.739199880554807e-11
1.4871953022124825e-20
0.0024724146715780354
7.556173222371971e-29
0.0019512769605039282
0.002552604074301107
6.23476977595753e-06
0.00417919615146789
0.0014633442551008624
7.439193054261516e-07
0.00010212653129764285
9.862475891643534e-16
1.8953346423386011e-10
0.007614606258184775
3.2116756370972066e-08
1.4159047310885841e-34
1.2805182110405393e-05
0.00011266778252289044
2.934180741497407e-06
0.015995482429212338
4.0426033559686045e-28
2.2936739432729994e-19
1.165993273188416e-06
2.013466493720063e-28
9.074233898029223e-05
3.3266250646880893e-11
1.5057398012352641e-05
5.171810853437063e-06
0.0017601688023206052
0.0050863631845643464
1.8669209986224682e-19
0.00028132012877017665
9.674011985342382e-08
0.002490849386812752
0.00040224625947076625
4.3104189543103964e-10
0.00014927806156660978
0.0002107081075847351
0.0034403007552467613
3.4020478725256432e-15
5.007110138379604e-07
0.0007709917237975996
0.00027025666241067836
6.061933503848408e-06
1.1793163294124312e-24
0.002244109213584836
3.930918781820576e-05
2.990873446926696e-05
0.00021708904171450388
5.030100477982786e-11
0.00016982443259933033
8.821600284909822e-07
5.670502301985323e-11
2.4165425364030286e-10
0.0005300556835994563
0.007872710426057139
0.009295700825289743
0.00018381024021249005
0.003954704410178311
2.3315204303424896e-21
0.03219739716359227
1.3434979850934092e-06
0.005465479329457179
1.225628564585319e-05
9.0017549476175e-07
9.298700377766795e-05
2.3019333541585485e-07
0.0001306296061268468
1.6963002344366953e-11
9.686257969668233e-05
1.8589392722125756e-05
1.1930500254581956e-06
0.0002146160003210773
2.795014497537951e-12
9.353403709002154e-18
3.866481218394317e-06
0.0006448128892916349
0.001784190210413277
0.0031812627862417564
0.000543230729423555
7.821297551445279e-07
1.0449858341333664e-13
1.497085638493338e-43
7.157830869675178e-19
0.0035952172062937715
4.4703297766783556e-05
1.0404142357955045e-32
5.487192774144936e-13
1.7552893161995716e-13
3.548122691261504e-07
0.0022007668334105834
0.04840834772658635
2.4000687973075956e-05
2.0422952920543487e-05
4.046106677398639e-06
0.004252708557066498
5.9726861368945636e-27
2.438445227470983e-15
6.79995492189422e-08
0.0021864154882127664
0.00031667457569127186
0.0008749888234589511
9.674427031892757e-07
1.2538522925511157e-10
1.1515927115994123e-05
6.27428073776651e-06
3.7401220243743606e-31
7.926752345616959e-13
9.189156809123625e-06
3.2920738287890674e-11
2.977986228753964e-09
1.998839264588377e-05
0.0015773668448793715
0.0003613959684911003
2.053292058808116e-06
0.009461708824004158
2.2277815264715525e-19
6.018904045136616e-28
4.1586559660122126e-08
5.358725359593471e-36
0.001367925313200652
5.179667295799877e-10
0.010229527581207876
0.00042227306694419175
3.3529031097087215e-25
1.0501643733536658e-27
9.997221156870186e-06
1.1117868748600435e-09
3.0731069020727293e-06
1.0301141231935485e-09
7.977699438405643e-06
8.927313684658155e-24
0.003558998732788865
5.312083657790668e-77
5.028211751728022e-07
7.271598156748929e-06
0.0044143750847494
6.256714782368116e-05
8.043051665840688e-05
3.373466508630127e-12
3.2553126255494368e-06
9.763003254794438e-07
4.28580665847323e-06
8.650733643036214e-07
3.403318346482999e-07
5.078284094690142e-05
0.00013554757324543533
1.9079004224704468e-36
2.9978121692758444e-08
1.605611214886496e-05
7.317531728483668e-11
1.061086296064407e-05
1.0644684855282858e-06
6.621928977959395e-20
4.749129977021503e-06
0.05543020939789933
1.4346894818189707e-12
6.177246820715283e-28
3.5541955056638126e-46
0.0008723183281495114
1.3682341541992757e-17
1.0757968480143115e-05
7.36039894906429e-40
3.162328735864658e-05
1.6294591338379803e-05
1.2450428373235162e-06
0.0003556127914112698
0.05817266338710182
0.0045141214365034266
0.005069339530890671
2.326457051874882e-05
0.0004646978026184737
0.0010894995004184227
2.3590128770778162e-05
0.0003394257280464087
0.010823366304966811
0.006386016483707096
0.002203083874894818
0.00021970135610982947
2.9974942864372186e-19
9.08847409504445e-05
0.00024382037726582988
3.3784168123930005e-41
2.1809580433816736e-18
8.161754906962655e-05
2.7315395563906033e-06
0.0023704308647277267
1.3501195848003738e-24
3.829640149333493e-28
4.4792001894708e-19
6.325773796062221e-21
1.715180050704517e-05
1.0011945469685637e-09
1.7602131688227617e-06
6.306115736598877e-12
0.006236597539290012
0.0003380379469679808
0.002066339207803247
0.007521744679280351
2.866634992798615e-30
2.114854942875803e-27
2.6903104372002208e-05
5.699704392199267e-08
1.073165768292609e-08
0.0009459130275816033
0.0006191082695632816
2.3433104150296324e-06
1.6207940640668993e-12
0.0001408171556493489
7.537739695768747e-10
5.822487876260443e-05
1.505308856071918e-10
1.0843252171064868e-09
0.0001346053869920231
8.974457134711162e-07
0.0005155688213483826
0.0045498283560995514
4.4113583141065323e-07
4.8490730042183815e-05
0.006666667445391211
8.837652644705516e-05
2.5205445862405732e-05
3.5473473001689773e-07
1.6319022073700786e-24
5.569938681280971e-13
4.06275150638642e-05
0.007457732340337864
1.509665115048768e-22
7.538950988154903e-07
1.7013710263725733e-11
1.1697227981560139e-05
5.794071137833661e-06
9.032796354719024e-05
6.838524679248924e-21
3.6683509798869045e-06
2.172347445579431e-22
1.5383471040582676e-11
3.907239051158557e-08
1.842482315934266e-13
1.0001440511508388e-07
2.0051449338664496e-26
2.1329362476934377e-50
0.0011219278433652335
1.7420841582494748e-22
4.938465622961916e-11
1.9174044398519894e-07
1.532958734891621e-06
3.474099901966438e-12
1.802774028900403e-05
3.0035664323472405e-05
2.0131852643059186e-09
1.628036324192831e-05
1.6608379623231845e-07
9.037344949126804e-13
0.0007429163031608954
1.3723294356286904e-12
2.7299300483611332e-08
3.9717493557392215e-61
0.0004455453324308904
2.0042036803530518e-07
3.6131157040104446e-30
0.0001120837996453918
0.0002920730297198271
1.5084361137163126e-33
1.361566577469395e-07
9.422978659865778e-24
1.8632676136804487e-10
0.0001770040066970105
0.008263920434043281
0.0008554969127349292
0.003118008491395985
9.300533021684796e-05
3.164041866915189e-10
4.312482620617863e-06
7.278067678638867e-11
1.886112728553236e-14
1.1189287063976006e-10
0.05416828567690324
1.1640388819845483e-13
0.0008228538869787533
7.895541117258147e-07
1.3032358468652181e-07
8.281968031858577e-07
0.00022416781950689835
1.300724019838597e-10
4.214769772616049e-06
0.07538972597365558
8.032362601511888e-11
5.05213811325661e-10
6.923118203797244e-07
6.180155685598057e-21
2.6675207984147223e-06
1.5029227515810507e-05
4.100990329353501e-24
0.0035618619200458723
0.06418947810670872
3.256589947548122e-21
1.0220538355481864e-07
1.2750397191733094e-22
1.4524489422148198e-06
0.013711550514849836
6.837741653272185e-34
1.458141825786547e-16
1.1043302618525506e-18
0.04657292663182322
0.00016599146309574653
1.6936640843003343e-28
8.68345516657644e-05
0.0010400463108053842
1.2658034634261512e-31
6.451558774014151e-05
6.290802295068059e-07
4.466815446453574e-11
4.499102740833865e-06
9.200639017497232e-06
1.470504328058663e-22
7.602464253521297e-38
4.348723482751254e-07
0.00889168230474996
1.4614989338682282e-06
2.2501519108015182e-23
1.955621685472269e-07
8.743309127472637e-06
3.1893466918086745e-39
1.9865512958504747e-06
4.326306260036173e-05
1.8277300275311489e-07
1.2934094225644363e-05
2.7614029935692777e-16
0.0029309562107545373
4.8366981311158295e-33
3.8785663654046835e-22
2.959968469215531e-11
0.0003571793447290338
0.00028381149254078384
4.793747487769862e-24
0.0006116920490404423
7.65654761456252e-14
4.741896164020152e-05
4.409396244823654e-08
0.0013123442163225085
0.000477889367246017
5.748340358845065e-06
4.6878649433386144e-08
0.0043750213315543185
0.062474298355153834
4.462334264031924e-19
0.00025901314870000434
0.00037956269773517515
2.3107827988715385e-06
1.1082729552318134e-07
1.4017638249553987e-08
7.939467643488413e-06
1.5570017804839442e-06
2.663211017639333e-05
0.00026863236766609677
6.891294651866404e-06
7.482376839144275e-24
0.008935396105921756
1.2947868712326205e-05
1.9236373491933437e-28
2.491980874356922e-08
1.5220419018840873e-12
0.027893088834654023
0.010283115274915555
0.007103750862465508
2.0628012509322806e-13
0.002065835256790688
7.662040287225767e-05
7.916424375012131e-05
7.996391919371599e-09
0.0020877533130798237
2.1929227471255448e-05
7.907976058457558e-06
3.3216032043636865e-36
0.004452441324489964
0.000645321046016667
5.505166516679307e-49
0.0003165518951639759
7.991114933826517e-14
1.912139979502868e-14
4.818750526485257e-12
3.9743335465315675e-10
0.0005522261463196468
1.6229073317988415e-23
9.196961618418887e-32
0.0008051651365483942
8.213910518857234e-05
5.238790970806393e-06
2.392712962155435e-05
2.1229876928397062e-07
3.3844764659685578e-18
1.1634953964824032e-08
1.116203061587733e-06
9.927487153247296e-20
4.152527408943291e-06
1.734826354217034e-07
1.5658822840397313e-20
0.0007227441581853476
0.17776482204347488
1.3413985780220467e-07
8.731607785525115e-30
0.001436165645988765
1.066851617768112e-08
0.0010151395540415747
1.7096812832095726e-36
0.0006182233968142337
0.0005711638599184901
1.0679687577986897e-05
0.000308697291448174
3.5281907107282013e-07
1.0515891003047197e-09
0.005132343820994468
6.798711609238186e-21
9.376431781212348e-06
3.777256209203282e-06
1.6452367746455416e-17
0.0006087667347585909
0.008418143909098563
2.2509616850572408e-10
0.0001952626232036049
4.9222640081622815e-06
4.135400623805489e-06
2.679714253324486e-12
0.006965713772028037
0.00721169486263018
5.000327665995648e-10
0.0006097105145126388
2.170600043864966e-06
3.994198445183311e-36
2.462797078016865e-33
7.296634563472957e-06
6.252248862686391e-09
0.00013941112717147855
3.787626299772164e-24
0.00026635816455956987
6.355478683395646e-05
0.0019951921763387004
1.4190588312667968e-07
2.347671709063483e-23
0.0010174806429531502
6.328954717731358e-11
1.505833997161604e-05
5.777680027322583e-06
4.289371693457762e-07
1.0119258106453136e-28
0.014179831189715109
2.671007818477803e-06
6.422995123611754e-05
7.044532638893453e-07
6.691335207696385e-12
3.616824868439636e-07
1.7009673099804449e-06
4.52111308501941e-06
0.001051055025508174
5.1677588583001755e-05
2.312206054537207e-06
7.281934058209982e-08
0.0013080440144108696
9.82514898175343e-10
0.00015803879474557363
9.312073411003503e-18
5.4325916152560136e-08
0.0017312216396803137
7.886167171611392e-10
0.0005770117521451436
1.026604863419283e-06
3.39939730649805e-07
2.978206704747982e-16
0.0017314775593981757
0.0007542142122053397
4.5337362492491806e-24
6.346456944057206e-09
4.4337208805286625e-05
0.006065267969398713
6.271901427218031e-35
2.2614456625540313e-08
0.006100427213796666
1.2455831265952183e-06
4.2708414088392724e-05
2.9101488957614226e-18
5.140392484465964e-27
5.813010635202077e-07
0.003130596623828877
8.67310490109576e-09
0.0004307475742296417
0.0181753572033712
0.0019577998158258336
1.096682017846023e-25
8.603635917859166e-05
0.00012691141970756737
4.018423460999762e-06
1.2285696797539129e-05
0.0004111381587563504
1.4984138899654806e-05
3.888740907307323e-06
4.0409147361406456e-05
0.010826381207733438
9.479434389333276e-08
6.2771258641704684e-09
2.2357125692234077e-10
9.206741421841666e-06
0.0017803199256056224
1.4130220837185228e-23
3.473279627964957e-37
7.368747551908932e-08
1.1982987025676553e-07
8.684455914532855e-05
0.007485158299992689
2.1877676350883457e-35
5.68803479024729e-06
3.642050265019047e-09
0.00037723091632423566
1.0840386642640934e-07
2.5635918135233877e-16
1.6135712134591566e-19
7.436100021959475e-06
4.788466058508873e-06
0.0008211426673369708
2.2344078062143716e-06
2.0400947869032072e-05
1.450422419469572e-06
6.796848640178454e-05
5.555125697014109e-09
1.892114986119575e-06
1.2572671580986525e-05
1.780967494563819e-07
1.487775619546844e-05
4.018005286085918e-26
2.3288724271390104e-07
2.3860478018290693e-06
8.841782783649593e-06
0.01722635902416414
1.895609665198748e-08
3.130957973170277e-20
1.1578665624178597e-08
1.5596225388220427e-08
0.002088810742198847
7.430512480901583e-12
4.41040074573484e-06
0.004329727275741824
5.321764646947124e-06
3.7810737108915e-09
0.0066160818955154355
0.0007168855499514842
0.0015450009145064059
0.005166005099133955
0.006304459466134338
0.007376181887025268
4.9859192589103714e-05
1.2391748749165131e-36
6.252722087359212e-07
4.090330384544651e-09
0.03767808740714962
9.964693630950634e-09
6.370459825737933e-06
1.3844289301121323e-06
4.5060257974281084e-09
1.1531809768863188e-06
0.0011789450427191622
2.5503232722807737e-06
2.7134619646891723e-06
0.004437334170074104
1.0291877465367511e-22
6.38639747510085e-05
1.4240061730009212e-07
0.00019994625684141622
0.0006094545900154637
3.9163961935461953e-05
0.00018267021412186576
2.3328810473966453e-06
3.986297191545862e-36
5.5647296686987515e-09
1.0597878133785378e-15
2.5408904455006864e-07
0.0012277822180271555
0.00017589698272649223
7.01182371049789e-10
2.8093547729377464e-06
7.857558743242088e-05
1.843595996526881e-29
0.008835086557875864
7.108380751351947e-29
0.00048070055978158277
0.0007360302372376275
0.0005759254524903556
4.04128573346869e-24
0.00033550895682347634
0.0004870934179631581
1.3457080188412525e-06
0.00467659152041463
5.0543038194491963e-08
1.96259389392783e-36
1.122934732924447e-05
0.005140062866113265
1.275693896866929e-06
1.1502843656683152e-09
1.3215688724187182e-08
2.4859337248303794e-08
0.00013743064519142594
3.481314001675928e-44
1.7245551187675035e-07
0.009796764830987865
9.061204411265451e-12
0.00022417189040644373
4.0568718658489e-12
4.054204782995311e-11
4.746263311598808e-25
4.1191934945047287e-08
1.282282135006266e-07
5.7940320682705394e-30
0.0012795211458953848
1.779021950438305e-12
4.88372053947612e-07
3.5614070857690846e-09
0.00015890848525961968
1.6240730211031406e-08
8.52617819745597e-07
0.05337913640773628
4.706939955392594e-10
0.003955285816528653
3.294549615104553e-05
0.008536571174780905
7.614193208339494e-05
2.0904752926231103e-06
1.2935146077400553e-10
8.73371433635815e-05
0.0007756079070619967
0.01335521831650353
0.00010370731428984911
4.693269810266432e-11
3.0373293500903006e-10
3.1162838302296113e-08
1.6897132308692132e-06
2.284465451179228e-05
1.5721899317785e-33
2.9353412599776327e-06
8.024718818928366e-08
3.9726960169616706e-05
0.00023623276997250184
0.0057071165767488274
1.9040998894899638e-30
1.0998365942877968e-14
4.674441604234063e-05
0.00016593864963845677
2.8568305919495795e-05
0.005090780859713706
9.019409308677547e-24
8.653536860018412e-06
2.5338405379087937e-07
0.0001292296956289568
5.327135105262618e-10
1.449462846356271e-05
1.4333620362958757e-05
2.4484443019306294e-06
7.106316622498212e-28
5.43407864802234e-12
0.009989990066685649
0.0005970618149397644
1.7992512756927578e-06
1.3808654490217792e-05
5.5461853375576296e-05
2.962660816592195e-09
2.9235165502458923e-05
0.00010002193985971831
0.00032519409416098197
4.7128588600065437e-07
4.868407969814269e-21
3.128139372253761e-06
1.4362212562971829e-08
4.1040385422144466e-29
9.66946590781094e-05
2.409319345801783e-05
1.156477829108753e-10
0.005087235111885685
6.206312579608406e-07
3.189976740402417e-05
0.0005489629440568813
9.551293912721328e-12
1.3520833192501499e-06
9.646080549262233e-08
0.0006437382923816544
2.5136450099010184e-56
0.010773616203163083
0.0002773816550241016
1.75429042165354e-30
2.4580199314693897e-06
1.3772649182982874e-05
5.644657278901654e-12
0.00022789141368308174
3.2313743815828836e-05
2.720448105476253e-06
1.1403883903066439e-06
4.0221353596090227e-05
0.0005771611823123558
0.0008539990618718074
2.1670283280236724e-07
5.103980136777686e-13
0.007164177992406984
1.0463677107973172e-05
3.931471314740169e-06
0.0012176680843150045
6.583628851022649e-06
9.190004650585034e-39
5.919279143479471e-25
0.013750014068733885
5.136597748669068e-30
6.491344617642863e-06
1.9546271302249935e-05
6.023914553802493e-07
0.00011700303326464892
3.2053457252043574e-05
8.556691485303285e-08
5.739243521422647e-06
5.622614835839503e-05
7.527518223884769e-07
1.5079690789814726e-06
1.160583835331844e-07
0.00015524080529731352
0.00016001705853385933
7.67430118687519e-17
4.580402458815903e-09
1.39311035980955e-10
4.599325973830806e-07
4.2114637045875926e-06
1.2139361276265158e-05
1.30505303522833e-06
0.0062713518625859
0.00015247248631377122
1.4163174003992142e-06
1.523225047488812e-19
0.00017260646709216405
5.870263410388303e-05
3.4657609030946705e-10
2.3722011592077232e-07
1.271809226916337e-09
3.3483434980037626e-10
7.059195626650446e-08
5.0537672848087384e-08
0.043159913619273516
0.00040207634200877207
2.3571222232603627e-34
2.684941870765234e-08
6.35031689626216e-19
0.0006543709512431819
9.929585873865434e-09
9.120744504826606e-06
0.00015729995180333435
0.054793200598697744
0.005229406615132013
2.9073523753677343e-06
5.037678882291628e-22
0.0003958399948706254
2.056890010920904e-06
5.45753348991559e-20
3.3966222025849478e-09
5.217969488110225e-10
2.2799662989267462e-05
0.000645107865404379
1.58850153519889e-39
4.4342714820263446e-09
9.235707210549686e-05
2.097791636845178e-06
6.0139937805016276e-06
9.440918014614946e-05
0.0009184211587283803
2.3649300869020982e-11
0.0023866756396305755
1.7414046733422432e-09
9.567176094966739e-09
2.2321385313247125e-06
3.533479123011673e-06
6.1000627184966e-07
0.0013130512232680108
0.00020060889397747266
2.190409319595102e-31
1.297130571936841e-37
7.003622186257489e-06
0.00031846839194164155
3.021526464668032e-08
1.491142563734098e-28
6.023892497647939e-06
9.901830265700925e-06
1.6128089606720623e-06
0.0006303553073998339
2.218240999448436e-05
0.009359482263362806
0.0046726973226435264
1.8211376226127083e-08
1.4486716259685706e-05
0.0003394594146748815
1.3622064756492702e-06
2.1409859474753113e-32
1.5187729148575155e-05
2.1799176008256335e-06
0.00013218941936759624
1.669744724069221e-07
1.3824295090062336e-20
5.805283123377882e-10
6.8831805124942e-29
0.0014432868643554642
0.00019899420724052755
5.097150947074664e-12
2.59556197602167e-07
6.283359508653255e-05
8.241575503584609e-30
1.34248745290086e-07
7.562965230646284e-07
3.451418525500366e-13
2.538235436404417e-07
0.015189496391891377
6.171746679352775e-27
7.865715784622982e-05
6.948065022179396e-10
7.123710927863707e-06
3.13490812514008e-09
3.258971529313201e-07
4.1655070441337214e-08
1.532958072788381e-32
0.003579261935708622
0.00027544781721314265
0.0060811946146674236
0.00013440808128190637
0.0010484668605243719
1.3573177890671873e-08
6.795012212330234e-06
3.955916898552023e-05
0.2807475407957849
8.840979056753897e-09
0.005401988739693421
0.00010337597523305052
2.9045524693254465e-16
8.965666926195241e-10
3.1990371640503906e-12
8.598329261303492e-07
1.0528430108566286e-07
1.375128259987332e-44
2.9786877656764407e-08
1.1459334491038053e-07
0.0006948827396032062
1.8442811913102087e-25
5.998037019673668e-06
0.00031933100169271103
8.644266338845438e-15
1.4051528569083461e-25
3.522110737084135e-08
7.118904913130025e-19
4.955621814949675e-10
3.313461999741312e-06
6.238349378432968e-06
0.0003041944002001723
9.294169773209652e-06
0.0059998413463216715
8.41134433605833e-36
6.514250120411924e-24
4.452758730962149e-05
0.0006666145103949167
8.29262052070165e-06
3.5106274530604604e-26
3.896945228504683e-10
0.00022497649438000134
3.025213908254012e-08
3.626217896390188e-36
6.755565576734017e-05
7.500013470279656e-05
1.1981865460015686e-05
4.0774854595638416e-25
6.167522657163319e-07
0.1597287709130022
2.9110831867055868e-05
7.261893642917845e-10
0.0015413346852408284
0.0007878383161476348
0.0077766596032544655
1.415356948434376e-06
2.1001240106131687e-25
5.8093391032462983e-36
0.028169518151040455
1.3537871004317183e-07
1.0882089428674788e-05
1.075314909482026e-07
3.2661086016420505e-11
1.1306990137412775e-08
9.079819473096177e-07
0.0005711262315599361
6.557243198855256e-07
9.781078311348695e-05
4.464837910166366e-06
2.0705271844861133e-06
1.2088402919508257e-08
1.801843088275782e-07
5.9286405510761985e-08
0.017094690948291635
3.349061050219924e-11
1.5748609011407581e-06
5.8158694674305866e-05
7.42408688866954e-10
1.8374136979021214e-06
8.628550818484855e-05
4.811332353714489e-06
2.8755494659848596e-05
1.098894078286677e-44
0.00015346228068987823
0.0001757528965967333
6.603923190673153e-07
0.0041203494251566
1.1476334880950567e-17
2.0974915119166783e-08
6.696741206560832e-06
2.7456073118050086e-15
0.011493999677238652
4.304250803596784e-10
1.3311271457864659e-05
0.04278416432949815
0.007607333105518643
0.01306518693125155
1.9615427837158295e-07
1.5336772080130065e-29
0.018227588817256057
0.00011804890159814058
7.636465709048973e-23
8.088751218260011e-06
0.06556149671829838
4.029784405406702e-06
1.3746131003867862e-06
2.607750250551651e-05
0.0016100140301931465
7.249195849393402e-10
0.003820959734836837
3.786915800063127e-06
9.641805716157573e-33
0.00028855242737740514
0.0017203326334570557
0.00028826760263146056
0.02042126517032561
2.5939289457072255e-07
1.103735183589828e-08
1.6552865402456948e-06
1.4935061729557891e-06
0.0002052883477071566
0.06012425869334237
4.569618193028266e-33
0.0011169070439286805
7.523722972514533e-05
0.01891634744998716
0.004022635000636765
0.0003002121974713309
1.1258812431127897e-05
4.319108147377579e-06
1.3400354047784744e-18
0.0002559502906394756
0.004670322137536126
0.00014948701859618385
0.019243014813972614
9.047672433222819e-07
2.36688864668096e-06
1.2908215957065895e-07
3.619661657254863e-38
8.319304597753774e-11
0.007412689457468313
5.3838738626771305e-06
0.00023978285521952239
5.885839858816326e-08
8.575293430390871e-06
1.1341003451717004e-27
0.00014253748849084625
5.840334364141678e-18
1.579585062819216e-05
1.9065479814561626e-07
0.0002157822521316095
0.00043281074239582515
0.00010664593540634469
1.7402231443397112e-14
1.5523304818959597e-34
0.00018562658762177626
3.966306889863507e-06
6.187985499999414e-12
4.901664984425584e-38
4.74239489799029e-11
2.4053329542208994e-06
0.01802549499663586
0.00474837925103011
0.01944683303947148
0.15733252642992213
2.406031345153853e-09
1.6390539520207836e-06
0.0005725002796841405
9.913751039509774e-35
7.038684543554229e-06
9.920226293208876e-06
8.270628210604195e-07
8.537108221099289e-14
6.948194308570007e-07
0.0012290282671538477
5.010822658137495e-06
2.5954387693271228e-21
2.5991832028215364e-08
0.001773254041317729
3.898001320744758e-07
1.3706776918466729e-06
2.566255551021708e-29
0.00010469911071317457
0.0003375218323963605
4.199090772259224e-07
2.8177928283420015e-07
0.0003650440922181135
9.035128772073537e-23
2.495469757692548e-06
7.101143805891044e-09
0.00023235332890261806
1.5313880434696342e-06
1.5197082080881648e-10
3.0029972531479313e-28
4.3622099172815254e-05
2.4326938918256564e-29
7.880390337648539e-07
0.0003966326404402764
6.2123228827380144e-40
9.792449877361561e-20
0.005190360033018759
2.0386268498911273e-10
1.6123997102672945e-13
0.00014192974845438625
6.04477457314067e-06
1.2090771859688982e-05
1.8737364136563637e-06
0.000673398093801264
0.001029196382868688
1.4331503953054331e-06
3.206977192682013e-25
8.500667670218485e-11
0.00014144103329478304
0.00030194418131785326
9.163890839894266e-05
4.662382672155621e-12
1.9156022137636452e-10
1.7470083614891018e-09
1.0513756089332611e-35
0.12450566602580793
4.030466597053076e-07
2.1694801573163057e-09
0.0004173762641855039
0.011818539099039294
1.375622047309472e-05
3.4196830504616395e-05
5.3404499852170936e-39
0.023248365939206362
0.00011463733196787822
3.397956970108868e-08
8.66961881900448e-07
1.1461018401404045e-05
0.03185189151299106
1.259828447603386e-06
2.135154267904127e-09
1.8001488476242387e-09
3.6638723050377154e-06
6.600249101010533e-07
9.688902563988463e-06
0.000254474186173876
9.359495207231968e-08
3.597161457600146e-10
4.918767520746939e-05
4.0793868498197744e-05
0.00309234564406158
0.00015127773764389996
1.486186857343582e-07
1.529895937481808e-08
5.5997555028473335e-18
0.0009360628665010251
1.3122437336779728e-24
1.057909805002365e-21
0.0014629102922946308
0.0003721164267565398
0.00010963086094236458
0.00019201389753596574
8.884505142855546e-07
1.0833439237501064e-14
0.004353430484425047
0.05066886958848915
6.920327331911499e-09
1.4036747869062453e-19
6.085177646162435e-06
0.006597012290078141
1.1166036838172919e-06
3.540525142270964e-11
0.0008165882833659592
3.131903881614815e-08
0.0006414782092823423
0.00012236285506400906
0.00034315982233407497
1.3538941793552308e-10
4.0436265016548327e-07
2.575367126902465e-07
4.526718193518034e-05
1.28470661481924e-10
1.4058792268541655e-28
0.0059307818115458925
1.6861701673278034e-07
0.0026079925083482003
7.3734809119981735e-25
0.005586157263966274
0.0013196682466176113
1.436334718701408e-09
1.2253213819188747e-05
1.0463739270633554e-20
8.420181109654097e-21
1.5195216169371467e-07
1.2243821566511604e-30
8.624321863530804e-26
0.00010041420042906013
5.832895034975263e-07
1.1078872788724082e-05
1.7077702087499724e-06
6.519682215302103e-07
6.780111763285396e-06
0.016367223317289015
7.351658857230144e-09
4.1282950370414777e-25
0.00036067873107729014
4.295029504437778e-16
7.197771361405983e-07
0.0009884655078701472
2.4427947327134544e-10
4.2768300907770853e-29
0.0006930571256618112
1.404467040987914e-07
1.3997226435051124e-05
2.409093108471828e-08
2.994985472503342e-08
1.400666457947019e-07
4.848273581042954e-31
3.2232784595248864e-06
2.2121906103807496e-06
1.8214527707421418e-35
2.1900827597465923e-31
0.11405829529210242
2.1620343999964642e-05
7.304417570664902e-25
1.0204220993736775e-05
2.0830664073230023e-16
2.3119147040294253e-17
2.0028126178299165e-05
0.0012642641005339295
0.19130707239927305
0.003980903392195728
4.106598850519102e-20
2.1763202947949463e-07
2.2581179429725668e-05
1.180230175091576e-11
4.15070095585741e-09
1.4170025421446334e-09
2.6195335758381083e-09
6.233003408520722e-06
0.0009011006716353777
2.7630613248956323e-15
1.433943219345577e-06
4.396184672752182e-09
6.327836400981714e-12
6.430647944843678e-08
0.0670760975673863
0.007031707340478571
1.171374975483103e-06
5.4684822355751794e-05
2.8706691522156125e-37
2.4360066830586015e-08
3.1905043862268884e-32
1.9247667144368888e-11
0.00343934191554445
0.017422359443102664
0.00012396927742343048
0.00011895457488324305
1.8076375959919115e-18
2.4471460776019853e-32
7.087218057742443e-09
3.000783591300143e-06
3.7959801854351446e-07
0.006583194315172403
0.0009825484747868
8.177565457737907e-09
1.2586727859033607e-11
0.00039817994153696165
1.435988455284267e-22
4.2922105572322674e-07
3.4317564133390325e-10
0.00017033182916973352
0.0012482937991368515
1.4886951892200187e-05
1.7032973000041841e-06
0.0008324034764954468
4.574973053256053e-07
0.0005107416113899337
0.005554290642343196
1.3771863274006315e-06
3.594878086245005e-10
9.117328533305679e-18
3.950984680416076e-06
2.9284025436055903e-05
4.002671967274856e-09
0.0023808076047911186
5.210968765534768e-07
0.0021265254116109578
7.364603722470824e-10
0.0017152902811966575
0.0028115764021382295
1.85944723449026e-22
0.00036818888975572123
4.4375555115882895e-32
4.0804178877957805e-18
0.05029877378458436
1.8626474881210247e-07
0.0002673740501338623
9.46116057777167e-05
1.2221493766880087e-28
7.94140624659316e-05
1.5964485458115545e-05
5.2872351268083165e-06
7.860631523329982e-07
0.035205591995066454
0.00034667506430158257
1.91430009605576e-07
1.756240238944643e-06
0.0043269609588040825
9.446668158831449e-05
0.001090709132368639
5.478626164989644e-05
6.392359691309039e-05
0.016823351548854393
0.0008732827844114919
0.006870767646730558
7.109468313077845e-25
1.7576455375697104e-07
0.0008070120377670533
0.006369801920290963
1.1292551093789985e-05
3.0341651125911624e-32
2.038562557789758e-06
0.0014626238524922813
6.3012776160218656e-06
0.001897640604493489
2.7959849764476704e-08
0.0015729876153330494
9.928510694995186e-08
2.0047761220044438e-08
5.2117401509792984e-11
0.003115443881838778
1.79375392194928e-05
0.00283808143717465
3.95668271391069e-13
6.661351884359448e-13
0.00188327026918797
0.0001792873159045914
4.232156116694718e-09
7.227019859977695e-08
0.0001590134771300667
1.313818600450392e-09
0.00031802940455934875
0.0052520561764303475
3.072396294526291e-08
3.7338278097216945e-08
7.118162123986152e-06
1.6954326332755638e-09
2.316502332270653e-09
4.1475789340469085e-21
1.3078207666318199e-36
3.968027203147934e-06
0.00012580066606835858
3.8220653300345696e-05
0.0009975125436456622
0.0006404270810828928
5.510275554928187e-29
0.0001332788350797585
2.37176812750502e-12
0.047417655827204586
1.4717591291986973e-05
1.5455847796484772e-06
2.824030118121382e-05
4.617620979542457e-05
1.0603328733555763e-06
0.011029136479345336
0.0002596037827853649
0.008997440703844506
1.8705438029448722e-06
3.4834852183135574e-25
1.224276276976003e-22
0.00025798222927562314
1.8381823389846988e-21
5.4864933457229294e-27
9.311980546141732e-25
0.0007744685105465915
1.480104975891151e-07
0.00124621891663787
0.025103549416433335
5.119196278828641e-07
0.0003847857161334775
3.369410163603589e-05
9.817233622486132e-07
5.024174030778387e-08
0.0003268016019966659
4.956437938694836e-05
4.3742471038969675e-10
2.800245418139305e-06
0.006706787689879479
1.8769065517204073e-07
3.9378410414857117e-05
1.3161535686229312e-07
6.664195199438864e-07
8.103084641368974e-05
0.00046083546983477795
0.0005529845776861379
0.006283973660327291
1.382689502016315e-07
9.198119345575075e-10
1.3327970014012503e-05
3.0711329635451076e-07
1.4598356702526284e-05
0.013131701007901952
6.503998402101843e-12
2.5685431446210006e-27
1.2667462975081166e-06
4.382744724056709e-06
9.307687977613745e-06
0.0001872526306633815
1.3369914990922126e-40
1.2476114917569628e-26
6.635422682025016e-07
0.002338929533064596
1.1928484738722582e-05
4.33807944911959e-15
1.671531064015774e-05
0.007862422552926684
0.00012063369423791846
3.3356233609974113e-07
8.954821905289825e-21
4.292852134458168e-08
2.5699907356324937e-15
0.0002127104246946375
4.731749530075618e-17
3.176589250332004e-07
9.84192297861285e-06
5.065210853739051e-06
0.005850726190067934
2.7171921609506932e-12
1.930697139201021e-07
0.0013865990373552253
4.271559587436678e-05
0.0004079156923474902
3.5657872749631337e-06
0.0007964858650749695
3.61438729431773e-20
2.023063712555963e-12
1.2656408267744445e-19
6.89225898530284e-11
0.001453901167096039
1.7419143698250374e-20
1.142409556712896e-24
0.00513054288439263
0.000802763504845122
0.0002643798036924827
3.316904311147704e-35
0.002449186472523587
1.1430109318934035e-25
0.00012734575826381725
1.1979879003795235e-23
3.2445627159423466e-05
0.0029911170515343893
0.00023019007461409953
0.004019402813395856
4.3832950161294795e-28
0.00020173780796484825
7.110870377677491e-08
0.0010450478631284254
0.00011609845537922841
0.00066327350681104
1.969234419049765e-16
1.673994312319454e-06
1.858604996048753e-08
0.0010753387894561345
2.0263360999845692e-06
0.00262297034314668
0.006708401281585841
2.761932210508052e-07
1.1182497196589537e-05
2.7294864876774867e-12
0.004575672757203358
2.4604470381733432e-05
0.0007326428590957189
3.4117901713238514e-17
2.1296447324535348e-05
7.275736943592541e-08
2.428911342118027e-07
5.328364935775398e-05
5.24241217519653e-13
3.88890384091569e-05
0.0004759829775301261
9.78949190845534e-37
3.284512902958655e-17
4.419170013671465e-05
1.335196549647274e-26
7.815605618409495e-10
0.00013387749279540048
0.002240910390843508
1.6099563351966876e-06
0.00010609670663511092
0.004548162836832459
0.007654994226364242
8.786803987876798e-06
2.815937133973143e-05
0.00265530887040058
0.01288104090233233
0.00013230200150591922
8.51948012354506e-09
1.768775917663552e-13
6.55783306576142e-06
7.659895493351168e-07
5.019391924217911e-06
1.7230019465663207e-08
3.824850292370939e-06
4.950903959899715e-07
2.4657484142554098e-26
1.2242451764742728e-06
0.00010925704346931298
1.6218053652734548e-05
3.707117625313935e-25
0.0015696984018461633
0.017218149481067816
9.087481336623514e-06
1.4634110087612778e-08
0.0009316348675248202
0.00012654023354778443
2.011724339279159e-17
0.002051382011855711
0.020394112146671483
2.551392531568239e-31
0.00037830588575032915
0.001758095787422656
4.967133991987524e-07
6.37767269242243e-06
0.0011363211102429563
0.002468526075126673
3.95883988394083e-06
3.610873420430574e-08
5.552095481616377e-09
1.521066829954176e-08
1.547793211539023e-05
1.4141693087667096e-21
4.1505272719551644e-23
4.637842698794253e-05
6.007812961218723e-06
1.9737325110530477e-06
1.840715088088595e-23
4.821628122645483e-05
2.5111391418792256e-10
2.451507499348035e-08
1.1313164178169749e-05
3.97737547661563e-07
3.093879903145005e-17
2.6864030920886136e-06
3.4473300396372146e-12
2.2914067172667033e-31
0.00019939508583726416
5.053188181235344e-06
0.00010998983532333139
2.0371200023574345e-07
5.246150331275487e-54
0.025593687265090814
4.6232268769330535e-09
1.0645476889292535e-24
4.864276568930612e-06
5.9782904570445e-06
5.863067795784963e-07
0.0005762435057505184
1.04687448367137e-33
6.506535921708715e-23
0.007565505737704371
2.6527162132623427e-05
0.00017353473239107263
0.0007323281001336071
2.1413154090828153e-23
0.0017649190482735833
0.13652563016925967
9.040683116150164e-06
0.019238216052033907
0.0033325454673553967
0.00017967230645925519
6.875694324917659e-33
1.054975284842693e-25
4.758125213834016e-09
2.3548035782017467e-06
5.820931858912935e-09
3.855753089371162e-09
1.237036046802397e-06
1.10815441814172e-36
0.0016335944648130526
2.081092725662272e-09
0.007412433927572913
1.0079238027574074e-06
4.673798161902311e-08
2.7081208084970137e-05
2.435638029572357e-09
1.7916868253881231e-07
0.004575749561437803
2.4338156941202447e-06
1.2730789212529698e-13
7.886901900468898e-06
0.0009097684937710293
1.6982879514182143e-09
1.8430611108870764e-12
4.6513001563799095e-09
0.0003770529637039943
4.686473157414555e-07
5.9309722845728855e-05
5.2265410084907996e-05
4.29519091415055e-20
5.511674526559459e-46
0.0021043696286450614
1.0056835601591178e-09
2.5011737401537457e-07
2.7267970582907205e-32
0.018435499203902382
1.583772787046243e-06
0.00012450187776432472
9.51665899049109e-14
1.6303926639347964e-06
6.919378285047122e-05
1.5500480416327651e-07
6.985257132684817e-05
2.1469654441178058e-25
6.379574534991733e-21
3.205188930022974e-06
9.088830123539143e-07
1.536277832365629e-09
5.2888541665007365e-06
3.4326879630575e-05
2.109795927980161e-07
9.959344598971099e-22
7.080888393751147e-06
1.9648724232577333e-07
2.869798446837995e-09
0.00012004799102118772
8.612765081972551e-11
2.093607397271322e-08
6.32125746746412e-05
5.054996651097072e-26
3.974741856783936e-07
1.6954592889168672e-05
0.0011775672422028182
8.245980783235779e-05
0.00010565095697982983
2.244658011830004e-11
1.407463100773336e-06
5.9992263741259766e-05
1.288400615280531e-29
9.077984364975286e-05
1.828581313588292e-05
4.949354650295144e-07
0.0016891946567412497
4.781257911805023e-09
5.7715293712235806e-05
5.431352325154448e-43
0.0003578856798500153
0.0013999402276106757
7.074875046208379e-07
6.967911136885816e-36
3.642988481465599e-13
3.6925410290947076e-08
8.520456791045113e-16
0.0031500733635015238
0.1665360922709199
5.245124093411106e-26
1.6910786218346333e-05
3.4584443149599474e-05
2.6313784427965174e-18
8.039659714978556e-07
8.044490465490883e-08
3.4010495487104335e-06
1.71274514952214e-07
7.046503641133794e-05
5.6660025676562855e-06
2.9656223645004885e-05
1.467819656930494e-32
9.553087527751101e-05
1.800204625595624e-10
1.2385664775080565e-18
5.850767246333505e-23
4.671114009180171e-29
0.00042501726410919364
6.195178889440427e-20
0.0011006473144182655
2.5799927743985524e-09
3.815002533004719e-11
3.270518200292023e-11
4.174418667532281e-11
3.6329283418469146e-06
3.1528889879551827e-20
0.00022401454957622383
5.982177407751633e-05
1.2002938013316509e-05
0.00015824457311090168
4.0368771854584714e-33
3.3396559362136666e-07
0.0005135932399297286
0.12365423927000647
1.0204538335560034e-28
1.6464863516919915e-07
1.4504741914225115e-06
1.8001901518778869e-06
6.636339269452281e-30
3.2726026590075197e-09
0.006144611362020269
0.05010307207363951
0.00013144254555500116
0.0012145708143607298
1.0232151052872525e-07
9.152337149199103e-07
0.002000021176909672
4.843602025268207e-09
6.007716980125179e-05
1.3321854124547413e-10
6.014483049837163e-08
8.166771144122294e-19
5.261084785211042e-08
3.1248133398894212e-15
0.00014178583843736485
0.00016494047776430127
3.0158372508476e-07
0.025298677675481995
2.3371997722417495e-07
1.3345675877826396e-20
0.007161518309887427
2.1096527305016417e-07
2.1710252835178646e-05
3.299837648879771e-23
2.534757561027356e-11
5.386207130308432e-05
0.0003063693226113412
6.555500406811838e-08
1.1736920086136013e-07
2.5625917246243522e-12
0.00016941396182261828
0.000475646149172379
6.397563581299424e-05
3.022570245305045e-41
1.2359277971389293e-08
5.826191480823114e-06
0.0011606051496891936
3.908995920676594e-08
0.0001745515060580516
9.606248869630845e-06
0.026160281037107325
6.932079468493359e-06
0.00708736252490344
9.516393004443126e-05
4.070559800957333e-06
0.008890794669231039
4.966547277984122e-25
0.0002853716825547241
3.44134561416661e-27
1.13443984108942e-06
1.1731963784597565e-09
3.201819591996452e-08
1.0392824213726078e-09
1.5574605686699802e-24
0.00020633716989509386
0.0012379508723565635
1.3044413110503984e-34
9.96645699904242e-07
6.493715550904067e-26
9.465540543778687e-18
4.911696747203768e-36
2.963406879617569e-07
3.345642888991861e-16
0.0008715073422704278
2.60102374367644e-05
3.2015995790402956e-22
5.599682763217649e-07
0.00031518909824004154
1.2640894816368929e-23
1.683749838329329e-29
1.3612165808530007e-09
1.3812318539675116e-06
3.087738821174681e-06
2.5176592332416214e-14
0.00852091088639817
0.0011566248997468137
1.083612395481621e-05
0.0017648501209706347
1.6529036168734366e-38
2.9358273031191363e-36
1.2183475531009848e-08
2.8678164888298767e-07
4.8013663629751266e-05
7.695726692595633e-05
1.4100498531593357e-05
0.0010837070489101153
0.00013313994892364596
1.5766075798457247e-05
9.50359967910835e-10
9.866702545765595e-12
2.956741959335115e-10
0.00018409271636217098
2.8835298807409743e-07
2.6724491695026523e-09
3.2029930533403086e-05
8.425261419582041e-08
0.00827641929423839
0.00026978539665301895
1.721715281980882e-30
1.6288287253400739e-06
1.2007880636958225e-06
4.1602630251656574e-06
0.006220346172319147
0.0004806170438669821
4.066918475045551e-05
1.9474754234324874e-05
4.5067235574820415e-14
1.065283288501219e-06
7.326948207615575e-06
0.0008926053175964529
0.0017752528691824532
7.562461881716862e-25
1.2854327147327609e-06
0.006792735652117743
2.822539542025271e-05
1.1745979004358107e-29
0.009664728448272042
4.241697115585493e-06
5.2839771553817985e-27
0.00027146040122234734
3.4239604555812375e-05
1.823746245273602e-07
1.3112457536664068e-09
2.3411221716027116e-05
7.037094910061981e-05
6.081848834779239e-22
1.5185555708572097e-07
4.02174010238117e-08
2.005528889949354e-06
6.008523688910089e-18
5.802737012912375e-09
8.677851083901696e-11
0.22430576396024193
1.3589479368667807e-06
0.00025746216512671956
3.74179532388663e-07
1.9363033680643553e-26
4.619262084847341e-06
4.3004969817074185e-15
0.0010300997045053911
0.00031848314531959625
1.4640275150811133e-09
5.1587999237162996e-05
6.6430014876676455e-06
6.980591079474762e-45
5.6822694013551246e-06
0.013046919594722983
0.007513892649313569
0.0026036782428841597
0.002074791550418509
5.461475060506822e-08
1.0162546626455413e-09
0.06469561183135542
3.107208679693659e-45
4.0654137849642537e-07
0.002818854980158466
5.856193420640124e-07
0.023182894682692856
5.827141316734022e-16
5.345682964113909e-12
3.869049910619705e-07
1.0495785441058613e-06
3.9063678143060375e-39
1.6004844033664744e-12
1.0966853379887433e-06
7.454040737785003e-09
3.5068649364266577e-07
2.5662460254827e-29
0.00014683885142109806
9.176794038577605e-07
3.6429786981195644e-22
6.163495923860457e-06
5.265752623135473e-07
4.338743909026739e-07
0.0026746575883659918
5.066459772160117e-07
0.0002212949175634886
0.00015033588231122292
6.752994499716441e-45
4.1729481114457125e-05
3.751520419182285e-06
8.778363429516832e-11
0.008739055307754873
6.385488058774196e-05
0.0005488107605489505
0.00198662665055091
6.608082756063547e-32
2.8359327682376403e-06
0.001350092705330878
0.0034440461315915494
6.654933121287529e-12
2.9328619407760388e-05
3.886236434571105e-09
0.00244003278187091
0.00038393526824458314
6.805979053946893e-27
9.638778615085407e-06
0.0020146363809492125
2.7545355632105145e-56
1.780026076794814e-05
1.3609855058425222e-30
9.0848746294056e-36
0.000412032571096314
1.7618801864615221e-06
0.0018398860140432533
5.667273876031866e-09
2.6428943125483264e-05
0.00018735221482727598
3.277463225264871e-22
6.433109202936249e-08
3.354138993140987e-06
0.0011437301522240761
0.00039855283576585923
0.0001175622578116842
0.0005743819758595448
0.0001123867002652255
1.1295257537544525e-06
0.0027072491471374915
0.0017448916505380385
0.00027392534779108863
2.7819066193075875e-32
0.0006018629059958147
2.292933306456696e-10
0.001964198687833263
0.004951973009910127
2.695753748664003e-08
1.006249844778782e-05
0.00902599063954157
3.922973976542112e-07
0.005973745647382733
9.542752382386162e-08
2.8945532241013512e-06
7.006556632766407e-06
2.2301464249197512e-11
2.976084472207914e-05
0.009640858017978204
5.500514957073422e-07
0.0002381320602793495
1.580343569034278e-05
6.06988305712159e-12
0.05378530976577167
0.00111220174864226
3.156234229137012e-29
0.0006468807967376367
