2.883913660751625e-19
8.479351398718649e-19
4.894880064800101e-06
1.2926090369531548e-17
6.226592228245151e-13
2.961065376165619e-20
1.2972021364043103e-19
2.004538513776057e-07
0.00012993647594621363
1.102937049762616e-19
0.0001538085928891673
1.1275953444190437e-17
8.567445045826627e-17
7.283968488112253e-14
0.0001538085928891673
6.355408401278062e-21
1.6875952298956174e-17
3.629896341289669e-18
0.00016730470755329727
1.6017035916958718e-14
1.9331879190952137e-16
2.3895798736769052e-06
7.443359860058807e-06
1.0205013834288105e-05
1.6490480509253814e-17
8.1491449909739555e-16
1.968117337573096e-20
2.0884548829128938e-14
1.7149987683980312e-18
1.3471706088351822e-14
8.26556981942145e-18
7.899230165932389e-20
2.9536093203659097e-18
0.018059322958505764
3.0965936195441944e-18
4.1460643071737106e-20
2.6069416182278834e-13
7.772440708572562e-14
4.71655953314863e-19
2.556263750135632e-07
0.0015166893762144818
3.6463965907716345e-16
2.7806764189764898e-18
1.0043412682698047e-20
2.1999374992335984e-19
0.0002377760772974951
2.1023564728051624e-21
7.34199555561778e-05
2.4022847987079393e-15
0.002014058094981643
0.0008473888199629492
1.2486724288488272e-19
1.6514803351431905e-07
1.22240144382186e-21
8.965814016484799e-21
8.324347372009027e-05
0.00013802900106635319
1.6019138309410004e-23
0.006598678861728198
1.89932936815253e-17
4.555411243219636e-18
3.7158894680101073e-07
5.066262233025773e-06
2.5223158152622624e-19
0.0015663862124282307
7.945428871389512e-17
3.5446363332793327e-06
3.4345278924501606e-06
2.2408022967168453e-05
1.6498790241491619e-06
5.457308966839945e-08
0.002106066923066807
8.505373289628503e-14
2.643168912833269e-18
6.116960153628147e-06
0.00019996525549916433
5.7217651877422584e-05
9.76243616894216e-22
5.758361550230983e-16
0.00043812098244519135
2.297934450367362e-05
2.1040664724233937e-05
0.004254095304228572
8.369267351088006e-20
4.4847512207119295e-19
6.231906675225514e-18
1.4213839948472148e-07
2.870170346322335e-17
3.038025644663558e-15
2.7803835737256626e-19
1.1675389301894108e-22
2.7005639334508962e-05
1.3659807083148828e-08
5.937331085638582e-05
1.3831458082852208e-16
5.2892104850032197e-17
3.507123336576925e-05
1.2023620242430798e-15
6.961616307611661e-26
3.473356023780257e-17
3.775806804122468e-17
2.7705953665979246e-20
1.7280156255182749e-19
1.0802745021731696e-05
1.3422800823815327e-06
1.712007032367838e-05
1.4376596313078818e-18
2.25708483464201e-05
5.701866408865547e-11
0.001046341457753286
1.014304016608192e-18
4.978332383543367e-18
3.3746457039667084e-14
9.500366583110269e-07
9.60699473317644e-21
4.413774817352557e-19
1.1265011250346698e-19
5.073450309882233e-05
5.072328882219135e-13
5.937331085638582e-05
0.0007325305472116184
0.0002761126146458466
2.0137045345394277e-18
0.0009292016832871744
1.685888032361457e-06
0.00014611726781363354
9.431867690677738e-18
4.785990432934038e-13
7.360582021869377e-06
1.7161218899066177e-21
3.2128330311637653e-12
3.8186110652145666e-16
3.639347564056597e-22
2.1686517814053367e-15
0.0002625852595790866
1.780379080646794e-15
3.790097485461032e-19
8.773279125519143e-21
0.0001026724175261927
9.584840636355318e-22
0.0003973122261349618
2.3312417316768432e-05
4.281803420482544e-22
0.006790028705182813
2.7591644950481525e-18
0.043186566878653514
6.687081630492067e-13
3.503551392057617e-24
8.800544356189912e-15
7.4230628868030265e-22
1.9356518136841016e-18
4.2249574813253995e-15
7.211644453240488e-17
3.3353208622921936e-10
8.330477752192775e-23
5.546401980458736e-13
5.549853211159222e-19
3.717008548556933e-18
0.0001538085928891673
1.2460670980926398e-19
6.845294500565026e-16
5.4406953367079446e-17
0.005645361157457206
6.536648753128449e-24
2.0805815362254952e-16
2.3914974537014355e-20
2.2644242984147337e-16
0.0009959980015667004
1.1313367982765628e-12
3.273407334531377e-09
0.0001538085928891673
5.1555232363160314e-15
2.202220333613069e-06
1.1477005303823497e-17
0.007167880069729016
5.3313322236800476e-18
0.0005401455929855276
0.0002068199424966037
0.0014435348729962766
4.866174582249964e-15
1.937165827875672e-20
0.0004565895065276569
2.5603994006638193e-06
0.0001538085928891673
3.883165848047146e-16
2.1757229936758263e-09
3.6496632084028286e-20
2.5293985125496948e-18
1.2579798110709325e-18
0.025806645429800597
5.585705737195516e-18
0.043186566878653514
3.820028696392697e-17
8.344049669445061e-20
9.70778620188248e-19
4.1960576768675893e-16
0.0001538085928891673
1.7886599016866425e-21
5.123045322087479e-24
1.0078779013691647e-08
7.304563699642964e-17
5.169229481790082e-16
6.9334720930073955e-12
7.897017698438805e-06
6.561055386092525e-07
6.149974095300485e-06
0.0003208875436346622
1.419209347288681e-24
2.39213332861823e-06
2.1219566081095828e-19
3.1393743320900284e-05
2.156599939462341e-18
2.0177712135040566e-18
1.0508891471357915e-10
3.1144574704336603e-19
2.7302720424232916e-17
0.0006280771270152641
0.0006917580758863805
0.0001538085928891673
2.936685077266208e-20
5.937331085638582e-05
1.3014644817627872e-17
4.7257893630212266e-17
7.783958366258069e-12
8.711716581222394e-27
2.2625406066594223e-17
5.937331085638582e-05
8.532280764052833e-05
7.52548768691799e-18
1.9136769357880815e-16
0.0008188804585034307
2.023938826309695e-06
1.4426665988955092e-07
2.6497995815876483e-05
0.0011356984506731595
4.379302775064286e-18
1.9752639979148344e-19
2.165956082766066e-15
8.907256849453467e-16
3.142189509819747e-05
6.627343407317621e-06
0.00011313315190871961
1.9753140862229508e-19
4.7619663292587335e-07
4.112272890149895e-05
3.789437574174653e-16
2.5417759326299436e-05
0.0002240032439769987
0.043186566878653514
0.0009509826473394559
4.829580351532298e-21
0.0001294336998775153
6.977033306857664e-05
0.043186566878653514
0.00589958916967438
2.917456830091855e-06
0.00029032440797283933
5.900918015103911e-05
3.6841636733828225e-18
0.0006095477698772056
9.982525155578831e-18
2.343764269932317e-05
2.6375981938539576e-07
7.808019208240674e-05
0.0005733149067393938
4.718339288082501e-07
4.012571881081874e-22
0.009245462697592513
1.9449372824120043e-05
0.043186566878653514
0.0001538085928891673
3.315865904255895e-05
0.23060056243407345
3.4405096509740556e-24
5.5746653881293743e-14
3.94138021675043e-05
0.0003655852611330897
9.125151369133224e-25
5.165259929950027e-14
1.33298179214386e-11
5.392319324173739e-17
0.025806645429800597
1.8069104872665638e-15
4.596573069930766e-13
0.0001538085928891673
0.043186566878653514
2.8261671652242224e-20
6.989700729532404e-22
0.0002240032439769987
2.03630540354664e-18
1.1478736873739268e-20
7.225411248594987e-07
2.2749113175246892e-12
6.519823722190035e-15
5.323110231026007e-18
8.759678741992984e-20
0.025806645429800597
2.1474493442956675e-22
5.30245102778595e-05
0.0005861023084879306
5.745019211030538e-24
0.0001538085928891673
3.597171739759887e-11
2.3228399350855473e-05
0.0006923251896584562
9.503789960648158e-06
0.009505001427412773
8.204049522599021e-13
0.0001538085928891673
0.0029901146991394567
7.956333896753487e-16
0.0005410567397714644
0.00012601677077115627
0.017023814474130036
5.051080000471617e-13
6.503835356990868e-23
2.265916827566262e-07
0.0010037038976873636
0.0008207783793305751
0.0015369161629754657
0.1992955603806088
0.0002799703534115891
4.8469368441151435e-06
0.0005713303860941377
0.00015802171140816973
5.937331085638582e-05
2.4417573299676215e-28
4.577374084132512e-10
9.088945483738935e-05
2.884637993413198e-13
0.0005998228456669703
8.500475732810047e-05
4.246375905979538e-17
6.008917372275161e-23
0.003179596182835559
0.0025044885955512602
3.9887447986687366e-14
0.000408124756179986
1.3202805679419573e-07
0.003314172238372215
0.0025865314260763994
2.867943922707373e-06
7.821500385153044e-15
0.005019433991677034
2.2547204893371082e-07
1.2281087621104983e-16
1.6199269556501962e-05
2.912673453720315e-20
0.0005734408275992614
2.0941352070657353e-13
8.492996878674443e-06
1.8065524440581346e-05
3.148118588381813e-17
0.0001538085928891673
4.2176526087255975e-10
1.5262389431274656e-26
0.00013257505422632765
5.937331085638582e-05
0.0018018745188648096
2.0902190248550857e-12
6.169931124145676e-21
8.634109912622825e-05
0.0001538085928891673
4.194525654120843e-21
4.6198706892005514e-17
0.0001538085928891673
0.00018653768725521158
1.9160644565349228e-13
0.06559302526223165
5.857704266681888e-18
0.0001538085928891673
0.0008456827437993801
1.6172630837406052e-05
0.002060185992860134
0.00010151772967574577
0.0007495580466153201
0.0009968721377495735
0.00039686048819552455
6.03512406474831e-23
5.8199531915427614e-05
8.160078385427994e-05
3.5464146156376058e-12
2.7417562120023677e-05
5.389065967056724e-08
0.043186566878653514
5.2043866664934717e-11
0.0022859103455803824
6.024677258018226e-06
1.0418756154545854e-22
3.5537708649552866e-05
4.902745109015828e-10
0.00014324782386942827
0.0002829082468251812
6.450577186012385e-05
1.7082358261178002e-11
6.621570257144601e-05
0.2688700963955864
1.3472305137879917e-14
5.518034982009609e-19
0.043186566878653514
0.0007441870725063762
1.995008371175544e-13
1.7497215446633191e-07
0.0012690829553374937
6.418756801855278e-15
6.607887460357317e-06
9.589019414578626e-16
1.5868259739675984e-06
1.81403102225683e-19
0.06629754928070719
2.6529749697876593e-05
5.348164501885188e-25
9.637784382925857e-08
0.028548441811711456
0.0010399739491266935
0.043186566878653514
2.4772566662639078e-20
9.128756344203031e-25
0.010889467008111343
0.002636232341365341
0.0010847876085456273
4.0612842570109236e-14
0.0001538085928891673
0.043186566878653514
4.1058565303457703e-07
0.02540239381683118
2.3883496517928858e-05
9.911258539933695e-06
0.00027481068516568954
3.0215693543653728e-06
3.3869398385457114e-21
1.548694006138153e-10
9.261635519607012e-06
0.00045018298971068876
0.0026083250556360738
2.5911063647227088e-18
0.043186566878653514
6.138088689173564e-20
0.0010641221924491406
2.452806464106417e-23
1.357071872982367e-05
0.012969724597024118
5.937331085638582e-05
1.310973959898296e-22
7.462522548551285e-14
0.000128998075633901
1.2576240668621258e-13
0.00023247902818588189
0.20049441602516538
3.877845409036378e-05
1.842718548191628e-06
0.025806645429800597
6.287645989665869e-05
1.2278229529948556e-06
0.0022733092079029577
4.169769264395694e-07
5.937331085638582e-05
8.033686139789389e-14
3.49588882866958e-05
2.8101120043508324e-13
8.973105523104277e-17
3.8437864774424256e-14
9.388443726676365e-07
7.470973389347577e-07
5.937331085638582e-05
0.0001538085928891673
5.988264149564042e-12
5.937331085638582e-05
7.40966216101818e-15
1.41051878579036e-05
8.22999784125409e-06
0.00011158572568024197
4.660564050127103e-14
9.615074010714817e-08
6.660803955483036e-18
2.3562490514055733e-14
1.2516237465248844e-15
1.6135761052598515e-22
0.0001538085928891673
0.0001538085928891673
2.0995067351948785e-15
0.0001538085928891673
1.6207095033153495e-05
9.837477154993391e-06
0.0064872579693733366
1.1491290391000434e-05
0.00018123206159065814
0.00041511438714785616
7.129288466330098e-06
4.808430026620968e-19
3.507123336576925e-05
2.4729681235813308e-05
0.007629241960515988
3.5576261713178426e-14
0.00039547832853483025
0.0457380413211051
2.0511524095745285e-06
0.011457291112660528
1.2571130683543985e-19
3.027166047154299e-17
2.638385826074894e-05
0.0001538085928891673
1.74933010131461e-17
3.3231396383635173e-06
3.5213689837236613e-16
0.0001538085928891673
0.001753610497914615
0.02088114596724269
1.3651587601349378e-33
7.559785091406638e-06
2.2405361278277907e-05
1.424203347487841e-17
6.963062295018565e-16
3.5277539293840015e-06
0.001861288407355291
5.211756664071791e-10
5.174480221283179e-10
0.0022765437215716833
6.530007665250266e-19
4.0689865258630416e-16
6.349079797332945e-23
7.369471958174541e-10
9.3599925931203e-05
1.0925145247283703e-48
0.0005142416974385396
2.0998690684913496e-05
1.78972351534306e-13
1.711383299441139e-06
2.3959379396471964e-05
2.161374221455806e-22
8.790279677392958e-12
0.029473784043732236
4.948866288749e-06
8.866052338646269e-18
0.0007583642629676313
0.00022047887432490864
7.802847732633618e-18
2.8390699959172506e-05
5.937331085638582e-05
1.631394323561931e-18
0.0009267060448948511
2.7670906719917158e-17
0.0005671144573626123
1.9923729839249974e-11
5.93637717964064e-08
2.6334776437390546e-05
8.167251545124857e-20
2.932879943972398e-24
1.7539799036345126e-21
0.007555854454039652
3.3362971601516296e-14
2.5982707155370732e-05
5.268801883975964e-06
5.937331085638582e-05
2.391003268615588e-23
0.00012593070206758268
2.9208247425980714e-05
0.010009174700016884
6.891594984411131e-16
5.504424452718687e-15
4.4353865075835415e-06
0.00019716648744567532
4.689640141043221e-17
1.8557138601982097e-05
7.900038124345462e-21
5.937331085638582e-05
1.0328952014007917e-22
5.639514576772705e-13
0.006144641271927339
1.5473943144799295e-18
2.310142070458564e-14
0.0001538085928891673
0.0003059288453843067
0.0005428682273209995
3.1396782320777043e-15
0.0004089400774117402
2.4604198598744987e-05
0.00015648159850629572
9.827017453497437e-05
0.005738321308232703
0.01094374077329858
9.758833317383441e-13
5.704163908398035e-06
0.18646644234394216
6.323505178273296e-09
8.258261159586688e-06
6.509102063128607e-05
0.019873255575491425
6.048162258093369e-21
0.043186566878653514
6.63772223027513e-14
2.477378636634956e-14
1.951280719456795e-11
6.035015385519082e-07
9.651019808978086e-05
1.350487133376946e-12
0.00011561043623319837
0.012690929264908115
5.427837916792883e-05
8.421699701550865e-15
2.0047569667207862e-05
0.0005052540273584286
3.504100275956913e-19
3.822904296071957e-05
0.00035798180662677953
0.0003965739441078864
2.0409846774642203e-22
1.4274045316161626e-20
6.91551764466229e-19
0.03161734658631274
1.259052532573436e-05
2.543313288151746e-06
4.9677553248355646e-18
1.7238997934120538e-11
0.00010300784393343478
0.00010996947252050505
0.001179035235624677
1.362247646734442e-15
4.7705095176728335e-12
9.22737783697755e-27
1.4988890565387536e-05
1.0539209423393213e-18
0.0007315996467495145
3.0215260843454256e-05
5.1008734334663964e-24
3.687725464442128e-10
2.7806713389901492e-06
2.2098437583094723e-05
3.9539601682631284e-14
0.0017824098387363985
4.516008068571803e-15
6.881691957358407e-05
3.80348268221351e-17
0.0001538085928891673
1.5901094914494578e-05
1.4124951090402097e-06
3.2401355562687214e-05
4.506187547989259e-18
1.3505899475060286e-18
1.7150018600726523e-20
1.5099398616649473e-06
0.025806645429800597
1.5008918370882021e-05
7.995168758722954e-05
0.0029807028064523914
0.09117712072702037
3.2092559306648865e-06
1.2611287407219315e-15
4.474375313254755e-06
2.7716709470341183e-05
1.160328801523669e-05
1.0893671886975065e-05
2.2311995074539465e-13
4.694336548171522e-09
2.301358300257449e-13
0.0001538085928891673
1.2650035933771037e-06
3.038512217262163e-15
0.0032571841163681406
2.9174830011791425e-11
0.001254830222933545
6.620584649601141e-07
0.005811709504212682
1.0555672170177371e-11
1.998860855816124e-09
3.797830764443433e-24
0.00012454737485901105
4.802928707891902e-17
4.931236077834549e-21
4.123139541477568e-15
6.73588854368505e-18
0.0001538085928891673
9.035297956158533e-19
1.5023064633715275e-10
0.0009757147776580743
4.353482095160076e-05
4.7735499529369396e-05
1.5716178902669373e-07
7.994094489930346e-05
2.6358572959545865e-19
1.6355674469605607e-15
1.8636447467944766e-05
4.057411046058941e-09
3.421012196505134e-06
4.61257820689476e-19
7.125535317697372e-18
9.453101594673769e-17
2.5982707155370732e-05
1.0018829776179047e-21
7.121335835479356e-06
5.937331085638582e-05
3.507123336576925e-05
1.037294462315096e-06
3.9669720744935064e-08
2.3307195011918095e-05
1.6988050942817326e-23
1.3884976443166694e-07
0.0001538085928891673
4.834338555424325e-11
1.0587088974546832e-09
3.1924409318149804e-11
2.599690770816401e-07
5.163060185356506e-06
1.272731393648418e-18
2.7872891496874078e-05
0.0011882393683106118
1.6509440642466557e-21
0.00010419725153157366
0.00026730129661908276
0.00010027502386578298
0.4484374249862137
5.937331085638582e-05
9.17661636357157e-05
7.144409433323303e-18
8.637535328815213e-19
2.5125349931790254e-06
1.46075497208186e-07
9.191118208582462e-15
5.754519870632506e-06
0.0012104172805630364
0.001045598249036682
2.6839959562505147e-17
9.085503053985129e-16
6.0388117425381194e-15
0.00011166084531008449
4.798059485629882e-21
1.1372612815722696e-15
5.108632992439216e-05
0.0002507415444815653
4.3014081780590787e-07
3.2620134202268314e-06
3.4545309443374233e-05
1.2109146173729644e-05
3.468796655042986e-12
2.0082593907736315e-22
2.8980228328740245e-07
6.5300811012606246e-15
5.1285052207375836e-06
7.421222875229789e-18
9.14877439248671e-20
0.0035704903476785023
5.937331085638582e-05
9.591790392320545e-17
0.0001538085928891673
8.647007712704298e-21
3.228529214960799e-05
8.50542767889213e-20
7.377561707491841e-06
0.004203795082870965
1.0058833985129254e-22
3.9800821657724457e-14
0.20575395118043346
0.0027100562834992703
2.3133722955085236e-11
0.0008458825599413089
0.00011445236364988898
2.3044530457957356e-22
0.0002561682278942861
3.517816611566903e-05
5.630079557489234e-05
7.167622601622745e-06
1.1133310747273427e-13
0.012376981573995138
4.464600799081315e-36
0.00017394085424283633
0.01318248008745045
3.4647759797491716e-05
5.3131999392579005e-14
0.00015102981632557702
2.725746483282691e-16
1.0688629581659503e-08
1.4436987961857885e-41
1.8616470644360343e-05
3.0229716235325503e-21
2.1640899082210726e-05
5.956281065116593e-19
4.6705845767663554e-05
0.08132684410784115
0.005473268735631068
8.421699701550865e-15
7.227907954965339e-07
0.00012422944834203164
5.937331085638582e-05
1.4005269986085062e-05
5.444824748481195e-05
1.0873895699982931e-20
0.00022946857807119858
2.829045750057462e-10
8.550809249611925e-06
3.1712997313520655e-15
1.0439458347378205e-13
5.957443003625366e-07
5.234995652051348e-15
8.416323344149815e-16
0.0019561533601176323
6.654943961901477e-16
2.0209115406403246e-32
2.2504286700565565e-06
0.001997399581513844
9.491662210125051e-06
5.927214512773287e-17
0.00010950864275036627
9.91972717482298e-18
8.800779172245456e-16
0.0002921517078738299
1.5093352746812967e-16
0.029468493863451517
2.7113411379230004e-05
7.359487524049033e-10
5.9306377664286806e-08
6.7045535870568635e-06
0.10402520437795815
1.720428781519401e-19
4.87461479553942e-11
3.5960209848577562e-06
2.612394801534093e-12
2.0403707315581127e-10
0.00010132185276019723
0.0003487865219253643
0.0129574749359606
0.0015633465292595647
0.014307814143338227
7.713345424431407e-15
3.3894006389643397e-05
1.5710389143638523e-23
4.736474246896981e-05
1.6990461427146206e-05
6.955299931402705e-16
8.784326308858224e-05
1.5040394431177414e-17
5.0864558228820594e-08
1.605430911933105e-24
1.3811708631413477e-05
0.0006934990394266165
0.0009204194873683874
1.9784423320829174e-18
3.537893873318968e-05
3.156572347009275e-05
0.043186566878653514
5.937331085638582e-05
1.597525788378246e-05
1.3514627744096122e-16
0.0002240032439769987
9.43750345992973e-09
4.0271207880787134e-20
0.0023069610273638297
0.00011794042266092576
0.043186566878653514
1.9245788762517313e-05
4.4055719749254787e-13
2.760448455426438e-26
3.713666463713125e-05
2.2111315979780625e-11
8.313746356288189e-05
5.937331085638582e-05
5.937331085638582e-05
1.616998269257029e-07
2.1690750897463795e-06
1.6884902576902064e-06
0.0001538085928891673
0.0001538085928891673
3.642911791006424e-05
4.891593291977725e-15
1.2891254052468524e-16
6.283077057123668e-19
0.0001538085928891673
2.0310222345200823e-15
8.842611916337546e-13
4.408531954099861e-17
4.923122685365383e-10
1.4167815059164176e-17
1.028443287233617e-09
7.198235477741914e-19
0.0015359164658624328
2.9922163821750135e-16
0.0003330794330802505
5.91584542959171e-24
3.927040600198669e-18
2.181137062535349e-19
3.4865518804295697e-15
3.709519553985274e-20
1.3535501348118741e-05
5.937331085638582e-05
8.101281167175541e-16
8.374447661621049e-12
0.002053434143243882
0.0001538085928891673
2.7684747578229567e-18
0.043186566878653514
2.4178655076007458e-23
9.337252337815717e-12
0.0001538085928891673
2.0393452377875122e-05
3.7042239871120426e-05
2.8982522392245504e-13
0.0001538085928891673
1.1916593664964463e-05
9.950447448402436e-09
2.5770492267381536e-22
7.008311478968348e-06
1.6395461691951056e-18
0.0008414280982111096
1.2982840067835057e-05
3.427123943229929e-05
0.0018740687266502118
4.18965337845265e-13
9.48010764445067e-05
7.103692893328751e-05
1.3393404144511638e-21
1.5530243125673435e-05
9.091676695315768e-06
5.571404518683096e-18
3.028410872077428e-06
1.6991978562093467e-22
0.004036847006911365
8.258914755521262e-16
1.0437752686353333e-25
0.00024198562631508325
0.0001538085928891673
6.074304096157581e-06
1.090586022662111e-17
0.0001538085928891673
4.1957212406494755e-05
0.00011144281232128121
7.216794923313512e-06
3.3118703523506225e-09
2.6356657715428717e-25
6.586769164394594e-05
3.7798556658717355e-20
0.00010540226190748278
0.0010866458568909998
7.758244359081209e-22
1.9478309646437508e-05
0.043186566878653514
8.481203371512445e-13
3.1175014142084616e-06
0.006843697700996984
3.8620510810748523e-16
2.863900780058411e-06
4.52113730847401e-19
3.142228424869069e-13
4.121683312630162e-06
5.937331085638582e-05
0.00019231921131807994
0.0006091728027110138
5.327717865021426e-07
9.492367660801366e-07
1.618775868024103e-13
2.0614590717895477e-17
1.9157348006278794e-11
1.5916048842768498e-13
3.727069972387955e-07
0.0002566675485375647
9.582619148733732e-16
0.0015865876005176638
3.8843757572102387e-07
0.011535818166584904
5.547808566388944e-25
0.0005302245830378916
1.341294172536648e-14
0.0006186389617480886
0.0001538085928891673
1.951987296256e-05
0.0024801946652073105
4.747770491997768e-16
5.937331085638582e-05
7.912172619426119e-11
0.01449731708076686
1.2221669238397668e-08
7.296918261167196e-19
1.8014284686733498e-05
2.7663099353490767e-13
0.0029494273857654917
8.48925056070963e-18
6.066327199227775e-20
0.03510447281181352
0.0005844107296522229
5.937331085638582e-05
0.0006645584283088885
0.0018472459697442684
6.912695340712334e-17
0.00011922295493289187
3.3006202798374686e-14
8.755820174633118e-09
9.317606739425634e-05
1.2374354810714779e-12
2.613316235602521e-05
0.0003491397861991822
0.00010551582516818555
2.5052108513517757e-15
1.806629736705979e-15
1.1217114243055595e-25
0.0036391561514900195
0.008190260741677061
5.605845496777237e-19
7.065754308132366e-05
2.9157305697434088e-06
0.005019433991677034
1.1602114994395687e-24
1.2185310480066326e-29
1.3388582102330062e-18
0.0077372906995509805
1.9892014751554867e-17
2.701130156510938e-21
1.2333806420809435e-20
5.885843172817253e-15
0.00010463390240927269
9.772158099716628e-12
3.4701734129067007e-15
4.232310550876833e-21
0.00012422944834203164
0.043186566878653514
1.3687429755014901e-05
1.0484831375760433e-13
0.0008762408055418003
0.0006796292976120888
1.1387552123788336e-20
0.00010530820266919753
7.508998861512951e-13
0.004730244702155436
4.6744403762272166e-14
2.1006259371035783e-05
0.00012422944834203164
1.3661405901649263e-20
0.0001834958709716339
6.783778751417975e-19
5.937331085638582e-05
1.2867949926507762e-40
3.3085287191800464e-18
8.266753051621877e-06
0.0035475578575601212
7.882176746904972e-06
5.991857358183533e-08
1.8337666194271395e-15
7.609609649771208e-06
3.95027785841415e-18
0.00016661953063109355
0.36435077358960327
2.436682542116597e-07
1.3364377495073569e-05
1.5710389143638523e-23
2.6841999225110976e-06
3.649444810217973e-32
0.0001343742329003901
0.00044252625143628016
1.0339710262664113e-18
6.127250922953618e-05
1.7356575701240127e-11
6.1569207358835365e-06
5.441529682311281e-06
1.3800286642652557e-12
7.61775323563756e-06
2.0862618075638573e-22
2.4936574251859037e-09
2.2578286630072783e-15
0.0014908206477925838
6.119019956052705e-15
8.805382977847083e-16
2.65274087606326e-22
1.2884733347865147e-19
2.9497489941114645e-05
4.537954311228414e-12
5.1252545252926665e-14
2.827295404171018e-22
0.008419775815991617
0.0001538085928891673
2.746981508979711e-18
0.0025619826794213707
2.107209769765261e-14
7.022970732301013e-05
1.0117190406194163e-19
7.62685620675152e-08
0.00021317130047433797
1.637115434127429e-13
0.0001538085928891673
0.0017370997534995561
1.2803204087017312e-16
4.264658788702374e-09
1.1359636560898152e-06
8.907707426367498e-05
0.00016154233920018073
4.209357410522201e-08
0.0024499789174374075
0.043186566878653514
0.0517090190976328
1.8738101763980107e-13
3.951303018455897e-05
1.0311432628531803e-05
1.1465010839515415e-06
5.937331085638582e-05
2.9993673019601193e-21
3.174353575438128e-16
0.043186566878653514
2.6179378292811435e-19
3.2776163730585384e-15
1.6398494985214473e-21
1.3936232229952e-17
6.3785345171434e-20
0.00023874525213226326
0.0001538085928891673
0.005019433991677034
0.043186566878653514
0.007521769788808293
0.00373656495159669
2.374432745189158e-05
0.00038335462717460427
0.0007946703942409896
1.4487247701220909e-05
5.10305268688491e-07
0.000412533104447221
4.278593508033189e-34
9.07855412612899e-07
4.601203635935543e-27
5.4123268176196095e-09
6.556749435310743e-23
1.234377391609847e-05
1.8838776137539765e-06
3.490449676074359e-16
8.161255567553752e-07
0.0009379534672130085
0.043186566878653514
2.024450148282603e-13
0.03476314121834445
2.7746541427072164e-06
8.076793548896481e-07
1.241584056519437e-28
1.0499056861708137e-14
0.0001538085928891673
4.1705688000845793e-22
2.5486385265414756e-12
1.4258087008670908e-13
1.2751758545663715e-07
4.7313899898094145e-11
8.753957016166961e-12
9.002713958991573e-05
2.6795936947346337e-06
2.648658873649745e-14
2.214195309480147e-14
0.0002585415647728757
9.326477913573325e-22
9.887200095269353e-12
4.14455945787974e-18
2.3221410643604563e-16
1.249121870269347e-06
5.3682008836847885e-06
1.2327402944328728e-10
0.0001538085928891673
2.5797144813359675e-06
1.973836253478551e-07
0.007751264518701975
0.0001538085928891673
6.0992677215950616e-15
9.828601530650347e-05
6.220001396556275e-07
1.4075862492864103e-19
0.00021204544564204858
5.8021962256954353e-05
3.2014757761697033e-15
0.0018579104106345912
0.0001538085928891673
7.945826493041751e-05
3.592027176552453e-16
8.018840102913365e-05
1.4048134073326897e-06
1.0481839296592489e-15
7.247778074965667e-14
3.6910768698952744e-06
5.35133020630412e-08
0.0004504616864252839
1.0945497206069044e-24
0.00030360441388802874
0.0016154203328309913
0.0006236972933128804
3.732941173391993e-18
1.3598711629990172e-23
3.629315184576364e-06
2.6239218522317595e-05
0.00024030998010346472
9.830820449999944e-14
3.009600459927195e-14
1.7135715721414742e-10
0.025806645429800597
0.001058562468745354
3.7767341344076674e-15
5.310145160548559e-16
0.0008866692916263685
7.952947913740145e-15
4.196733831069275e-06
7.525217576517289e-05
4.741021735549194e-12
0.00014859417801532798
2.158934993570178e-05
5.937331085638582e-05
2.2205637098895187e-12
6.365937708755856e-07
0.0006452609055143527
2.909490041942608e-05
0.0011068273643555643
0.0010471880941132342
4.8341152200022165e-15
5.626211793458318e-13
0.002363389523659498
5.42120699596162e-19
1.9858816007005847e-16
0.017486564297992745
0.0008586314712677179
0.0010090683947919202
3.4632573360430516e-07
1.4686198792036983e-06
0.0001538085928891673
0.043186566878653514
1.4034814897324194e-12
6.4533649109017885e-09
3.4285595779364156e-06
1.2132842066986186e-20
0.030867208198049
3.5546207127693485e-13
0.005311388534965821
6.573811789366887e-05
1.0494192578316331e-18
0.0001896827359501689
3.9659946735439547e-25
3.1331301934583845e-07
5.325128838625287e-20
0.0013190750897514483
3.4846375357773488e-06
1.4248783173972586e-06
4.15513933971654e-18
0.004254095304228572
0.043186566878653514
4.5870901877842933e-10
1.3245701251443827e-14
8.43302900190437e-17
9.48532909155964e-19
1.3256131071761827e-05
2.1577032343193246e-16
1.7222923346666528e-15
5.937331085638582e-05
3.1093943619578567e-08
2.8835222994917797e-18
1.509578483561846e-15
0.043186566878653514
3.131375046331858e-18
1.881496997725311e-15
2.0937576432669344e-05
2.42202708281601e-17
3.050832140005962e-20
1.1313963242700082e-21
1.494704308598577e-06
0.0025758710041279163
1.8408277908328613e-21
0.000493018492924476
1.670310062577016e-05
0.006297857648380864
3.1905727091937057e-19
1.2779401739392603e-07
4.8895981471319885e-05
0.00016115996343135387
0.00010467145607225525
2.944455631255658e-17
2.241012685218399e-15
2.2251236284441033e-05
1.4179791052860754e-12
9.948358850676724e-16
0.0011951614847492873
3.362227156968463e-14
0.007595751473952915
0.0001538085928891673
0.0001917867262323128
6.608677479138142e-08
5.937331085638582e-05
4.494836228461068e-05
4.898124371331201e-21
0.0008866923416147414
7.901280427180142e-05
0.00015039681582492553
0.0014514301270532881
6.029237283620493e-06
0.011156593804020346
0.043186566878653514
0.0006856715360201854
5.13135602529937e-05
4.971376338767966e-16
7.494836787032288e-18
0.0004593841384829822
2.0357714534499638e-05
1.717458264999053e-06
1.4310533545928315e-05
7.07153784670924e-05
0.0001538085928891673
9.496288679743305e-06
2.5959592070473452e-11
7.887442759024754e-05
4.452481047015457e-23
2.1460852403646512e-07
0.00010612338019928662
2.166350091013469e-06
0.0015905346787680782
0.00010823399219680877
0.0011400914215071339
2.2138377904069357e-12
5.794363589959718e-13
0.0009095390119685079
2.1211242403043974e-13
1.3332150179185645e-20
2.004354774250726e-05
0.011362410659393807
1.0896720779732062e-19
2.0418525230760907e-16
4.896192795727149e-06
5.1183182042522686e-05
5.937331085638582e-05
2.1474155951113583e-07
0.24665004713385266
0.0004466733925174862
5.294221377892777e-07
0.00013408872286898928
0.0006634374438761322
0.000194945268887219
0.0001521778586739686
1.96766594081469e-06
0.0002350362181827853
2.3012845745272222e-05
8.109194349202284e-13
4.925533374311785e-18
0.03652030208762726
2.5869295221558192e-06
9.498856321691619e-06
3.597273263302895e-19
2.0618548706054108e-17
0.0031762805393904326
5.937331085638582e-05
0.0002926156056658043
1.2330726470157602e-05
0.025806645429800597
1.3263285114089013e-15
3.3191265719032413e-06
0.0035704903476785023
1.1085899539551777e-15
2.165328840257906e-06
2.8333816356186628e-05
6.745839592146733e-05
0.0004447005141766762
3.5137415047177256e-05
6.028806673093172e-06
0.000132697282104563
2.9138867039220834e-17
2.8747717916912683e-22
5.957173341294431e-07
1.294189981546071e-10
5.937331085638582e-05
9.44146899784609e-34
8.352683451968956e-07
7.838959615352035e-18
1.6769815349743867e-15
3.7756189628967586e-15
2.0116078156185838e-25
2.4467439301762596e-17
0.0007220248994167151
3.5214272063546824e-11
0.0009415672380103449
1.3885815102424018e-05
4.877863126397723e-08
0.0001222866869894125
7.403178386095218e-18
2.860285344194396e-20
0.0006965763272924752
5.250586306033194e-17
1.4805679691987513e-15
0.007392065366966187
0.000168083461967259
3.1090831659785713e-09
1.7277811768712212e-18
0.043186566878653514
1.2033929579935474e-06
3.0791557448354907e-15
5.768206595217105e-05
2.344880418351607e-17
0.0001538085928891673
2.638138571481257e-17
2.064193030145046e-26
4.8282714607539694e-17
2.725071746665959e-05
0.001590662925388453
3.065545308222915e-09
0.0009120151387539965
5.937331085638582e-05
1.780534593843462e-13
6.089794485759493e-06
0.00011821933256158865
2.906903934361667e-23
0.043186566878653514
3.467507769530038e-07
0.043186566878653514
0.0002884360765643586
4.8360941747838076e-05
2.4059496869317278e-05
8.112385716245374e-06
2.0843645665277146e-16
0.0013894024984500014
4.068147834377126e-10
0.0004318480232636361
4.692168365105427e-14
5.74930753747007e-12
4.577900845691575e-06
1.5734803942566113e-16
4.388953130023332e-15
6.447529646472187e-09
3.455788024185815e-15
1.0451860737217868e-13
3.942464400668666e-05
0.0001538085928891673
1.7466643608242327e-14
5.937331085638582e-05
1.161581977090198e-21
3.934767394724093e-05
6.161328024974868e-11
2.3856824586886245e-07
3.0928315193820346e-18
2.5281773713942245e-18
5.4815988361054035e-21
3.544709431262459e-07
1.1064291211813737e-06
1.0130505336210888e-16
3.019098352350381e-15
1.8291847581302054e-21
1.0467263529606797e-06
0.00039866404334059843
5.470781676971885e-08
2.2781778976839878e-17
8.395672751426672e-06
0.0001538085928891673
4.545540094483832e-05
1.8338686407735504e-05
0.0003541677065980417
0.0021774015744948634
8.365063981005545e-23
4.042976573786026e-05
3.434178075848468e-20
3.6543735281138734e-15
1.3747280893918093e-16
0.0004464168537125675
0.1729671599761744
1.1752505021217263e-11
0.00563523620874397
1.8513493463052146e-06
0.00034669097876340987
2.666603086082172e-05
9.478965030652736e-06
3.495219389301161e-05
5.7039917245222724e-15
0.0016009361636282566
7.543998375822196e-15
0.015926955623345358
1.0776077865824788e-15
2.1650834762479956e-05
6.035015385519082e-07
0.0001300044799109041
9.784680694449388e-06
1.979586927501844e-15
0.0003915064521572133
0.00024176258209416407
0.004675826036653431
0.043186566878653514
0.010580409203142564
2.9909950414834987e-12
1.394334824990036e-19
0.043186566878653514
2.6751475958873277e-17
1.9403539862082315e-24
0.00019078665609642922
2.171614604812671e-28
0.004596987727174861
0.0001538085928891673
1.1834467222001615e-17
0.00067714084141373
2.530999996063334e-05
5.937331085638582e-05
6.455282199979657e-05
4.535362191315228e-16
1.2998231760642757e-17
0.0001538085928891673
9.752589144429293e-13
0.0004910576273261802
9.224929992010101e-23
3.746485176255213e-13
0.0006946641180707896
2.3464199804457255e-48
4.9871521302809457e-05
0.043186566878653514
8.193198499978644e-09
0.0011947127211405714
6.276012917197332e-05
0.00011703639868001527
1.5787060088284607e-19
0.0003077453023999921
4.9232173739850405e-21
8.033294112682167e-11
5.156906766002733e-05
6.361615180425264e-14
4.422602597088665e-19
0.0013423627685094574
1.60316907409607e-05
5.937331085638582e-05
2.0016347026908518e-12
2.030870291087502e-15
1.402015572317286e-05
1.2616005162165945e-12
3.1474317305273093e-20
0.00011675856144410801
1.3556866290392958e-05
2.537522756696254e-06
1.3962370721180992e-16
0.006012609092180012
7.656176973693149e-06
0.0007737589313722981
0.00012422944834203164
6.807326809203903e-07
8.145495816081413e-06
3.3868969847991245e-06
1.7175919866640592e-12
5.523394421599445e-08
0.00011905064553463518
9.90661809572575e-09
9.832584231184932e-20
1.4995905519884014e-12
5.595566561996584e-17
0.01021188223406222
2.94751944053343e-17
0.0007620763575139078
8.04775057776071e-06
0.191219569802552
0.0001538085928891673
2.6825218984563625e-06
5.365282976797499e-12
0.000493195964195791
3.173274640811104e-14
2.617229709794634e-14
6.785346889300135e-17
0.0004605543537682284
5.937331085638582e-05
4.3294509544527e-15
0.0009825644878999618
1.0112506973239752e-15
0.0011343457245553466
0.01144937568923498
1.0246316971023628e-14
2.9984829191541326e-14
0.00011289138351103546
1.4263016360313983e-09
0.00017837176771576257
1.1152529225406195e-14
0.003525582919961068
0.043186566878653514
2.128010995501098e-12
3.713998729890314e-15
0.0016588378552546239
5.670335366784307e-05
5.614753946896372e-15
0.00016388416866769395
1.3596720852222152e-06
7.007849572074877e-08
7.167108642143941e-06
3.192111136427488e-12
0.0001589078538988117
0.0011107868783976835
5.937331085638582e-05
8.89293136197304e-06
7.679709636447958e-19
6.471223031219523e-06
3.416741371824871e-05
7.551266221054126e-05
2.2547204893371082e-07
1.4132851382360099e-09
9.478965030652736e-06
0.0005714491941925109
0.004630106777668191
1.0120702662414762e-05
2.498197895643173e-07
2.912469856736672e-10
6.018255303235231e-17
5.937331085638582e-05
5.403075756190109e-07
9.478965030652736e-06
0.043186566878653514
0.0005453128128329598
5.937331085638582e-05
5.894988359931542e-10
0.005148606065332805
0.004254095304228572
1.7296399870344262e-10
3.916596163267521e-18
0.0005084021441584645
2.4496114917282852e-11
7.888382481241015e-13
0.0013718992789203853
4.805633887589825e-13
0.8519598394807666
5.049086477568296e-05
5.854548897934253e-22
6.107427314629289e-18
1.44369830184277e-13
3.4407237833480127e-06
2.7018529844392597e-22
0.00020223269410269478
8.18157217170358e-06
0.0018544037756969833
1.1753403152714658e-16
0.00047902169166964825
0.0009807892501577792
7.933082695985591e-05
1.7133656254025091e-06
1.4116989805047667e-06
2.5071065771397487e-06
0.019428557798036084
8.354060467249551e-15
7.245797988459025e-17
1.6140164833641922e-05
2.8470211536578622e-05
6.697077130180668e-05
1.0497503167423468e-16
0.00555190957119317
2.3427228858820428e-07
1.680736048499925e-06
1.271870860985206e-20
2.1787015551960088e-20
2.212669960833139e-09
9.384047329185535e-11
0.0018018745188648096
2.374171413389822e-18
4.608932527131519e-16
1.33335236347738e-06
0.006947072219806443
2.8289159119601474e-06
2.8841012118952057e-13
3.4109882080604664e-23
3.218258092295759e-07
3.9277673104569996e-05
6.317572565001582e-16
0.0008074103053111459
2.433581210958564e-07
9.99753837203311e-06
1.0133916856509718e-05
0.043186566878653514
6.377523790531202e-07
6.669351985218922e-05
2.7479047242428437e-06
0.0005428682273209995
1.5477419786124692e-15
2.2587713247041043e-10
5.937331085638582e-05
5.937331085638582e-05
8.283491790194229e-23
1.0804991066579076e-15
2.04093152801956e-13
7.875501525120162e-14
0.17569305776653454
2.244404217726904e-07
8.945569847278847e-11
0.0029818705320547685
0.0001538085928891673
8.765089771051684e-24
4.337826000902333e-16
0.00026740400025460076
1.6243820937714887e-13
1.1816893687534516e-19
1.630474841353851e-08
4.8895981471319885e-05
0.0001538085928891673
0.001225928823330248
8.641505818095933e-20
8.316025481285884e-05
2.479567386609748e-21
2.38257276954576e-05
7.259909591130696e-19
2.566283569527678e-32
4.98291518917394e-11
4.667182128757254e-05
1.6969137905770522e-10
8.421699701550865e-15
0.004295482318018403
5.588340592829369e-22
9.729332678603181e-26
2.684714699758737e-16
0.002610366639574646
1.448334266498542e-12
1.1055341914843716e-06
0.004199628318393895
0.0001633884862558239
5.937331085638582e-05
3.920354334438448e-17
8.955619374394e-13
0.0001538085928891673
7.847673267921023e-06
1.7479757669564105e-17
8.334756251474476e-07
1.8971460077480391e-07
1.29089805837142e-12
5.580945628551658e-06
7.082377580542101e-05
1.1800187928390174e-17
2.0127814129206646e-11
0.00367441429793917
2.39064485217946e-05
0.001068653335173586
2.5479153651355734e-29
2.5619688855350962e-05
2.6181523910694587e-18
1.2130742280250871e-05
4.4523000943828654e-05
6.533222405244903e-30
5.783488431919548e-12
2.7871442774075685e-13
5.365194113120839e-13
5.025305581663027e-06
0.00041564393463440247
3.324314383078761e-13
1.0593927984494963e-07
0.00027916347576762855
4.913848208888567e-10
0.0009366874188603936
6.048162258093369e-21
1.0568207529446229e-15
2.3162752541815487e-21
2.8283415120093888e-14
0.0019728145330009557
1.2653604116135467e-05
1.8049848363231241e-19
3.2311756060571296e-05
2.4169285281482596e-17
0.0011431065870469437
6.765655352770216e-15
8.631759947448516e-21
2.1718316924791973e-05
3.371198679415748e-17
0.005935118069124654
4.988151113804294e-05
5.804818517630766e-05
0.00011289138351103546
1.6155536082518903e-26
4.268176574166968e-21
0.12021911603338058
2.4947111716407708e-21
3.6717187289535113e-07
7.5979045225039905e-22
0.0002662596278010243
7.508819759225097e-16
5.1499488169955316e-12
7.92682558954412e-12
5.937331085638582e-05
1.4720303443875085e-05
6.218616557414235e-18
1.8270341310252749e-13
3.3575612785932555e-05
2.6607739331774337e-06
9.540309323090272e-15
3.3827873544283193e-06
0.00013129402402252757
0.0005856872732205864
0.001519040321689195
0.00038186514750091285
5.937331085638582e-05
3.704574351751566e-05
2.087095948667366e-16
0.0012875673971697033
4.707645910067254e-07
6.11710568934227e-23
7.21160377336385e-13
0.00047571822231581477
9.586812384317502e-06
0.0001538085928891673
7.450176981078225e-19
0.0001538085928891673
3.242761954718246e-05
8.307285428565633e-09
3.881040255458237e-05
2.5713868551436964e-17
2.9619392589319386e-05
3.8768993596251755e-16
7.61191454393632e-16
5.937331085638582e-05
0.0010560873837702836
8.6938612664499e-13
0.00019350948690853055
1.784233234160652e-05
3.142158373353656e-05
3.00088497503197e-25
0.0001538085928891673
5.998839015351052e-16
0.0001538085928891673
5.970684022439826e-09
9.783609489165045e-07
9.958132857197174e-18
0.028548441811711456
5.871426774069752e-20
0.0001538085928891673
4.7420688260033844e-26
1.4977546061654757e-17
5.9076958537344905e-06
2.681773954881465e-22
6.972621164508524e-20
1.994781789341112e-14
0.0011597874868716357
5.887557675559814e-19
2.7745026010915758e-05
0.010847437799282355
8.421699701550865e-15
2.87046173736771e-16
8.094237742290752e-07
1.5118591439657057e-06
7.566027731700481e-42
0.0001538085928891673
1.40334075985634e-05
3.2268596086740514e-08
2.8337246707671768e-05
1.3908499904915565e-16
1.7272449435084611e-09
4.5828233820929466e-15
0.1583919659278115
2.996908258062061e-16
1.0121067380860093e-05
0.0017078683384161852
9.14877439248671e-20
0.001525816701245547
0.043186566878653514
4.0034570177150364e-10
1.669958351996847e-16
7.56156558386618e-06
4.716776939094957e-21
3.2713181684120294e-17
1.0393460438222906e-16
2.110742421040838e-05
4.049236796281871e-83
4.361213776349358e-16
0.043186566878653514
1.0676503606532416e-06
0.0001538085928891673
0.004637512239359098
2.055137971632001e-16
2.065672072799527e-05
6.887218931361612e-05
0.00010344636650142888
9.003838265198183e-13
0.00023121284648437712
0.0007874016021869442
3.2652549688930907e-16
0.016594553970751987
1.1953371325797106e-21
1.0296361236152852e-10
1.08219328183851e-15
1.4406633175276227e-17
3.107286532287123e-14
2.8181650243286264e-13
0.0005638264512461966
3.7307339983564463e-20
0.043186566878653514
1.3821990126818465e-20
0.043186566878653514
2.0194035975739516e-14
4.473943452082853e-16
1.97567117677219e-05
0.0019406517226419062
0.0004119411767361525
0.0002810894235693584
0.0032543616436016554
1.0500138377096085e-05
3.382181371740608e-06
3.1933938260430563e-19
0.0027884308747205683
0.009901600029127114
8.70133539935106e-10
4.620790597846558e-21
7.465983060759523e-13
0.003113681919164269
4.8050952628973104e-05
8.511235147128144e-17
2.0136559732818595e-18
4.471467302170272e-16
0.00012035201820596777
1.5086110222739317e-23
0.043186566878653514
5.097582061597402e-05
0.004254095304228572
2.5022279809554873e-15
0.043186566878653514
9.587251720314272e-06
5.937331085638582e-05
0.0006692448688091351
4.596341807913111e-26
1.9728212722082107e-13
1.8140791809399554e-05
2.418315156271593e-06
2.3480906704893135e-10
5.937331085638582e-05
8.511198842970222e-16
5.937331085638582e-05
0.0011406715815175255
6.017617775424362e-24
4.253856796593719e-17
0.001776041099640075
0.002745483224604328
0.002288245491225527
0.002144971406164323
1.37299267365772e-06
0.004589160113147633
8.421699701550865e-15
0.0001538085928891673
2.1787030511530486e-14
1.6690321852020592e-13
0.0001269204625460246
2.3163193809317084e-13
0.0005804649112274206
0.0003023424724737933
0.0012807248225471524
9.383849138432528e-23
3.2944744861278947e-06
2.0036614070251555e-10
3.8899878346771044e-10
1.79614647298401e-05
0.0005444422111670809
7.719678953741087e-16
0.025806645429800597
0.0004827560293658858
0.043186566878653514
0.0001538085928891673
0.00027512645284214106
2.1496536873138525e-05
0.000130459711584709
0.0002706910792270034
0.008343718612385831
0.00019354763149083583
7.228535951919746e-05
1.1975693219752256e-19
0.000814416519150399
6.0646833562831835e-25
1.0718862879018924e-21
0.004080686587343393
1.7039475115271558e-18
0.0038088198771172263
0.0009345853527264192
7.816557799317133e-19
8.754287146362082e-07
0.0008039421797554902
0.08420018107821647
0.00010628285487730131
5.111047885488797e-16
2.698112276624977e-10
7.906449048354044e-17
1.5875298747055283e-12
6.133578736788269e-06
1.1426570918034967e-13
2.5302744997549394e-06
1.8695477587648575e-08
7.172610084966655e-05
0.00010115524015609189
5.157806078244335e-07
8.251417970453025e-07
2.1495508765353722e-05
8.668128326980366e-24
3.352240125150525e-14
3.5462694348209765e-19
6.957133181249159e-05
0.0002579750771919149
4.194451214126451e-18
0.043186566878653514
2.4084241521402363e-05
5.4026151980255024e-21
0.0009064268565259909
6.43196285110754e-07
1.2989893446004092e-05
0.011362410659393807
6.273334555173494e-05
7.520887902021878e-21
4.885856069509015e-06
7.6248336807064e-18
0.043186566878653514
0.004300698142197246
4.103264291882295e-08
0.004749953120314621
7.582109971908027e-20
0.00023443146090766642
9.48550869834218e-05
6.127250922953618e-05
4.930980122508019e-05
1.6632429361965817e-15
0.006694917147724466
0.0019476556949283297
4.714845701726029e-14
0.008712418381321778
4.5090908988143765e-09
2.0120105668007104e-06
2.318368773598582e-16
0.011005286753818596
0.00014048958100986147
0.001041006063167385
0.0009804169607170732
4.5747200362110285e-18
6.629534234338201e-05
4.1605205985429076e-19
0.0001241059333677852
2.0504503940291887e-18
1.8787325636388134e-08
1.7437303938574612e-17
9.417436124232651e-13
3.6647975937497352e-06
4.423354343137109e-06
1.4150426067023809e-06
2.468811096981312e-19
5.599774906438937e-07
2.7394896868776534e-15
0.0036784129268969605
0.025806645429800597
0.003116664653805667
0.003487805557772687
8.310983872803595e-19
0.00015388814683834143
1.4183700317265121e-12
4.1866672108559886e-15
2.5584294483598195e-07
0.0020938191979252285
0.043186566878653514
1.7674821616017812e-20
7.936058918546215e-17
5.761045412201314e-21
1.9347814221697406e-06
4.701399242424598e-07
1.1733533751490308e-05
0.0018336105080990033
0.0001393533082788596
3.170522254674446e-05
3.1638790274068007e-22
9.721663978950918e-09
7.616980625273004e-35
3.821769949234388e-07
2.2658522185331198e-11
1.5343169394073704e-17
1.78010723328451e-12
0.0001538085928891673
7.453579846893635e-16
1.1191466341048147e-14
2.278733137722755e-05
2.3354449315492846e-14
0.002075776676895056
1.4783441778902147e-20
3.189207735795267e-05
0.0061821768500658885
4.673112911748983e-14
0.0012987128024911333
0.00012021696240191089
4.166078586961498e-05
0.004906113831745218
2.963815596767524e-13
7.692722235010007e-14
0.0004873622008192205
5.937331085638582e-05
1.8878111760720184e-16
4.447069489636806e-24
3.0134398295365026e-05
2.1110592775195873e-20
1.824184573348353e-06
4.952737176109404e-06
0.0002463419961712277
0.0018018745188648096
0.043186566878653514
1.248505055685056e-14
0.0001363062798422042
0.015175658781584434
3.6469703185897442e-06
1.966723504511909e-05
0.00016661042974290205
0.0002671316246233811
0.00031924811900434187
1.5045730733429918e-05
7.712190433831224e-18
0.021095944577099873
1.0573333237376385e-06
3.6986585988961094e-07
1.2694035947989372e-14
1.9720745394984989e-07
0.0001263943000766321
5.2738913563226574e-17
0.0004466733925174862
0.02764621475077656
0.0001538085928891673
1.45608597525143e-21
2.2384311060980956e-14
4.706352274434832e-18
8.47652062403928e-06
4.745096637711095e-10
7.455929975483453e-06
1.9262423554431098e-05
4.3769247509434504e-23
1.0332582456705224e-15
3.38161236633754e-18
3.1002502496258827e-18
2.8758456775525124e-07
5.313090952069473e-13
5.2335216507127125e-14
2.8383675644997946e-05
0.01503632312409664
4.674354294179736e-13
2.0347130449111336e-12
1.836553500730569e-17
2.814390032556942e-26
0.0004473455241393448
0.00010502536450924388
0.0001884007584776748
2.3932843219392585e-21
9.478965030652736e-06
3.6287786159992866e-07
0.0001164191951060515
9.63411321161815e-05
4.799612915923476e-05
0.0001538085928891673
0.00017449875487247912
5.399361486866342e-05
2.8561910034248573e-06
8.867357330916269e-16
0.004134779103242975
0.0034783270928025853
1.043230264623347e-05
1.937230231831563e-06
1.3529095680893679e-14
1.369081888421297e-16
2.2840972316801897e-05
5.937331085638582e-05
0.00093630989531091
1.3008055313490535e-15
0.0001538085928891673
1.9269059751306094e-18
3.87690772019954e-11
9.128888105248811e-05
3.4346751564369976e-05
0.0002553459906763519
0.010009174700016884
0.0025577543651383356
1.8861413694735343e-19
0.014089309629770072
0.043186566878653514
0.005019433991677034
4.010628594564324e-13
3.283829342061916e-07
0.00011914078252579336
0.0004003060618243959
2.020017102019302e-10
0.022433740403155572
5.426574629460195e-19
1.0161482392053597e-13
1.8177725176197928e-08
0.0001164609193945506
4.523715219995943e-06
2.1740314264701167e-16
0.00022775457703487172
5.746212867141517e-26
5.937331085638582e-05
0.0015341443014226935
0.0018140924594623863
0.00023001097718628252
1.2089089619330229e-17
1.1009706854035217e-05
3.8097362855470473e-34
2.4641563732793446e-10
0.0004128144375749182
2.8887190564944018e-06
4.074376478888891e-05
1.7592504598600646e-05
2.373186515582561e-27
1.6342961822926627e-20
0.00018896727931338748
3.142191016044949e-14
1.1728337238779014e-06
2.9740770898329195e-06
0.0001538085928891673
0.0015703101124921875
3.438438042940531e-13
1.5762449405608147e-16
1.1147880564080476e-14
0.02856377348919918
4.251595896956085e-06
9.44748362820669e-08
7.193742449485664e-21
6.687839984642893e-14
0.0001720260604731183
1.2590988819151822e-05
2.3880021281038956e-10
1.68704117538446e-23
3.968447174699911e-18
3.624136272022445e-05
4.5419784974323485e-18
1.7952630464961553e-15
5.454149764608674e-17
1.658042368180786e-20
9.818432265788356e-14
1.601877062190928e-16
6.461717370769525e-05
1.2780452430574315e-20
2.2765401605327e-16
1.9074677083375818e-14
2.7507354158220903e-18
1.062675041363094e-19
0.000326498729505938
0.0014108978804737071
1.1518692886148946e-14
4.5957575783399156e-24
6.938041399681218e-06
1.3367667445033119e-15
0.025806645429800597
7.693864737526437e-20
2.3391699402920004e-06
1.4109971836449444e-16
5.953216007877391e-07
0.11452497587992028
0.00029696398994534816
4.874558036730873e-06
3.6396509338960374e-05
3.523204113637307e-09
4.3322241886185823e-19
1.3368611020172371e-13
1.367426987170531e-05
2.355448105838032e-26
9.454822572197508e-17
2.8952109901735804e-06
1.358041809001754e-20
1.2627704299843892e-05
1.660652343637938e-11
2.393417173589047e-06
2.657437308545351e-07
5.839821836609348e-14
2.7646331724732996e-07
8.65398346533997e-07
6.412998972501358e-19
0.009299277988217771
1.2966441136106881e-15
1.0649296723661777e-13
0.00036446845498777636
0.0032439371107357905
5.888429491078667e-23
0.00017484478069413386
1.5122150380055243e-19
8.527361495829755e-05
0.0049628363559726905
3.400296908071384e-22
7.044240508299019e-22
0.0004293999348102158
1.3494830019348338e-12
7.849648701369755e-05
1.3388973585116558e-05
5.597812190741762e-15
5.937331085638582e-05
2.327942413667836e-18
9.914687341998743e-24
8.8633207420581e-05
5.887905526319448e-17
1.386167187676234e-30
0.00028650903742134456
6.15617305637512e-08
0.025806645429800597
8.501187481627827e-22
0.00032696561286690504
4.0499495410931244e-20
2.608794931546786e-05
3.435652568877631e-15
3.6700623812438867e-17
3.3209828150364665e-17
2.597490176286597e-17
2.365824952103342e-10
2.994808149833065e-17
0.00011555534283963337
0.0005141974080738743
4.41272488649187e-19
3.3684770688375503e-06
0.0001538085928891673
8.317767562901797e-18
0.0001538085928891673
2.115367213639899e-14
0.006488252210354934
4.6729960018486486e-05
0.043186566878653514
3.642911791006424e-05
3.004159125676398e-08
0.0002662490292576966
1.5235977319676955e-05
1.8924367239660664e-16
0.0004013570482775536
0.16899985214097807
2.3678948207956332e-05
3.79894154313761e-22
2.7674135985486715e-12
0.043186566878653514
8.421699701550865e-15
0.0016006792741645945
3.7866588182133087e-22
0.0023564353318866194
3.271228007700566e-05
0.001418028336555889
3.2348025692832596e-05
1.0367805091435261e-14
0.02906670421744701
1.6526228000425493e-15
0.025806645429800597
0.0011871604210284686
7.67281218385951e-06
1.6135342664526925e-05
0.0034978722165764616
0.1655998928605129
7.348239142218189e-17
8.414453189205571e-17
0.0004269208142432361
6.033363744253034e-07
1.492673227885293e-08
0.0016594227327739255
9.478965030652736e-06
0.0002803325274232258
0.0004466733925174862
0.0001538085928891673
0.00738691030235286
0.005387688087230798
0.00012750719567579307
2.1844247058652147e-17
7.173135433040492e-06
0.014880618088624294
7.664395059813354e-06
8.755782764107776e-05
2.911219903339265e-19
5.0026782899277415e-05
3.9907569367882597e-10
2.9476365997863995e-21
1.8062694153068834e-20
0.004777801233858208
3.359955636045858e-18
4.528953043921255e-05
6.50027804738351e-13
7.830854600087593e-17
0.008498833176512564
0.0017357272250456807
2.446276414603231e-05
2.3569058981166742e-07
4.389934076848408e-05
1.333498089026612e-05
1.8456090989059797e-05
5.032826891884475e-05
6.02849352647735e-07
2.9752277677948443e-21
2.0957444671549345e-10
4.18208758097258e-16
6.194326724849672e-07
2.860716915418321e-20
5.319750297465933e-13
5.937331085638582e-05
5.324229884136994e-05
0.0001322405035903878
1.988947231721781e-06
0.043186566878653514
0.0003425713192571913
0.0006584182527175457
7.083914927746556e-20
3.624634077037327e-19
0.00013717857453599772
1.5871258940838787e-07
0.04451388596579937
0.0001537546187423966
4.1374449151141104e-18
0.0005403712512287995
1.0268115525599979e-16
9.593713154797514e-23
0.0009561405936872394
2.9577642574747854e-16
3.7656183674566896e-05
0.043186566878653514
8.122552608783998e-19
3.734202223319933e-05
0.00011721135662866273
0.00010431655727464231
4.021369576997721e-17
2.336959689054424e-06
8.745755923176114e-12
0.0019071416663107854
0.0001538085928891673
9.478965030652736e-06
1.0535603073822473e-12
0.00021079512313569522
2.2167636306087685e-19
1.387345180579217e-13
1.726177114890154e-13
4.517662201406068e-05
0.0001538085928891673
4.690149234353449e-05
7.818469137061425e-06
2.3189148509433874e-06
4.124656309813562e-11
5.147724273860664e-06
3.6647975937497352e-06
4.677817990936999e-14
1.0853890750838581e-22
2.0805820901983896e-26
8.587074123760023e-28
0.0002183516406434943
5.937331085638582e-05
8.647448067728829e-11
0.00013257505422632765
0.0001538085928891673
7.169312014613025e-07
0.043186566878653514
4.161569842386043e-19
6.77806672041587e-05
3.935734543202394e-13
1.9002116443583436e-06
5.997093246051522e-19
0.026184237028714467
0.000408124756179986
1.6694711497751625e-06
2.2703674572032137e-05
1.0504011813690202e-17
7.502688774998177e-05
0.015563190185074403
0.00011452533646627572
2.3532920937698793e-27
1.0165628011351886e-21
2.1476990959073697e-14
6.804738715285196e-06
0.007855408016961888
1.778268569534996e-07
6.670132572383675e-13
1.3247964660692346e-23
1.448385188057387e-14
1.07783215889193e-20
7.410935233458547e-21
3.349276946362271e-06
2.460225705225409e-05
2.243107904239701e-05
2.7479047242428437e-06
6.607943836465894e-14
3.214234555343446e-05
2.616712441377956e-19
6.5801193759212375e-15
4.789508082092531e-23
3.5773776665735596e-13
5.023443211842113e-05
7.340822551618395e-18
6.508115336111253e-07
7.36353044880813e-05
1.7359910153097365e-14
5.684508054511938e-23
4.595964193572675e-17
1.5379504231267103e-08
1.5656454827615062e-11
2.8369418695138766e-05
0.0012211251802198841
6.867565007312535e-05
3.1734580475557574e-12
4.828984310794269e-07
1.5817604098048167e-05
8.652926268074881e-07
0.043186566878653514
0.016016002351308355
0.0006863599035483448
5.4559044768267434e-11
2.527460439220202e-05
0.0001538085928891673
0.0001538085928891673
7.309275688399429e-11
7.871228372978304e-05
1.9780843378955923e-05
2.9285869483278057e-15
0.0026913061433896175
2.6170902757437938e-05
5.2589142548900025e-18
1.2072952032477712e-14
0.0008623614279044817
1.1087292935039545e-06
2.055359698751254e-22
0.00030422051367850686
3.5681433093557646e-21
3.855053720168026e-06
0.043186566878653514
0.005811709504212682
4.334313528674475e-12
8.645927994863952e-13
2.711697874059593e-06
0.0016386015969488132
2.2589792338951337e-05
8.233434568495649e-06
5.414046837783333e-14
0.0001714668856713429
0.0005705538594116648
0.23743729204324435
0.004644075171482584
9.937788407288867e-19
0.0003109852245305802
5.3035485786913726e-18
8.376014387429509e-22
0.0005031934956360555
5.937331085638582e-05
0.0019724412709485975
4.595174769625171e-06
0.001540244551498628
6.842269524757029e-05
0.0007057814303739725
0.004177924395753774
9.604490994580794e-16
0.025806645429800597
0.043186566878653514
0.00015542875354034779
0.00806340381078872
1.0905488280142567e-17
1.7725135470097516e-22
1.2967503876666828e-06
8.36821771703978e-16
6.354114810102802e-20
3.701316187215771e-14
0.043186566878653514
7.298280621611649e-17
2.2200358723494002e-05
2.2604540074724435e-19
5.7335296241708755e-06
2.7727295256049146e-22
1.1065116053925811e-05
8.652673504064764e-16
4.3291648862024797e-23
8.745247573155616e-18
1.442578433787884e-22
4.103854698302864e-05
0.0011053495309655686
1.329157441331889e-11
8.239060390159455e-05
4.093074670230705e-13
3.5741659471483575e-09
1.0390061424308932e-06
4.6065979542844054e-05
0.0018573965071769227
3.4652787707004746e-06
3.730713871152175e-05
7.40876288011187e-24
4.755074978254084e-12
2.265673095433421e-05
0.0001538085928891673
3.150260982401863e-05
1.2955164291497014e-20
5.088614190197989e-07
0.0001538085928891673
0.043186566878653514
0.0001538085928891673
3.3968955798657787e-16
4.277620446859277e-28
9.218277721030574e-17
2.5547479542155563e-09
1.3937445371604113e-14
0.004254095304228572
0.0006025792188657231
7.453795483522149e-07
6.297948876244594e-15
4.1805128659298375e-05
3.2603853632922266e-07
3.822234660003668e-06
1.5187390569075882e-18
4.98384144156141e-16
1.8280029710042024e-16
5.937331085638582e-05
8.196849151970904e-07
4.09633915114155e-05
1.494758301380347e-20
5.427260108843553e-08
0.00034639718757721767
8.170267234658154e-06
2.8742088912640656e-06
2.5795912287592276e-16
5.937331085638582e-05
4.0007956025955054e-17
1.2175369540843446e-05
7.265337313797311e-13
0.0008595073427920263
2.3381347988507217e-06
5.365239656398118e-06
1.263332429387293e-20
1.1394828025453453e-13
1.278416054509874e-21
0.00023456439688827185
5.565912067229448e-16
2.7502116610802364e-16
0.0006872946866103916
0.0001538085928891673
1.7290970688830678e-23
2.183854109042924e-18
1.0822782757721258e-05
5.1183182042522686e-05
3.438438042940531e-13
5.82600883202609e-19
5.3000630140949526e-06
7.92682558954412e-12
0.0001538085928891673
4.249758637306147e-18
0.00010924481112614084
1.0427512912749657e-11
0.0006713819429360265
6.949556756321115e-07
0.0001538085928891673
9.478965030652736e-06
7.80972295702524e-14
0.010469397364970202
0.043186566878653514
1.1389076779146808e-06
0.00020240949420664478
1.2714226833182044e-20
0.043186566878653514
5.937331085638582e-05
0.043186566878653514
0.0003785327195941282
6.530903697559358e-14
0.00010460645436131521
1.658156910418036e-08
2.4290474409619055e-24
5.845152923515684e-15
0.0027624942121678635
5.1183182042522686e-05
0.01635672945724483
5.592983261155428e-07
1.0830910197171365e-16
7.323588618214992e-05
5.251072833118588e-05
0.00011835986189425145
3.446903720870538e-05
1.258280498058361e-05
7.435298122122282e-17
9.688276178065692e-20
0.0027666164434714167
7.231050375028934e-07
0.0001538085928891673
5.617421975198446e-20
7.736302476775679e-06
4.292140909605185e-07
0.1800217765172789
2.5981617472689507e-16
0.0004208009184913618
0.00013097602445696468
2.8204027099845573e-07
0.00044493007971666427
5.16888458703367e-06
1.6487188543042127e-05
0.00016704663292578612
0.0001538085928891673
0.0001538085928891673
2.992305295624725e-16
2.4202574772780727e-18
8.665723325332422e-17
8.889327581063359e-14
5.622427131460666e-12
0.0001538085928891673
0.021423932100571905
4.3519261327681176e-06
7.723679085555071e-15
0.0008539585971214861
1.5824503453459335e-15
1.7008140951795964e-15
0.00016778598586330087
0.00022037394661054976
8.171274576704574e-13
1.9248682307031735e-05
4.9958712173177315e-05
0.043844676107079816
1.1772144300236652e-11
3.566061717147837e-14
1.1312355709890602e-15
3.2530565783348814e-19
4.547520155977874e-11
2.5196067993881705e-05
5.937331085638582e-05
0.0002315758640278713
1.1151925751987078e-05
1.9363360654709382e-20
6.031147070292161e-08
5.937331085638582e-05
7.121066802327187e-16
1.332474705605477e-18
3.0513289650528238e-06
2.7309577743505445e-07
3.507123336576925e-05
6.811972376777695e-11
1.6487826941612025e-05
6.323505178273296e-09
3.348320509474088e-12
2.8299247969283175e-08
2.183959560803585e-06
4.1488862954568956e-20
9.558362150577107e-06
0.0009286915596026142
0.001884860380922504
1.4328599102987065e-09
2.5782753521382916e-07
4.009824658816717e-21
6.984587514258588e-09
0.0055959064598304275
1.3273390668248569e-18
0.00011862078098448352
0.0001538085928891673
0.0001538085928891673
7.543725237497366e-05
2.8000734374197373e-18
0.001425285708638091
1.2421566640955384e-05
0.00035025881331100214
2.662466139158525e-07
1.380008141901474e-06
2.34935170777778e-19
0.0001538085928891673
1.1541578209241452e-19
0.0003782171410308052
0.02016770678628932
3.3415870197546805e-15
5.937331085638582e-05
1.7424929265701956e-27
2.6810228828019513e-15
3.16129549334139e-05
3.233302391151213e-05
0.00033527505192277804
0.47057658767081456
2.489761008989866e-12
0.0001538085928891673
9.636108145365007e-11
0.003209737287763474
8.058602899431924e-16
2.194107203156828e-14
0.001968986194295086
0.0018018745188648096
1.1030907097101384e-06
1.1030907097101384e-06
1.5610770983148988e-24
3.4189285158240404e-06
2.9612545401964735e-05
6.693831948631652e-06
8.413223788699527e-12
1.3257399050844763e-20
2.0302845833405306e-05
0.0001538085928891673
7.558375764315535e-16
0.0007030820707718682
7.466290042976715e-17
1.0093518349220333e-06
5.061305835246579e-05
3.9518615151465245e-06
7.305673155373203e-15
0.0001538085928891673
1.2366587013008216e-05
2.1200926397523094e-19
0.0001538085928891673
8.777806675285026e-08
6.988604230464827e-14
7.913944589852869e-22
0.0001538085928891673
0.028548441811711456
0.005248559907249453
4.861970767822176e-18
2.487501006711903e-07
9.478965030652736e-06
1.1334297487228386e-12
2.307634363049398e-05
0.220705649480585
5.937331085638582e-05
6.854344551675499e-38
0.000695579029868533
0.025806645429800597
0.006523157265282128
0.0003657816421316108
1.4335140009201938e-07
3.693861795654187e-05
6.231121369276178e-06
1.1867208698549934e-05
0.000498961503287796
2.723267646021464e-15
7.942395829235864e-06
3.131552579337029e-05
2.895459149583107e-19
1.221030400878133e-05
5.752783510705508e-14
8.303711908105878e-24
0.0001538085928891673
5.913648909031858e-20
3.269764547051096e-05
0.0012190227593435103
3.4618917191417176e-05
3.222980963756148e-28
1.6549728842260975e-20
9.455336748621582e-06
8.868399777293242e-18
1.5606156550335785e-09
1.0215799922563247e-20
1.1491290391000434e-05
4.775635308875568e-15
1.7950682772917258e-06
2.3612600468179495e-06
0.002134759142232018
2.170415537732645e-31
5.059942901593863e-26
1.266900666984406e-22
0.043186566878653514
2.522338981723701e-05
1.0060010821366424e-17
0.0001549269168628492
0.004307471472476261
1.734889335594167e-05
0.009109583791350021
6.075573625503836e-05
3.4223138440462195e-10
4.9469083600501945e-17
1.9296002482619896e-07
3.4337294686821487e-06
0.0054512486337101596
3.895541928116065e-06
7.987915274535683e-07
3.504980030396123e-05
4.4583481269310924e-17
8.19572863141542e-18
1.1555670059962307e-15
4.699165860149733e-05
7.053696318894908e-06
0.0020134040912381857
0.0007189521830030729
4.639657988431231e-17
3.6647975937497352e-06
0.00012556100269138764
3.936465991229155e-15
0.008653616365320914
4.451475898283846e-27
3.133115142741283e-06
1.6387677912021277e-06
0.043186566878653514
9.545281260995439e-17
0.0001538085928891673
2.547789577514659e-06
3.2185857394366594e-08
0.0016582464761626392
3.2261523399011543e-06
6.023610136230866e-11
1.4132499086468224e-17
0.00010210661702541798
6.554758909275593e-08
6.365060349156582e-05
1.173671543948357e-05
5.349295222553292e-15
4.885522671925486e-05
1.5848007836926202e-14
5.916128742740984e-05
5.490728603082933e-07
1.3784742152021179e-05
0.0003914461793826315
5.937331085638582e-05
3.7668886981126025e-07
1.4281400504434912e-36
0.0007735249791370469
0.00018997513100961483
5.399361486866342e-05
9.138233099861773e-17
1.3853727718212132e-21
0.0002068199424966037
2.0418525230760907e-16
0.0015717682917271505
5.1731035957989344e-18
5.937331085638582e-05
0.0005363405472151445
0.0112713548512627
8.439681696048998e-07
8.245383420685216e-06
1.382723165295308e-08
5.449799898398039e-07
1.6078333090838443e-13
7.6054515763003e-11
1.6454590634492847e-14
1.851755995423836e-19
1.8215280095584393e-17
9.56689162898315e-07
0.20049441602516538
0.043186566878653514
0.0009613236336141195
2.0481299711343998e-07
2.5422420165937684e-17
0.0001538085928891673
0.0004105437375633014
0.0010556217085074954
0.00020421248439835352
5.937331085638582e-05
0.002225694812040546
3.348869123974371e-07
2.076565342032014e-05
0.002622741738256336
0.0001538085928891673
3.935167415943268e-06
0.0029615153458718724
0.00010967726523552004
8.228296092555268e-16
2.386014920144526e-06
6.916165830383477e-05
2.4972900802370607e-05
0.0012104219393067126
1.4326023783578803e-26
1.8823103558960347e-15
1.9172813601292199e-13
0.0016648879463915603
0.00870906815331355
3.2807798811155724e-05
4.888243106190702e-20
2.9373734073825445e-15
0.005019433991677034
0.005019433991677034
1.5572072715073592e-22
0.009123103087582282
5.16303875150886e-06
1.5473655845502162e-06
5.71968288536665e-10
0.043186566878653514
3.227786241723952e-24
2.974847454845502e-14
0.0076851337369206385
3.628279616941991e-06
3.7015593439999595e-06
0.043186566878653514
3.5575960237866535e-19
5.937331085638582e-05
4.81559713162924e-05
0.0028147213426993755
4.6476858845497015e-17
9.623006907950724e-10
0.00019318883638779621
7.286401504332107e-24
0.012207269746986382
4.432248857346026e-16
5.937331085638582e-05
2.513131482639478e-16
0.06635259804570409
8.833860978822772e-06
5.937331085638582e-05
7.202757858575654e-17
3.051518042361418e-16
7.453769462365515e-06
7.910936012385068e-05
3.267835684204073e-14
5.2332181763934476e-30
0.0009379534672130085
5.810460368447522e-15
1.2491810786663997e-21
0.000763213935679824
1.565837892846567e-13
7.15414073447375e-17
0.00016791293210983418
1.383088969686602e-06
6.447277734428898e-08
9.592976659217149e-05
0.043186566878653514
0.0008211318170240796
7.065777108582419e-06
0.0001538085928891673
8.582988161025262e-05
0.02859706435376863
0.00010758383519771852
4.690585911001039e-20
6.320685610403829e-19
0.0002651763602339926
4.0123816301285036e-19
2.5611383777663277e-05
3.996589000098638e-16
2.2225224213712115e-18
0.002645121383581373
4.591992301551251e-17
2.595039002652763e-12
1.73478528882575e-06
1.1535852526806466e-14
3.6324083796338696e-05
0.00011158572568024197
7.642226682807653e-14
1.878956169945185e-13
3.495209062407512e-06
1.2014049094333186e-05
2.002803012387493e-15
0.025806645429800597
6.873020352749743e-05
1.1426656071423921e-18
0.005062993542285393
0.0002534472401563015
0.0011805759333573668
9.033416822135859e-15
1.5302546279745457e-13
0.00021621521542940225
1.6172630837406052e-05
1.9034223832841555e-05
3.6857378385008605e-05
0.0014741698032152278
2.700455949099201e-05
7.794557119431087e-06
9.433765053579368e-19
1.0785797481213528e-19
0.003031883549324182
3.4391990508700935e-05
5.033939694829416e-07
6.70582507679183e-06
1.1408091072536826e-06
0.00012538251762483823
2.5982707155370732e-05
2.8690059703198545e-07
4.6846876492085253e-07
0.043186566878653514
5.215069021837345e-15
3.3737392639790715e-17
1.2564202817329115e-14
0.0008905315616793974
0.00022992720222294281
1.9755192273660765e-25
2.6085475383310474e-05
0.043186566878653514
9.381943995763503e-12
5.140677903283288e-10
3.183921602245369e-12
1.4044810748715716e-15
3.9664842779842406e-05
0.020490285054146795
0.0009662670610328642
0.002383394975578654
3.5936153368963325e-05
0.043186566878653514
1.0668008530640546e-18
1.2770665063694861e-12
1.073035074639734e-06
1.0886818917108419e-10
2.9685734685291405e-05
0.0001538085928891673
2.9956379469722237e-10
6.946540884693689e-21
1.778550724753497e-05
1.7404564206809503e-19
0.002922967466413295
3.840972602586713e-05
3.4592392531151236e-21
0.0012538216652595302
0.004654059932530635
5.617136937675737e-20
3.642235114279519e-10
2.243645656117309e-23
0.0023487667999685324
0.0006540566018611425
3.123064749443034e-07
0.00013417173327653735
2.2196122415506674e-19
2.6690726271717683e-05
2.840630717110819e-06
0.007233683024680304
1.5277959258457507e-16
0.00013889962574718172
0.043186566878653514
0.043186566878653514
1.5195735766327736e-19
0.00011570512776154778
0.0002068199424966037
1.6009983302946693e-20
8.421699701550865e-15
0.00022083670772954367
5.753374786930058e-05
5.497456247686158e-18
0.00323913707392612
5.049086098358872e-22
1.8277172050948714e-18
4.683540010862617e-12
2.3464138568769558e-05
9.16256695025958e-17
0.6324708210654365
8.171274576704574e-13
0.00045431931474283413
0.000789100432105623
1.4660277604810762e-14
0.0009688261974431789
1.6292011833418986e-05
4.809733938030184e-06
0.002159624140178466
6.745165067933319e-21
0.0011998480720867427
0.0006917098878076906
4.0989263094272177e-19
9.800055351638211e-06
0.0001538085928891673
3.653945336434657e-15
7.933082695985591e-05
5.799425839390705e-19
2.451511370788373e-05
0.00032327055228464777
0.00023964775361100688
0.004254095304228572
0.0012136645417534786
2.948656697442013e-07
2.7801546564234265e-12
5.937331085638582e-05
4.06722051385361e-06
4.986577290022869e-05
8.674901275598616e-12
1.0907661396329108e-24
1.5568857340954614e-18
6.070215610965917e-20
2.0964779878294627e-12
0.043186566878653514
0.00021469354928193882
1.4836797662182754e-21
4.1760779269975935e-16
0.025806645429800597
0.0005888487659267659
0.37033056552178145
4.692787109588328e-11
0.0005457416908321369
0.043186566878653514
1.4249072874476036e-05
0.15211272615306173
1.936571049363993e-32
2.478188185014522e-06
5.010444444297029e-14
8.351092739547906e-21
3.6998496800717675e-10
1.8348488889168143e-05
5.857697995349831e-17
0.00014291763211765965
0.0001538085928891673
1.755795070404303e-16
9.505263516806321e-24
7.975389061050342e-06
3.0229796077323267e-07
5.937331085638582e-05
0.00013158998920051625
2.8208915020676545e-06
8.30667950206131e-07
2.405368218329053e-20
0.0001538085928891673
1.272406735456692e-06
1.8184041580657297e-05
5.5733965290465266e-05
1.3986086291077099e-19
0.0005696910785969733
0.0018018745188648096
7.859371021548885e-05
3.019748426790086e-05
0.043186566878653514
0.0001538085928891673
5.6026387601500194e-05
1.4649129810899964e-15
0.0007567667607517314
6.744897024375878e-06
2.1945220524306792e-14
4.2217259437636983e-20
1.0803896361500868e-07
4.8408359177931994e-08
2.8692953037612236e-05
0.0001538085928891673
9.70553461013767e-06
6.703742318048876e-16
8.556053006686208e-05
0.0003157655832439904
2.728263461754754e-18
7.288091003037838e-15
1.4386745237907447e-05
0.00013164741394840022
2.802747861574854e-05
0.00045764921910025624
0.009063750123453115
4.257089126788305e-08
5.750893655184116e-23
1.2467461583427388e-09
1.0574471702988825e-07
3.171430808445582e-16
1.1789787237821978e-22
3.149301645437097e-14
0.004367290372694802
0.0001538085928891673
0.004066697495476669
0.002413208784998603
6.257299320349239e-17
1.2226776323584575e-19
0.0001491451887365696
4.564167469992582e-06
1.7766394613892133e-05
0.0001538085928891673
1.6160555157699475e-05
0.00011491928863584158
1.8923149017935892e-06
0.00010459089990334231
0.005901066861871621
0.0010475870567659556
0.025806645429800597
0.0036222798738392223
3.2614513882338946e-15
9.10964861107961e-12
0.20002910521787243
5.937331085638582e-05
0.0001660710067180344
0.0001784463299373206
5.0613050537354184e-18
0.0005000207258674955
1.9951052357881165e-06
4.090900630194266e-14
8.98246400454351e-19
3.1884421106088912e-06
5.937331085638582e-05
2.5187732490328583e-05
0.0006931008058112809
0.043186566878653514
1.877017337960216e-10
2.414714244238162e-14
1.4336705179769094e-05
1.3579971787758278e-15
6.277379701760937e-19
7.0287104214216785e-15
3.890240541332585e-12
7.333488581502366e-08
7.207537033539166e-09
0.0001538085928891673
2.866135488183746e-20
1.731440991206713e-13
0.005019433991677034
1.2205920107038067e-27
1.2022594353187532e-16
3.309945936007749e-17
0.0001538085928891673
1.8271724294145426e-15
0.0010418780659489863
1.5254402866935152e-05
9.593082012375913e-16
1.1526372101097519e-15
1.2207635044761778e-07
6.021044964186973e-08
4.1226898477983846e-13
0.003906008769689782
9.138346326467611e-14
0.0024001515342423896
9.060619745388165e-06
0.004254095304228572
0.0016396032447490584
0.0008829988321962213
1.0053002341532297e-06
0.025806645429800597
4.040460964958338e-05
3.677700446481696e-06
4.729149260036015e-05
1.0447051190928058e-05
0.001365938132754027
1.9682273344883567e-06
0.0001538085928891673
4.8895981471319885e-05
9.530603725236694e-15
4.383903295332456e-18
8.978946686662142e-23
1.0529179594582799e-14
9.478965030652736e-06
8.834501215878407e-08
1.9367541830537637e-05
0.0004095534726612504
4.417370237417937e-07
6.322080257981212e-05
0.008254927424401938
0.00010041045780755185
0.00017021336856707335
0.00026386199854065543
3.327848604929015e-20
0.043186566878653514
0.007467102718953791
2.4385618938016373e-05
4.3852622679198686e-26
0.11259122850987069
0.0001538085928891673
5.937331085638582e-05
0.0024519053623374408
1.0351617478836761e-06
4.6037965881037575e-33
2.529937879585053e-05
7.144189609391253e-05
3.319448557627196e-05
9.569958420401004e-20
5.671843232649846e-22
0.0009690791693474819
4.587439288593542e-17
4.927679821427668e-14
0.00039319226828882307
7.003516483104657e-06
0.0005000207258674955
0.00016054325129184044
1.8834142489794765e-25
0.0010473433718462682
0.0010364787346137105
1.118539073980651e-17
0.003179596182835559
5.937331085638582e-05
5.702742940273332e-20
1.0054320261812501e-13
5.937331085638582e-05
1.8924962839286547e-14
0.0001538085928891673
2.792220819122588e-23
0.0036834494019708135
3.86671049576824e-17
0.043657418481942045
1.5370558137097995e-05
0.0023847436479115247
1.4402084656434015e-14
5.937331085638582e-05
0.0005236155563346127
0.0017204487959500523
2.797030153402345e-21
7.327557305380171e-05
1.6118252807712186e-14
1.2892831685631598e-17
2.8141423487345964e-14
1.385701303818993e-11
0.0011859242859112995
0.003290138922300366
1.108981623710568e-20
3.608690995632678e-05
2.0162035523189553e-15
0.004046154569197088
4.944604689050129e-06
1.040410758824675e-06
4.761090748024562e-06
0.138996393028482
0.00010530490385898292
1.2866352546350879e-05
1.7027643131668006e-05
5.488639424271005e-20
1.4586795529110274e-12
1.0092951811867934e-28
0.009442579785538533
0.0005045940419242868
7.829525748307785e-06
2.299037593102587e-05
3.9539601682631284e-14
1.5971576200946294e-11
2.9237683690700585e-15
1.3220802139916625e-11
0.0002761303821512649
1.7966472733679561e-06
7.642074352687439e-28
1.721297767297367e-05
0.00019150047389780364
2.9459824720168234e-11
8.874860161928975e-23
0.008798001953161836
2.962970518634774e-05
0.09743828350216027
3.98663874049543e-05
0.0001803752699475686
5.937331085638582e-05
2.7560493694555627e-22
1.0818384963761244e-05
2.1069524832447522e-05
0.11574188168111467
0.00025698271001790146
0.009106317924778968
9.38143026601926e-07
7.832129639922369e-07
1.7304101374377448e-05
0.00014819113987643904
6.575820625922585e-19
2.073102879534183e-22
4.641909733413858e-18
5.541048309890719e-07
9.478965030652736e-06
0.0007123692087529707
2.5127168039969633e-14
3.2260381212822695e-05
0.00039123559589345457
1.2201257606286441e-05
2.0691668976544436e-06
1.1103924825418826e-36
0.025806645429800597
4.9067561318285266e-14
6.658996672975528e-05
6.658996672975528e-05
0.0016721398715087345
7.582109971908027e-20
0.0005473143465099667
1.323889486779041e-05
4.865632985435437e-11
3.028410872077428e-06
1.3594113286926733e-11
1.0347500635401288e-24
2.0694481924509616e-05
0.00024372394565404365
4.020030133805187e-08
0.6148434062133881
1.4961953187755684e-15
4.758269813512095e-07
8.421699701550865e-15
1.7136311042173835e-05
5.937331085638582e-05
0.0012542117252729162
1.7588557072367905e-17
5.937331085638582e-05
1.2881151024016264e-07
2.4327930609426332e-15
0.0021227986780837827
1.2112098091097087e-17
0.0005084701231047421
2.1498257622768792e-07
6.938049226356822e-07
0.0001538085928891673
4.1663232371923914e-19
1.896999440517447e-06
0.001379346915212798
0.043186566878653514
9.118649644063984e-15
5.937331085638582e-05
7.543998375822196e-15
8.923094036204962e-14
2.86399166317569e-08
0.0002550017973419992
3.73012540709819e-08
0.9183190381403961
4.2879232122760257e-05
4.023393625399146e-10
6.977451505611789e-21
2.5038031632040283e-05
5.741238016487796e-17
1.3503497035201866e-14
0.00015844995830251955
0.001445659895678259
2.9685196596412335e-06
1.9193812992242627e-25
2.329509310372551e-10
6.147695169219659e-07
2.5009181473755037e-05
1.8046659350357568e-14
1.0354045426017942e-21
7.001520622802619e-09
4.6703668300692036e-17
4.6927927206698144e-20
0.043186566878653514
9.329108335095322e-07
3.951303018455897e-05
0.0006533852727558798
8.909866509415107e-19
2.1976055359639674e-07
0.0010278255225765474
0.00032827072518875136
4.69253224385616e-19
4.42323728897054e-05
7.127464295713423e-05
9.721591609446723e-12
2.6159751436278575e-20
1.7637982923448883e-16
1.5929554920157017e-13
0.00015150737719065582
2.1223372168198097e-07
1.81516057156712e-05
9.140839747749131e-05
0.008502511485448333
2.4837225585140665e-05
0.00012017084544767215
1.4814963968912284e-05
3.780273483750007e-05
2.2009665696453608e-05
1.7771354386688472e-05
4.355046682685374e-29
2.5664395358226437e-18
0.00017747947023976501
9.472730278866994e-06
2.6088823763747007e-14
1.0985914010793324e-15
0.043186566878653514
1.9589350436980014e-05
0.0004466733925174862
1.224033263990052e-16
0.0009080698415236677
0.004897000796704278
1.3706184418898816e-12
1.6831681950605e-17
4.424617761832631e-15
7.286505967418211e-20
0.0007733926484829409
5.783236413375506e-06
2.922062140870465e-09
5.937331085638582e-05
2.207014767373257e-07
8.937133517745565e-05
0.0005163753395567502
6.672877626235993e-16
1.4518421937116889e-05
1.0857660983863717e-12
1.2634044653885445e-16
8.2585845558889e-07
0.0010950238288107567
1.8539010659298945e-15
1.586641477833296e-05
6.127250922953618e-05
1.6576988840845625e-18
1.1149659893516006e-18
7.788911528022572e-14
9.299221700732711e-05
3.065751171275153e-10
6.873240911962295e-19
5.391031055994599e-12
3.0588261908936454e-08
5.2865246975962396e-05
0.011362410659393807
4.546999759856122e-15
5.937331085638582e-05
1.0360346839039298e-18
2.3449293381664322e-05
0.00025906400881931836
9.768267949601336e-05
1.2116269712823538e-10
5.456038238446921e-07
0.000973991720004147
0.004268288498780441
1.7906770631134404e-17
4.656890385047536e-17
1.1345750193085622e-23
3.54773425188007e-19
1.6953450963584837e-07
8.968892229615443e-05
9.51939606656074e-23
0.222899293654109
0.0001538085928891673
4.6716540997678176e-11
2.5982707155370732e-05
0.005680999978714488
0.00010831781931560794
2.0352710041479594e-07
6.233257687437182e-05
7.478557917905678e-06
0.00016315239939728454
2.2389739998195443e-05
1.734603483863737e-13
5.937331085638582e-05
0.043186566878653514
3.311721074212771e-09
0.004404758314978064
1.6606694677288007e-20
9.041170413213642e-13
2.378235007167662e-09
0.0005570392249792944
6.980508448894279e-05
0.0001325007499410343
4.790329685388568e-05
7.702925048712458e-05
7.365377296263424e-14
3.238788703130845e-20
0.015744064288654158
7.233027123756532e-18
1.4423117910193129e-05
2.033100274153765e-05
0.0905234448280403
0.0001321652736103133
0.0001538085928891673
9.287295336085696e-16
0.0001506417469730771
1.4064394214479472e-14
1.0023036633667868e-13
1.691359518457897e-08
0.00048763917847901087
7.88216943344104e-14
0.001205099010293504
3.520167217011615e-08
1.00262048267942e-05
0.00021153661408483421
1.3633220017480557e-16
2.667104362611417e-24
0.0001538085928891673
4.450309304195732e-15
0.025806645429800597
7.409793154982488e-15
4.577861283393018e-15
5.439104824339728e-15
8.848400262663048e-17
0.002874602928791548
1.8364844339969086e-21
5.937331085638582e-05
0.00038627682310667967
2.2547204893371082e-07
6.771094600666967e-15
3.179655797737705e-17
8.678262746648288e-22
3.1732787952335186e-20
1.2100817636625298e-13
8.819487111202473e-06
2.5312606701179625e-05
1.73768764074072e-10
0.0020439407470889126
0.025164202528136885
1.1708849667118238e-14
0.001045018821146513
1.3176418340783264e-07
2.639997653282231e-08
9.973129610005477e-19
0.00222088263989032
1.8029634138111895e-16
2.551079360813499e-22
1.2438176606793257e-17
2.7562465708651815e-13
5.9315409027637075e-24
0.0001538085928891673
0.00011196042836881907
1.7210893116876584e-17
1.0939484852382467e-14
6.81482078847416e-08
1.270079893575384e-15
1.1603773164291204e-15
5.440844553083527e-16
0.025806645429800597
1.5601969977058801e-06
3.11969982910436e-24
0.0001538085928891673
1.728584783884465e-12
3.1388094958265447e-06
2.4479055536076675e-08
0.00015486259653416448
9.514775908768802e-19
3.5666072279593194e-17
9.31670315482596e-06
2.5463942655321833e-19
0.00018953687832549363
0.008886418410776939
5.2066159893234726e-05
0.00012187100773085498
6.801425941338135e-21
1.9574022322317022e-05
0.00033400344936034346
3.438438042940531e-13
3.8873223631958503e-16
1.5710389143638523e-23
1.9913498110318387e-05
1.019837090881962e-18
0.008610827880910991
1.3300346067904314e-06
5.664648141386619e-25
0.001957703235793362
7.92308780983919e-05
7.16760558169964e-19
0.0001280804624976054
3.926964599090182e-06
8.454879062078513e-15
6.328917625216445e-17
2.0014776562537325e-19
1.1217602145066165e-10
6.940097091380009e-06
9.435010593824735e-12
9.503968366562675e-23
1.7366390032174357e-14
6.1045401336311e-05
9.22346847455774e-19
3.619801704019456e-16
9.931979831604728e-12
8.310055853804551e-17
9.257260963300779e-05
1.4767114835035235e-05
2.6231332247625336e-19
1.0981677703365278e-16
0.043186566878653514
5.932342437101928e-14
1.8988229868149455e-07
0.00013259389852881848
1.9930046438815518e-05
0.043186566878653514
0.0008563700077665326
1.5319338161472366e-22
1.7777385174789022e-05
0.0043284678312066616
2.8554718614087945e-05
6.728832157425549e-05
0.0006044091535355595
2.7418272945151046e-05
0.0007902694539844296
1.9661313521087158e-05
0.043186566878653514
0.0003009132753484081
4.6568706916373755e-07
4.143716065044275e-06
2.3280153107753835e-05
3.514473644377941e-07
0.01785244779521918
6.330579355462383e-07
5.100974708205593e-06
0.00013016070594687814
5.937331085638582e-05
3.699765149208856e-18
5.4465851123988e-22
0.008397385490575768
3.2711544413216158e-21
7.431887128003089e-17
1.864401980732861e-18
1.993230012322985e-06
1.1553687638194496e-21
0.0006732328644958319
6.518622167688087e-05
0.00048035328452431664
6.738004227675474e-15
6.904675279428382e-19
0.043186566878653514
5.348542838830315e-18
0.00012017084544767215
0.0002278845394439906
0.043186566878653514
5.220391627856155e-17
4.3029713397561246e-18
2.9644635864911986e-15
0.00018338892588556747
0.000412533104447221
5.6001405781102155e-06
5.2129172581472466e-15
1.9822619245320664e-22
3.926188463722856e-05
0.00010304171431259508
0.0003241935366974445
0.00010359018915293266
0.0010163658133324066
1.691359518457897e-08
0.01153413290581009
7.033613294324512e-20
5.937331085638582e-05
2.821429460366753e-13
0.043186566878653514
3.617432543584012e-26
1.1739970996157721e-23
5.779016348734089e-15
5.084308180549245e-06
3.3598238929937034e-15
0.006928830891872462
2.3975446682692197e-10
0.00017719211350335863
8.485498215645216e-13
0.0008352639953511195
0.00021304864935846324
3.6171094603653593e-06
1.0176197716846852e-15
4.992012001578466e-05
8.01057094529553e-07
0.00589958916967438
3.646316522123425e-20
5.937331085638582e-05
1.4315109622159363e-16
3.7721718365727695e-13
0.00010647573452954133
7.569850296161336e-18
3.12007349754365e-22
1.1145306710579003e-14
3.4670137172285176e-14
1.3025918429267835e-05
4.507814314679915e-05
2.8762444279549666e-05
2.4209585951596304e-17
1.0605600395756172e-17
0.0001538085928891673
1.0520545600322741e-16
0.0001538085928891673
6.452979511308108e-05
0.0001538085928891673
6.620686512293707e-06
2.0730516486441927e-06
1.530965848142191e-07
2.317285358665972e-23
1.2924538958147898e-15
1.4226618530748027e-11
3.3232490158940794e-14
0.003765403450777035
0.013493813704020667
6.24567798468417e-08
0.025806645429800597
3.946850857569373e-05
4.228446957515798e-05
2.7941748200589e-09
4.233987436433077e-15
2.8378439784522005e-17
5.937331085638582e-05
7.810871330659293e-16
0.034190780322765214
0.0001075231448074282
5.662591518463059e-05
0.009496406581874617
0.00016308685949667734
0.1456724412071693
4.544462602676114e-16
4.9347951896766644e-05
3.1219312145985526e-05
0.0002631081027249624
3.0933628225322112e-21
4.1456302236344053e-19
8.228882702658678e-05
0.004254095304228572
0.00010955767389047265
4.5384446758423534e-05
3.259381449379326e-05
4.480218771367057e-06
6.009531421398024e-16
1.9084261950355424e-13
0.025806645429800597
4.031336432833248e-19
5.04223756217501e-15
5.071971168343487e-22
9.934158036540089e-05
0.043186566878653514
0.0001538085928891673
2.7548546717558067e-05
0.35795668125767577
1.1939545496195176e-05
5.51741726990286e-26
1.2284202310268088e-16
3.81974122671797e-16
0.006947072219806443
1.2047862535376026e-08
1.7572058545584058e-05
0.1555457595751765
5.695770336422624e-06
9.847254006808213e-06
3.597742917688281e-16
2.4750169792540687e-06
4.924896144245321e-17
7.670674252152621e-24
0.009449965253249735
0.0021798628362895566
0.00011168835110389463
3.469341283565484e-26
0.0001538085928891673
5.372998746458012e-20
1.1285394299816617e-06
5.937331085638582e-05
2.2792206987452214e-18
0.0034135900337916992
0.00022059146566087012
5.900263117785929e-05
0.000266214838676046
4.615198999713496e-19
5.761663947984869e-18
6.604691270596819e-16
0.003493238450802294
0.005019433991677034
7.551266221054126e-05
2.0195990522846906e-05
3.078457776618283e-05
2.7309577743505445e-07
1.630904200353814e-14
3.78635897070185e-08
1.503778154476672e-18
0.00012816855668383066
9.851329134426362e-10
0.0001538085928891673
0.0001206692422141108
2.277744153384159e-06
0.00599920234858925
6.94908012569222e-17
1.3821988315309514e-06
0.163890683237911
1.9273092884319034e-14
0.00018609312682442598
2.0670235698026502e-05
0.0002946952456477428
0.00019360431181356092
6.701744359807315e-05
2.6337705844535604e-07
1.2990102114244707e-17
2.5758921969349535e-17
2.7459724450751506e-18
2.325860325049012e-24
6.023610136230866e-11
0.1583919659278115
8.184461034113972e-07
9.100017407900505e-07
2.7546105964260824e-05
2.4072875449454856e-06
2.828566926069784e-25
5.365239656398118e-06
1.3844823005628581e-05
3.252428696114776e-05
2.128756601894373e-05
0.0001538085928891673
0.0001538085928891673
0.0001538085928891673
8.578257782399949e-17
1.0026223580689663e-16
1.6311404564490605e-05
3.99544449061906e-05
0.0003019858935245784
3.629590680903011e-14
6.591135672336699e-06
0.043186566878653514
2.168672462974107e-19
0.0001538085928891673
9.53676990303201e-22
0.043186566878653514
3.911071589003682e-17
2.5842281782447593e-05
0.0002844370143985661
7.85084433191989e-18
5.372134253558976e-05
1.3209565948084664e-13
0.00035435194917704874
0.012514223711296069
0.0007927739718439908
2.7997035070696066e-31
9.974643428273255e-05
1.9724178201074047e-18
0.04292771374199072
3.1090831659785713e-09
2.3612660557691793e-07
0.0012192324431773427
1.0966019567767638e-21
7.096425752691718e-05
1.3133108381517827e-05
5.4253714700404085e-21
5.39266534552526e-06
0.00046310852829828386
0.002889230118578231
1.218063458170042e-05
0.004485848179120211
3.388652747530403e-05
8.426519861538275e-06
1.3723848043280633e-18
1.6603139067860898e-11
0.025806645429800597
1.4531791189876223e-08
0.04679111666191904
3.1877433049582044e-17
0.0003798536287092664
1.8325217818100387e-05
0.0001538085928891673
4.82270637239085e-05
2.2587713247041043e-10
0.00040279451687780243
8.421699701550865e-15
3.0667423855981157e-21
0.006553863918730512
2.084170407545736e-13
2.9458473718011044e-05
2.991838841760221e-05
1.5070332677309978e-56
0.0002571110026582425
7.129613566210155e-05
4.64708915193765e-07
2.471233688757796e-23
0.0012977438447220185
1.7558771314821983e-05
5.265008809695656e-15
0.00017225288785697318
0.002594508657416174
6.503407954749562e-19
1.948452178852415e-16
1.957692804975835e-15
1.9381062347828993e-05
2.415693375818101e-10
1.3000050415134731e-05
2.472403093572967e-19
0.025806645429800597
2.816270606109232e-15
8.019387383283462e-18
0.0015790030779535705
7.214970831160954e-05
4.807152998540946e-07
3.783689865283055e-11
5.937331085638582e-05
0.00026142294733728965
0.002578177399174958
1.0735287789155594e-05
1.5854907617700188e-15
5.937331085638582e-05
2.0753462775499073e-21
5.106927084558585e-16
9.006836951773109e-05
0.0003984426892908455
7.938993659883309e-06
2.7851217706065326e-07
0.00016186798692841153
9.14877439248671e-20
2.3566130342348135e-05
2.787404805238214e-18
0.015111301593260684
4.6456963340849785e-14
0.0002991354397405589
1.977929244110714e-18
0.0001538085928891673
1.2489856101224957e-06
1.1991913514129477e-05
4.199763823238058e-05
1.8612117372480974e-05
9.289868232388904e-19
1.2106387136279137e-19
0.0003205213982465649
6.8100430282349994e-15
8.805164241275574e-19
0.002163240254103818
1.3184728475709305e-06
0.005476833173992823
0.00011813356128458075
6.463563587647842e-14
8.747932947378722e-06
3.093019743711004e-06
0.0001538085928891673
2.450199638541273e-05
0.00018616940314113462
1.308214312688224e-05
1.4272744787969618e-05
1.3607017062985436e-05
7.111772834555336e-06
0.025806645429800597
9.287328320995421e-16
4.841840965271368e-18
2.4082579194757973e-06
1.754272205324621e-13
2.458844016579588e-11
1.5101055981063498e-09
0.00010151772967574577
2.897519847025063e-20
1.5043834174127219e-05
1.4008201888247984e-19
4.81567240663183e-15
0.043186566878653514
5.2664141796688107e-11
7.864437162642921e-20
9.932168049131545e-14
2.343180542825017e-21
0.00019409084936006672
4.92281694345116e-12
0.0031815361524921435
0.0001538085928891673
0.00024314136415920506
3.339109935044179e-16
8.736921857956798e-06
5.760204794695549e-14
1.0212225721229222e-13
2.5446918822135527e-13
2.4084149124099944e-06
0.043186566878653514
0.004248984844016631
1.6960525899271568e-07
1.9550306776924377e-05
0.0001538085928891673
6.185438232523951e-07
2.0418525230760907e-16
1.5610831934882009e-18
7.914401619175449e-13
8.524835275472695e-35
3.851170451471881e-18
4.3571553289871094e-13
1.224638630430729e-05
1.408117721197055e-23
4.0994319951994375e-15
2.3401558147241802e-17
5.772827758479608e-06
0.00026837049025932487
2.2146411911540905e-06
0.0015528942057622538
0.0014527973999056004
3.2344248838849115e-06
1.2857550392897663e-19
5.487195686854379e-16
0.00028703721465894554
6.573768839385358e-21
7.291910633542774e-13
8.155105876359086e-06
1.096305733981751e-19
2.9805809154929515e-15
2.8173862836911833e-21
6.978813510137116e-14
1.8917813046887823e-05
2.6531055700130626e-12
0.005377395189009268
1.5334699204782925e-11
1.1382442931384772e-17
1.0440187640005598e-16
3.1486537961684595e-14
3.817991611655087e-15
1.5054793949282754e-05
2.8554234900544685e-06
1.0668910048660762e-06
0.0070894517408680875
7.636666295631305e-06
9.180897987828566e-07
0.0010298308322530536
1.2891482950541034e-15
2.8378823442077364e-06
0.004226646546655239
2.9474486378554795e-17
1.9824034818578123e-14
1.1397139608414214e-13
1.3383406337589356e-14
1.4542442725225093e-20
0.0008372018724968344
3.3340009426345056e-05
1.5725012809564145e-16
1.2185904505535575e-16
0.0001538085928891673
2.7309577743505445e-07
7.150421173595604e-05
3.7733265482294014e-22
2.7423754741066714e-05
0.0009419469597987118
7.157321142610886e-15
1.1745999027603267e-15
2.498460835728407e-10
0.003696363180925394
8.464582298578696e-22
5.9591333832486404e-12
9.827017453497437e-05
0.0006991808213940715
0.0001658407932280271
3.848267015203337e-13
0.01264473278988603
8.646155448714259e-08
1.3891123529452883e-13
5.937331085638582e-05
3.5214272063546824e-11
1.5742890937495474e-05
4.13495003134061e-14
9.847736385565158e-06
2.439167873232298e-07
9.816865334574647e-05
2.3090098908829767e-06
1.0576245127289595e-12
4.426239598077209e-17
0.0001616276086365779
1.495340151322857e-07
8.798574597618668e-15
6.023610136230866e-11
0.24331753907268555
2.060599467822696e-12
5.937331085638582e-05
1.088135865157903e-06
0.005019433991677034
0.002039426681030354
0.00012784551308760682
0.0009507531998866683
0.043186566878653514
0.0001538085928891673
6.127250922953618e-05
3.4320322956674807e-19
2.091247337253051e-05
4.292140909605185e-07
4.271193693664663e-14
5.822149575380097e-15
5.133711867319275e-16
0.00012171600209431928
1.0617491131144925e-06
0.0001538085928891673
9.37500148537665e-05
0.0001538085928891673
4.357060186255951e-05
2.3646414220545336e-05
0.0001538085928891673
0.0003684159489633805
0.0011916989414429563
5.937331085638582e-05
3.394421362217105e-16
2.0819416824238218e-16
0.0017816481137261642
1.332089125331379e-05
6.273526578168869e-07
0.0012553158326231578
0.010656103298800956
0.002040799834314433
3.687847760107355e-13
0.0035704903476785023
5.937331085638582e-05
7.06872184121133e-07
0.043186566878653514
3.3220584502525558e-06
3.507123336576925e-05
1.8996326818559025e-15
1.5156445926087263e-06
3.1219781971929914e-20
2.1974220527438858e-14
0.08503812059856979
5.935984325275448e-07
0.3657624158434736
1.75301477097047e-07
8.572560449099376e-05
2.0354535019852413e-12
0.0001208845935865531
0.025806645429800597
5.143715636691265e-19
6.189027510230308e-09
0.0012408985622276824
2.2076955711458283e-05
3.612671102238303e-15
1.0359677488778734e-21
1.0433334322401543e-27
4.841840965271368e-18
2.8689268934539713e-05
3.6328587263313512e-06
2.810430299867353e-05
1.911530643851164e-06
3.6814998495991926e-21
4.148210900812933e-06
7.498193880107662e-06
1.386654761055317e-13
2.4122216418884715e-06
0.018775877131312825
8.867093478575774e-16
1.1879512442908798e-14
8.421699701550865e-15
6.0527343329373935e-05
4.3683617188796315e-05
2.117365715422102e-06
8.11149502881447e-07
0.00011200178760220527
4.50022251158445e-05
1.4887433392136757e-10
9.089361081616954e-12
0.003179596182835559
1.5548214956066095e-06
8.376581602327467e-20
9.535843599643548e-26
8.532149725346873e-06
0.3623502905915778
0.004094784849967642
6.153683030070648e-17
9.88246738925918e-18
3.5977916906422287e-06
8.421699701550865e-15
0.0002994138610357133
2.5597303967442683e-06
1.043248540971732e-06
0.017576644779672912
2.48108516103223e-05
4.832160684095992e-11
7.341812459769111e-05
1.1679118148016258e-06
1.3791805125242204e-21
5.822534328680435e-09
8.490583204915827e-06
8.542872803696603e-06
1.6139277149273008e-06
4.152270183248369e-19
4.29720245993842e-06
8.98891550997153e-05
4.8895981471319885e-05
2.032978025035553e-06
1.5404932860138182e-06
6.535846804983201e-07
5.937331085638582e-05
0.00013332669165463693
1.552130780561242e-19
0.0005848210776693945
1.1348374226842119e-10
3.1090831659785713e-09
8.042176195150743e-06
0.00010752353362861351
1.1930687223584437e-19
4.772776079391726e-15
4.255937371096712e-06
2.5719766650905908e-14
9.496573416179995e-06
1.923411496943632e-17
9.908663476732552e-07
0.0001538085928891673
8.91924912974941e-06
1.169954336506525e-17
4.414251587875534e-15
3.507123336576925e-05
1.0245197693062316e-14
4.613175364600723e-18
0.011362410659393807
0.0019453390089780142
0.00029957353166713363
0.0001645064537930581
2.930004429517944e-14
6.87791630398593e-08
0.00012422944834203164
4.433877749280767e-08
4.887196341447523e-18
1.0433112395974875e-06
0.0005133011042487562
2.12297677462425e-06
6.50690940438626e-12
1.595962652378722e-08
0.025806645429800597
1.7828721298476774e-05
6.7439241548401265e-15
1.1747378042905553e-15
5.283501641848239e-16
0.0005697918792441706
4.519168906012412e-07
0.00043696716719764453
1.2063040445810795e-06
2.4544843704324004e-22
1.776875768323867e-05
6.630588191301053e-05
0.000726842187126181
0.0006468891275369232
3.140822478144012e-05
4.172588996197413e-21
5.759278220342442e-06
2.4817241378443713e-17
4.100084600721901e-23
1.397609063031763e-05
3.861868513098648e-05
9.563010654405064e-23
6.184430102898031e-16
2.0572411035036535e-05
0.0006089072837759294
6.4795638350217365e-06
1.2626999790745379e-16
3.093230762706038e-05
0.000341220194406619
0.0001538085928891673
8.764909206783695e-18
5.488195796733708e-05
2.073177188146654e-19
1.2125388154556648e-24
9.615074010714817e-08
0.00010726564361861501
1.46987748788405e-05
3.363184329063771e-07
0.00025181129044606586
0.00021917897979585157
4.810938701113425e-05
2.0247375334468568e-07
3.219742721087242e-16
7.216455896286993e-18
1.387730805589105e-06
2.9176234916977865e-05
1.0253129744799073e-14
0.003399743041130332
1.5828209583033825e-21
1.1446754271965811e-07
0.0006532458583116685
0.0001538085928891673
0.000294623237878075
0.0010878816560314312
1.0323836916041825e-32
0.0022684389485101712
8.425670326232553e-22
0.0041987679556821315
5.564822433423617e-07
4.0414181345517495e-18
2.57621291524192e-05
1.0146117673505137e-08
2.1954932182310057e-13
0.043186566878653514
0.00035712265422699373
0.0001735398125872812
2.574349336878149e-08
0.00010198182628662865
7.689861468764773e-05
2.7191440455101356e-22
0.0022385026823995707
0.0001538085928891673
4.423169846940723e-17
0.008110507338448036
2.492455535414739e-16
3.4723637903036775e-05
0.00044799491184527307
6.264704140877138e-06
5.937331085638582e-05
1.1703840512510889e-05
1.5989728326336185e-20
0.043186566878653514
3.438438042940531e-13
0.0024403725822896693
0.003977858905789139
1.9089916009914703e-07
0.0001836669348639127
0.0009747048653043003
0.0005746489619699383
8.981317209616053e-05
0.0001003323419889971
1.737043538836198e-14
0.0003338803423939135
1.3673951627161585e-18
8.857434631256829e-13
2.7665563181592363e-11
1.0779595675969852e-26
0.0001538085928891673
3.1610667270810333e-06
2.182569709207466e-05
0.0006931008058112809
5.908398498962172e-07
5.39999181033116e-07
8.795190646119815e-14
2.2423824803814482e-20
0.0001538085928891673
9.531669567250728e-17
5.476870772337221e-07
1.853069261521144e-15
5.009355630252463e-05
4.093759025932814e-12
1.8692759752357964e-06
0.0001150408818925714
0.00016031751922321132
0.025806645429800597
1.621129122432863e-17
2.3767592877861648e-17
1.4144857360605976e-10
0.0001538085928891673
0.0004090973649443823
5.487534475249964e-18
0.005107400782361386
2.205425079299738e-05
0.22761433187611146
7.551266221054126e-05
2.0924730558069012e-16
7.730868714179127e-05
0.0001538085928891673
0.00029957353166713363
5.710538860791408e-05
0.043186566878653514
9.769508958588773e-19
0.298777513097534
0.20049441602516538
5.766839190509751e-17
3.260634322960474e-07
7.850986862787692e-06
6.63540751736735e-14
4.132190283418204e-06
7.257404590631262e-05
4.1805128659298375e-05
0.0027555144432521903
1.1753748299899761e-17
1.0074333313285835e-05
3.635521124277454e-05
3.199071527525274e-05
8.487458608415505e-19
2.1403175219489297e-06
0.002522755777894888
0.001261108573239439
8.694903758498632e-07
0.005378410875713604
1.0282624788746883e-05
3.523309342333733e-05
0.0001538085928891673
2.7936966060970785e-17
1.012574985636523e-21
0.09307416473908169
2.1729324559671566e-26
0.0005260291905721248
5.3263217662857263e-14
1.0064460138404073e-12
1.3791468737473087e-06
0.0001538085928891673
3.0193432928684576e-17
6.582956808132409e-13
5.937331085638582e-05
0.10198638100364671
0.006353813304371211
1.0544952816891771e-05
2.1996637485519745e-22
1.4021095923682738e-06
5.78395325065032e-06
0.001550314923514238
1.0265392006996092e-19
6.895859144829434e-05
0.04189820641809572
1.919760230227923e-06
6.57807010091807e-07
0.006631182822207965
7.613847512089021e-07
1.6961122278749335e-06
9.098468544574078e-08
2.306566140424094e-12
3.430351219258977e-11
1.3543513925429157e-05
0.000511622027743637
5.073451644706489e-05
7.211652191198856e-07
3.3340234247133235e-23
1.574302686730399e-19
3.6394763937897033e-08
5.199579466439705e-06
0.00015380850118055107
1.356427894208028e-08
