4.0516022495741037e-07
0.5438850522041321
8.705812310551918e-10
0.002519489712375789
0.3159884512424469
0.3159884512424469
0.5438850522041321
3.609745965598249e-16
1.726669221881807e-13
8.415866889918058e-08
0.3159884512424469
0.3159884512424469
0.3159884512424469
0.034952305257320404
0.3159884512424469
7.844778111560327e-10
0.0004466733925174862
0.3159884512424469
9.166242027499692e-11
0.3159884512424469
0.034952305257320404
2.3895798736769052e-06
1.999779115827224e-06
5.3901696946729637e-14
0.5438850522041321
0.3159884512424469
0.5804082155227661
0.006924992366457938
0.019478069618344307
0.3159884512424469
0.3159884512424469
0.3159884512424469
0.3159884512424469
2.006876255259918e-10
1.6497040242139488e-12
3.3865073761662236e-08
0.01131206750869751
0.5438850522041321
0.17256729304790497
2.9634576766698065e-16
3.244534196062125e-11
6.758971592066416e-05
0.01131206750869751
0.5438850522041321
4.354971139622244e-09
2.4200368213294394e-08
9.889522226060596e-17
1.6983122410564472e-17
2.574138934396337e-06
1.522027143027479e-09
4.5206949487184e-12
0.034952305257320404
3.0467172884897803e-14
0.1409122496843338
0.5438850522041321
3.1742633092568063e-12
6.959555827044897e-13
4.830918785723905e-14
9.092930256983926e-11
0.5438850522041321
0.3159884512424469
3.7158894680101073e-07
1.872559830034501e-12
0.5438850522041321
9.638484689778928e-13
0.3159884512424469
6.866243043651544e-11
8.553040262501209e-13
3.67707528304598e-09
4.745624903648059e-12
1.3017359001341853e-12
1.9601972227552093e-10
0.034952305257320404
0.5438850522041321
1.3758622646425338e-11
9.879589321091305e-05
2.4032671948538098e-06
1.6497040242139488e-12
0.01131206750869751
2.6720694991507134e-12
8.04636946689223e-17
2.4838184600061474e-19
0.17256729304790497
1.1638594631966068e-13
1.2005824830904103e-08
0.0004466733925174862
3.569480775545527e-08
9.676892998900673e-06
3.1683297131510784e-07
2.510062253415289e-13
8.781884768329912e-12
4.624679242977369e-09
1.3659807083148828e-08
0.5438850522041321
8.550809249611925e-06
0.004062431450395643
3.507123336576925e-05
0.3159884512424469
1.1491290391000434e-05
0.3159884512424469
0.3159884512424469
5.7285505400303006e-05
0.019478069618344307
5.136239402650175e-13
9.952611027272556e-17
2.2053450546529535e-10
7.699763045963213e-05
5.0697083614675834e-06
0.0003730175310523165
9.889522226060596e-17
2.5982707155370732e-05
0.17256729304790497
0.3159884512424469
6.197488969763442e-08
8.550809249611925e-06
0.0010926800198201997
0.17256729304790497
7.037885219832638e-12
0.01131206750869751
0.5438850522041321
8.364222421109436e-14
1.4066846822066727e-15
0.0003053593022647842
0.001711637488107487
1.6620136820871284e-10
3.021061383132355e-11
0.3159884512424469
0.3159884512424469
1.6290085941811518e-09
0.1409122496843338
0.17256729304790497
0.3159884512424469
3.478775327298917e-13
0.01131206750869751
5.786965190284905e-13
0.05041760578751564
1.598323854003425e-06
5.0826021238074905e-18
7.417694204790172e-08
0.5438850522041321
3.2413477962106137e-10
6.621892190124683e-12
1.4005269986085062e-05
3.989129056927664e-14
0.05041760578751564
0.01131206750869751
0.3159884512424469
0.5438850522041321
0.01131206750869751
0.0035012644055348874
0.5438850522041321
1.846815684728858e-05
0.3159884512424469
8.550809249611925e-06
0.3159884512424469
0.3159884512424469
0.3159884512424469
0.16310131549835205
0.3159884512424469
0.27040889859199524
0.01131206750869751
0.3159884512424469
5.77296120193661e-07
1.0496397485246775e-15
0.3159884512424469
0.16310131549835205
0.5438850522041321
1.4919172098238475e-09
3.7831050857891754e-13
0.3159884512424469
0.3159884512424469
0.01131206750869751
6.152724511582648e-07
0.0004466733925174862
3.0272296649849985e-14
5.135172495843531e-08
1.6272120575711273e-12
0.5438850522041321
1.2688735376579296e-10
0.17062483727931976
0.0020030517800945224
8.04132179140923e-14
5.592417907182064e-14
0.3159884512424469
3.507123336576925e-05
2.1757229936758263e-09
2.2122463623385241e-13
4.1911608713539515e-13
0.5438850522041321
0.034952305257320404
0.4739690124988556
0.01131206750869751
0.034952305257320404
0.019478069618344307
0.5438850522041321
0.05041760578751564
0.3159884512424469
0.3159884512424469
1.659706504347435e-15
0.3159884512424469
0.3159884512424469
0.5438850522041321
0.3159884512424469
7.897017698438805e-06
3.1837252740037226e-11
2.069897905449189e-12
3.014508213074613e-13
1.7116635789872582e-16
2.2135551244115266e-12
0.17256729304790497
1.0667745046323385e-08
1.3495874364254212e-06
0.6775130033493042
0.01131206750869751
0.019478069618344307
7.282246011289716e-10
1.7556123021493634e-08
4.506808783806055e-08
0.3159884512424469
1.6497040242139488e-12
0.5438850522041321
0.5438850522041321
0.3159884512424469
2.082098070524448e-20
2.5982707155370732e-05
0.6011995077133179
0.5438850522041321
1.5390136662314566e-13
0.3159884512424469
0.3159884512424469
1.3295781081664037e-16
1.0653172160197375e-17
4.868012256386866e-10
1.7369657347233383e-11
3.9045206675028773e-11
0.5438850522041321
1.6497040242139488e-12
0.3159884512424469
0.01131206750869751
4.781992894503817e-11
1.0942687800399004e-08
3.71260499907835e-13
0.5438850522041321
8.592411233366729e-08
3.823371323346752e-14
0.5438850522041321
1.4706275509215033e-08
0.0002240032439769987
0.01131206750869751
1.4653063406736745e-09
5.345525511252662e-15
2.8575823618867333e-11
6.77704665472222e-11
0.01131206750869751
1.2711021454407369e-08
1.7636138323378263e-15
5.051524208721165e-12
3.47470703247716e-10
0.3159884512424469
8.716895975018333e-12
4.2505151756954e-15
1.9337744253375603e-07
5.4024369301757114e-14
4.849773771562999e-13
5.533760232888114e-14
1.557612861935558e-17
0.012394359335303307
5.466476786961406e-09
2.9184530695784636e-13
0.01131206750869751
0.3159884512424469
3.605923130338217e-14
5.071467313985578e-12
0.6011995077133179
0.3159884512424469
9.433691062838736e-16
4.191280382271146e-16
3.6969400135566734e-13
0.01131206750869751
0.5438850522041321
0.05041760578751564
0.034952305257320404
0.3159884512424469
0.0005671144573626123
0.3159884512424469
0.01131206750869751
0.5438850522041321
0.0009888584244381882
0.0002240032439769987
0.5438850522041321
0.17256729304790497
5.4856669853689996e-15
0.01131206750869751
0.3159884512424469
0.5438850522041321
0.3159884512424469
0.034952305257320404
1.6497040242139488e-12
3.507008486264319e-20
2.419194232353429e-13
6.846765717458545e-12
0.3159884512424469
0.01131206750869751
5.119459047977404e-16
2.4318182999650957e-10
4.2150976683913684e-10
3.923073250638126e-09
0.007035774550062213
0.3159884512424469
2.998597165421189e-10
0.5438850522041321
4.590008251669242e-12
0.002550387494533471
1.6062783224228794e-13
0.5438850522041321
2.9525398829087676e-13
6.2182895751892465e-15
4.4809100626095803e-10
9.151453224515958e-11
3.933870436360773e-12
1.0479319821952398e-13
2.388672074154431e-11
8.96615237792518e-09
1.0300336447845206e-14
1.1024259342623804e-09
0.5438850522041321
0.5438850522041321
0.3159884512424469
3.178371993024749e-12
0.5438850522041321
5.6089417289414667e-11
5.934328206134528e-12
1.3495874364254212e-06
0.00036860553811274836
0.0001124375511702525
2.6457533881391357e-15
0.3159884512424469
1.498275219226035e-10
2.6725483146395894e-09
3.821802899447873e-14
8.511061005994278e-10
9.02422714923363e-16
0.01131206750869751
0.019478069618344307
2.2547204893371082e-07
0.034952305257320404
2.1502654671228055e-15
0.5438850522041321
1.0747451931175348e-15
2.5982707155370732e-05
1.416640477432759e-09
5.4785857633198595e-12
0.3159884512424469
0.3159884512424469
1.0339270310176128e-23
1.4201074204432062e-06
0.00013257505422632765
0.5438850522041321
0.004062431450395643
0.019478069618344307
1.6497040242139488e-12
1.4119376079741259e-12
0.3159884512424469
0.24749049544334412
0.5438850522041321
0.3159884512424469
1.078359699963724e-16
0.5438850522041321
2.9267901175541234e-09
0.3159884512424469
0.3159884512424469
3.5954729110527196e-14
8.80002141044945e-09
1.4869121460073623e-16
0.0027567620952520014
4.0218224662680544e-09
9.92026436139185e-10
1.0291900287027951e-11
4.1911608713539515e-13
2.797234722741031e-13
4.2885078629472875e-14
0.3159884512424469
3.773192008657289e-08
0.034952305257320404
0.01131206750869751
0.034952305257320404
3.442930778751053e-16
4.830918785723905e-14
0.17256729304790497
1.50772555076166e-13
3.244645690277876e-14
3.6394941837081475e-15
0.021095944577099873
3.2787037256342273e-09
0.3159884512424469
5.864614381338468e-09
2.4159215394737955e-05
0.3159884512424469
0.5438850522041321
0.01131206750869751
6.854097639273648e-08
0.3159884512424469
9.258987817427142e-21
2.83318635749e-13
0.3159884512424469
1.9404094906316877e-10
0.01131206750869751
8.979537833087555e-15
0.5438850522041321
1.1723637672054492e-12
1.7789801364677439e-13
1.3374643287606401e-11
4.52180980339645e-16
0.01131206750869751
8.16448445838439e-13
0.01131206750869751
0.0017121364547035417
0.012394359335303307
1.2947013347603754e-09
8.19055163850431e-13
9.151536743980559e-11
0.01131206750869751
0.3159884512424469
0.01131206750869751
1.182899374727178e-14
2.99014634854268e-08
2.3883496517928858e-05
2.024357893469883e-08
6.332084161694293e-06
1.6256878163526547e-13
0.17062483727931976
0.00025557916806806107
1.1171358562207347e-11
3.380459173309196e-11
8.555104487676665e-13
0.5438850522041321
0.01131206750869751
1.7894791205723678e-12
4.3657514876525317e-07
3.389570938708356e-13
6.356352435257242e-13
9.773054227702357e-16
0.5438850522041321
2.8465139736970038e-05
0.019478069618344307
4.628293099212139e-12
0.5438850522041321
1.006274641135238e-11
0.3159884512424469
2.9976736901943817e-13
1.842718548191628e-06
0.034952305257320404
1.4092179055742077e-13
0.0005707416915497917
2.024367690619525e-10
2.4702445064437357e-12
0.5438850522041321
0.00023633863785803245
3.5900473872746797e-19
0.01131206750869751
0.5438850522041321
0.01131206750869751
4.189526292000607e-15
4.5084464947828444e-14
0.5438850522041321
0.3159884512424469
0.3159884512424469
0.5438850522041321
0.3159884512424469
2.634694374641783e-19
8.373548781568894e-10
0.003884093638345243
0.5438850522041321
0.3159884512424469
0.17062483727931976
0.5438850522041321
3.507123336576925e-05
0.2708544433116913
0.3159884512424469
0.3159884512424469
0.3159884512424469
0.3159884512424469
1.31721216935001e-24
1.744532196160029e-10
4.11921446004267e-07
1.1491290391000434e-05
1.6650412155510518e-09
4.459942243393403e-11
1.1288270590854246e-07
0.27040889859199524
3.507123336576925e-05
3.3090722835814284e-12
7.053512087622156e-10
1.2164432567089498e-23
1.2255065673966237e-13
4.7574608464278215e-08
8.883239079984145e-19
7.107520023715964e-10
0.019478069618344307
3.892499324300412e-08
4.1089823727107686e-15
0.3159884512424469
0.5438850522041321
1.1175154030390892e-16
0.5438850522041321
0.3159884512424469
1.0296458459682308e-08
2.276705195638506e-05
0.00029014848969493044
2.1783741203494364e-08
5.571558405758391e-17
1.156870967323942e-12
0.3159884512424469
1.1298082618178242e-14
8.045373416208394e-11
2.387443991570467e-16
0.5438850522041321
1.864531551470059e-12
0.17062483727931976
0.3159884512424469
0.5438850522041321
0.019478069618344307
1.463749201730262e-13
0.3159884512424469
3.3599591599551066e-12
1.942382447352594e-06
1.684086797313658e-10
1.711383299441139e-06
1.238197877898311e-15
1.6497040242139488e-12
0.01131206750869751
2.50475871726145e-10
4.238354836333838e-09
4.143716065044275e-06
4.563347250189434e-10
1.7640071805551328e-17
0.17256729304790497
1.6031120525545467e-22
0.5438850522041321
0.5438850522041321
2.318655303352987e-12
0.17256729304790497
0.0005671144573626123
0.5438850522041321
4.084358306096785e-13
7.82616109035876e-09
7.000949466208214e-09
0.1409122496843338
0.5438850522041321
4.205410040028972e-16
0.3159884512424469
2.5982707155370732e-05
2.7806214301361352e-12
0.5438850522041321
1.1368303408664999e-08
2.636622730149771e-10
4.0955849732107755e-18
4.4348824968316904e-10
0.3159884512424469
0.3159884512424469
6.4089392953817995e-16
4.328585188371796e-14
0.034952305257320404
3.265875405508338e-11
0.17256729304790497
0.5438850522041321
0.012394359335303307
0.3159884512424469
2.649941724492187e-06
0.019478069618344307
0.5438850522041321
0.3159884512424469
0.0077372906995509805
0.0005428682273209995
3.1396782320777043e-15
3.825663831339665e-15
8.816559630200365e-14
1.1073093364024193e-15
3.3865073761662236e-08
1.3046390761568531e-11
6.514978318936756e-11
0.5438850522041321
5.82186922655601e-10
3.962591288006121e-12
6.323505178273296e-09
9.99715934907532e-06
4.638104539997475e-06
1.0616384290497251e-07
2.5982707155370732e-05
0.01131206750869751
0.3159884512424469
0.01131206750869751
2.7239238359780708e-08
0.5438850522041321
2.4261714229786224e-16
0.5438850522041321
3.5515132584711077e-12
3.739926579331163e-07
5.904830299357195e-14
0.01131206750869751
2.5236364365623232e-26
1.589602755081138e-09
2.6290526472960384e-07
6.393057204601247e-13
5.900489274563432e-10
1.5071038091900406e-17
0.07315895706415176
0.17256729304790497
0.019478069618344307
7.992849324884433e-11
2.0243924591915517e-06
2.5706477942556068e-11
5.502773371229451e-06
0.5438850522041321
4.635993265940953e-14
1.362401613108634e-15
1.4674763200617121e-09
0.01131206750869751
0.5438850522041321
0.0003664087646216834
2.2903491450542744e-15
0.5438850522041321
3.115738582466987e-15
2.0353229187944857e-09
3.568759547259782e-09
0.01131206750869751
1.6841418577262726e-14
1.019081127451849e-09
0.5438850522041321
2.4609026371192914e-12
0.3159884512424469
6.881691957358407e-05
1.789692299409483e-05
0.3159884512424469
8.333875982909637e-14
1.4124951090402097e-06
1.7934688107291898e-16
0.07315895706415176
0.3159884512424469
0.5438850522041321
4.0241902821871623e-13
0.034952305257320404
5.365137349019631e-16
8.182311640545508e-13
5.590325866969735e-11
2.676233355438182e-12
0.05041760578751564
0.3159884512424469
4.474375313254755e-06
1.4967855825178526e-11
2.771677887018904e-19
0.3159884512424469
0.01131206750869751
4.273083653547507e-06
7.438469170409838e-08
0.3159884512424469
0.3159884512424469
0.5438850522041321
7.395336410339449e-08
7.015790636777327e-05
2.3523337283435297e-10
6.020220426480361e-17
0.005811709504212682
0.01131206750869751
0.3159884512424469
0.6011995077133179
1.177714965629553e-08
0.5438850522041321
0.05041760578751564
0.5438850522041321
0.17256729304790497
0.3159884512424469
9.860203285532983e-06
0.3159884512424469
4.570758056035477e-15
9.47538716317587e-16
1.634760051803547e-13
4.1925578682414056e-18
2.344469591701664e-13
0.019478069618344307
0.3159884512424469
5.7793570435438234e-11
1.3531384346967595e-17
4.842201581335982e-08
0.5438850522041321
0.17256729304790497
4.14781281317294e-06
2.5982707155370732e-05
0.5438850522041321
1.195079935104439e-16
0.5438850522041321
3.507123336576925e-05
6.25864280747234e-10
1.7101929159898424e-12
4.556290666997871e-16
0.6775130033493042
7.202092884054733e-05
0.3159884512424469
3.982186914476403e-06
2.706161586586049e-06
2.9278290207964756e-06
5.748872504970283e-14
7.813308104770721e-10
0.5438850522041321
2.7872891496874078e-05
4.879712645077771e-11
0.5438850522041321
2.496720260594589e-11
2.459050300741926e-22
3.388721143731224e-14
0.5438850522041321
0.5438850522041321
8.319042976138436e-14
0.5438850522041321
0.5438850522041321
1.9946297365088847e-11
7.660413910449884e-11
0.01131206750869751
5.754519870632506e-06
2.02004538171309e-12
9.178052408534794e-12
0.5438850522041321
0.5438850522041321
0.5438850522041321
2.465810839517009e-07
1.6497040242139488e-12
0.3159884512424469
2.0501915411538386e-10
3.1875260918733535e-08
4.669090205678811e-15
4.8389888977366614e-15
5.957573639246936e-07
1.3457503847435604e-12
0.002519489712375789
0.1494135856628418
2.2212500024152364e-17
0.01131206750869751
8.635347236338911e-16
0.019478069618344307
0.17256729304790497
0.0035704903476785023
0.5438850522041321
3.507123336576925e-05
0.3159884512424469
0.5438850522041321
5.398210740235052e-19
0.019478069618344307
5.455936780369385e-13
6.2157072339863e-08
0.16310131549835205
2.9697994289985554e-05
5.739091098604973e-07
9.4740924670004e-09
1.2005824830904103e-08
2.1200754929823905e-20
2.4505419749425816e-10
0.012394359335303307
7.63751986361708e-11
1.0826644916995062e-10
6.794299766594721e-14
1.8996308486462322e-17
0.5438850522041321
3.031603033367403e-41
5.217972105849208e-10
3.1326445268165044e-13
1.100761318770179e-14
1.1549960628728174e-17
0.3159884512424469
1.1639974415418892e-14
0.5438850522041321
4.0462914301061343e-07
8.912399117365701e-26
2.67472321379551e-07
0.019478069618344307
3.0319184622046515e-12
0.5438850522041321
7.81639349823822e-14
2.808772240895658e-07
1.9709352670673474e-06
0.01131206750869751
3.7389984968020393e-25
3.6961455442799425e-07
0.5438850522041321
1.4005269986085062e-05
0.00011555534283963337
1.2005824830904103e-08
4.8842818083563086e-18
0.5438850522041321
8.550809249611925e-06
0.3159884512424469
0.3159884512424469
4.7036182236487105e-15
0.019478069618344307
3.5142270464935734e-08
4.501849857555159e-13
0.3159884512424469
0.3159884512424469
3.2273212012992503e-16
9.814267560241518e-11
5.134434294676598e-06
1.113099469165558e-06
0.01131206750869751
4.1805128659298375e-05
0.5438850522041321
1.3015049239297588e-12
0.5438850522041321
1.9942274838400266e-17
4.094148233182075e-12
0.01131206750869751
3.2034265010865686e-17
9.000348702083368e-13
2.713762659477326e-10
0.17256729304790497
0.3159884512424469
1.2015990780776825e-20
2.7290046392243057e-11
0.000194221822765352
7.219802715976406e-10
6.736524660757207e-13
0.00041972840228747716
3.4593928651559167e-09
2.0539107998981012e-05
0.5438850522041321
3.7490343820767827e-06
1.6497040242139488e-12
3.6647975937497352e-06
7.134959392491249e-11
0.3159884512424469
5.844389939148039e-07
0.3159884512424469
0.034952305257320404
5.7278229361727207e-11
2.6466388362856082e-12
2.3026465339083646e-10
3.4948486749944335e-10
0.5438850522041321
3.867188631655505e-09
1.0280580227269427e-11
0.01131206750869751
0.5438850522041321
7.408679815551417e-14
0.3159884512424469
0.0002240032439769987
1.0942431208197775e-16
0.019478069618344307
1.174993269350787e-10
1.7280503210499096e-09
0.01131206750869751
6.2145364309620664e-15
0.3159884512424469
1.1638594631966068e-13
1.1070318007030049e-13
0.3159884512424469
4.737200716413689e-06
0.5438850522041321
0.5438850522041321
1.6830671005170574e-15
7.76279632534762e-20
5.620103340833629e-14
0.3159884512424469
0.3159884512424469
1.2091052854140452e-13
2.5982707155370732e-05
0.00034669097876340987
0.5438850522041321
0.3159884512424469
0.3159884512424469
0.3159884512424469
0.5438850522041321
0.3159884512424469
0.17256729304790497
7.345436145638564e-09
0.5438850522041321
2.756327909034211e-08
0.019478069618344307
3.094166876185882e-16
4.2150976683913684e-10
0.3159884512424469
0.5438850522041321
0.5438850522041321
1.684086797313658e-10
1.2698725895527225e-19
0.5438850522041321
0.3159884512424469
2.4670293500327935e-07
1.5001901965249131e-18
0.3159884512424469
0.3159884512424469
0.01131206750869751
0.3159884512424469
0.3159884512424469
0.3159884512424469
5.229501910902129e-13
0.00023633863785803245
0.01131206750869751
0.3159884512424469
1.5559649895450804e-11
4.2843027815044674e-13
0.012295614222355922
1.3100796947152042e-18
0.019478069618344307
2.9818045496421563e-05
4.9446271453779745e-08
1.4160535845754752e-09
1.511560564045747e-08
0.3159884512424469
5.323639913574463e-10
3.9189896209584536e-16
1.6497040242139488e-12
6.619880140440753e-11
3.353055193993234e-18
0.5438850522041321
1.0501753186872344e-10
2.583023863183495e-08
2.631633366160724e-11
0.01131206750869751
0.5438850522041321
2.4554652249967984e-10
0.3159884512424469
3.9445392252995154e-13
0.05041760578751564
0.3159884512424469
8.857937696018483e-18
1.8826416420590407e-14
1.2096177991533052e-13
0.17256729304790497
0.3159884512424469
3.081799596029574e-16
0.034952305257320404
1.0712272622911897e-14
5.319912327491503e-09
1.6497040242139488e-12
3.491996312759957e-07
0.01131206750869751
0.034952305257320404
9.25985746236077e-10
3.973848440741535e-12
0.3159884512424469
1.1125691798694858e-13
0.3159884512424469
0.01131206750869751
2.5236700203017925e-28
0.5438850522041321
4.762724350810892e-07
1.514154244479537e-11
2.533382546455458e-11
0.3159884512424469
0.3159884512424469
0.019478069618344307
3.507123336576925e-05
0.00882542011202353
1.1540222881423115e-19
2.422735611464313e-08
0.01131206750869751
4.903079369679744e-13
2.005662517545887e-12
3.960009129253301e-06
0.00029014848969493044
6.191485735878162e-09
0.5438850522041321
1.3326891126829766e-11
0.3159884512424469
1.1388770357150597e-13
6.631415481054349e-11
0.3159884512424469
0.5438850522041321
0.004062431450395643
5.764550895768593e-07
0.5438850522041321
2.59482314370559e-08
1.8893558181344875e-11
0.01131206750869751
8.43736695829893e-14
0.17062483727931976
0.3159884512424469
2.382716919105269e-07
3.333511647712348e-13
0.5438850522041321
3.823786451361046e-07
1.0745935792344265e-09
2.8936368796157367e-09
7.521103991842431e-16
0.5438850522041321
5.399253852225168e-19
6.479962655741329e-12
3.459923866457961e-07
6.742418158506144e-10
1.1105167060695431e-05
1.1054262515191506e-14
0.5438850522041321
0.3159884512424469
1.6497040242139488e-12
3.439320305821367e-10
4.5888331862015905e-09
0.00011555534283963337
2.7342917263653925e-09
4.191072765692947e-15
0.019478069618344307
0.5438850522041321
0.2575240433216095
0.019478069618344307
0.0077372906995509805
0.0004447005141766762
1.6497040242139488e-12
0.01131206750869751
0.5438850522041321
2.0499858731247613e-18
5.1676325022995396e-14
0.01131206750869751
0.5438850522041321
3.6961455442799425e-07
0.01131206750869751
3.7586481519455746e-14
0.3159884512424469
6.580298312225144e-10
2.4988248660478434e-10
4.7574608464278215e-08
5.757903045887736e-10
0.3159884512424469
3.8203093452613914e-09
0.004062431450395643
1.2070587461268139e-11
3.6961455442799425e-07
0.3159884512424469
6.121840228191819e-16
1.8129085816829657e-09
0.5438850522041321
0.5438850522041321
1.1967664360647416e-09
3.210745778462177e-10
1.0692179969875249e-07
4.905089136794542e-18
3.624882964558206e-07
0.5438850522041321
4.0250344457795485e-13
4.7574608464278215e-08
1.0090052932826778e-09
2.957969457503101e-17
2.3987393378247038e-16
5.725712919522023e-14
1.6497040242139488e-12
1.7330277227282186e-08
0.16310131549835205
3.0717056000980306e-09
3.743210864370757e-14
3.09236090273142e-05
1.7116635789872582e-16
1.9382176531219724e-09
7.67913637416095e-16
4.095293029829557e-10
0.3159884512424469
0.24749049544334412
0.5438850522041321
2.1471358945577807e-10
0.01131206750869751
8.482124877806545e-15
0.3159884512424469
0.5438850522041321
0.5438850522041321
0.019478069618344307
5.54222894687953e-18
0.3159884512424469
3.6961455442799425e-07
4.7574608464278215e-08
9.339342875805676e-11
0.3159884512424469
3.6961455442799425e-07
2.4519538263110105e-11
0.01131206750869751
3.220601775091687e-13
4.285341444157337e-07
0.019478069618344307
2.2780065959610903e-09
0.3159884512424469
0.3159884512424469
1.4749660254138787e-14
0.3159884512424469
4.1760179406172176e-20
2.583023863183495e-08
1.1936373425982175e-09
3.19801773517859e-13
0.5438850522041321
1.5251077329225393e-09
0.01131206750869751
5.491241801315091e-15
0.5438850522041321
7.176223761704947e-17
1.0311432628531803e-05
5.204388234634675e-11
0.5438850522041321
0.019478069618344307
0.034952305257320404
0.01131206750869751
8.240605473336703e-11
0.5438850522041321
0.5438850522041321
3.2911797324115285e-16
0.5438850522041321
1.0411362200709688e-12
0.3159884512424469
0.019478069618344307
0.01131206750869751
6.201242219984105e-06
2.004676115011353e-13
7.097918398302539e-12
2.974081436972486e-15
2.4390341076825653e-09
1.4487247701220909e-05
6.643408269459001e-06
1.15234392431487e-07
4.1805128659298375e-05
2.71559173243647e-10
0.2575240433216095
8.016147060985862e-07
3.343983587161602e-11
4.973278761835478e-14
5.363141225102846e-18
0.01131206750869751
9.59746388839449e-18
9.889522226060596e-17
0.01131206750869751
0.3159884512424469
0.5438850522041321
1.3269583507759571e-16
1.687622593659053e-14
1.7116635789872582e-16
0.01131206750869751
0.3159884512424469
7.815893595516591e-10
8.255046072847533e-08
0.5438850522041321
1.1542382466346112e-13
0.3159884512424469
9.478965030652736e-06
8.59308638498547e-14
3.608277803293983e-18
0.034952305257320404
0.3159884512424469
1.065671424489487e-11
1.6497040242139488e-12
1.5648194146460515e-13
0.0004466733925174862
0.3159884512424469
6.851437997978522e-23
8.767729488154368e-12
6.993220612037775e-08
0.3159884512424469
1.0126881404218996e-15
1.1906924667344764e-23
3.5783957192699527e-08
0.3159884512424469
0.5438850522041321
8.305924343639578e-11
2.7139759230902803e-10
0.5438850522041321
3.403674725244705e-07
0.000426613091170272
0.5438850522041321
3.972840968510935e-09
0.3159884512424469
3.0293349367231583e-11
0.3159884512424469
8.050924105975556e-10
2.817131419239662e-13
1.113099469165558e-06
0.019478069618344307
1.3723585747862928e-11
2.2676517771611092e-08
1.0873287164587506e-14
1.3374643287606401e-11
2.9316179240344923e-13
1.5971565415607063e-11
4.86102236095406e-17
0.5438850522041321
1.6497040242139488e-12
3.665099526281378e-09
4.019061448946134e-17
6.834968820542188e-17
3.982186914476403e-06
0.01131206750869751
0.5438850522041321
0.034952305257320404
6.547416670888081e-14
0.5438850522041321
0.5438850522041321
3.202618360915353e-13
0.3159884512424469
9.128951433302196e-10
6.891548967537535e-10
0.24749049544334412
6.003976605164492e-11
3.1111697698587275e-10
0.5438850522041321
0.3159884512424469
9.703921054941651e-17
2.413511211875889e-14
1.6495760535768934e-16
5.558390020319947e-14
7.189987434372642e-13
0.3159884512424469
0.034952305257320404
3.740439358894145e-11
0.3159884512424469
0.05041760578751564
6.423324947733484e-09
9.144685075769145e-12
9.596076016481455e-13
0.5438850522041321
5.788528509536191e-12
0.3159884512424469
0.01131206750869751
0.01131206750869751
0.5438850522041321
1.724980860437477e-13
0.01131206750869751
3.5104020276987026e-19
0.004062431450395643
1.2910225304302004e-07
2.5375118355390145e-12
0.5438850522041321
5.621210073046594e-16
1.4201074204432062e-06
6.720878317263597e-17
0.5438850522041321
6.821499750683458e-09
2.81529181259799e-15
1.4248783173972586e-06
0.05041760578751564
0.17256729304790497
0.01131206750869751
7.748721372899286e-23
1.5779888137781645e-08
2.604023043373455e-06
0.5438850522041321
7.45219441967358e-16
1.0526261024434544e-09
0.01131206750869751
0.5438850522041321
2.262524216070232e-19
0.3159884512424469
0.3159884512424469
0.01131206750869751
0.3159884512424469
1.4809178599072258e-06
3.4606682695279095e-14
0.3159884512424469
0.01131206750869751
0.3159884512424469
3.94260103085325e-11
1.0340464778799661e-10
7.844778111560327e-10
8.81568592557752e-22
6.925433555200928e-13
8.699454853325822e-10
0.3159884512424469
2.364697447436488e-15
1.1368303408664999e-08
1.1281033756705985e-15
5.001714762072011e-12
0.5438850522041321
0.034952305257320404
4.682226785200644e-10
0.019478069618344307
0.034952305257320404
2.3366565678755036e-11
0.3159884512424469
9.46343611698624e-09
0.3159884512424469
9.878479725323722e-10
9.11657895704698e-12
0.5438850522041321
3.9581679874729447e-10
1.6497040242139488e-12
3.478751932920885e-06
3.1075609565757058e-06
6.317764937941075e-13
7.362474920374237e-10
1.7973446654213214e-08
1.873212414957986e-05
0.01131206750869751
1.7305046776260395e-14
5.9101265586849116e-15
0.3159884512424469
0.00034669097876340987
2.6285890422056874e-13
3.6773848662933113e-19
3.2209669265390175e-14
3.871510518380829e-18
1.4981117675697192e-15
0.3159884512424469
9.496288679743305e-06
2.5959592070473452e-11
3.5223673632640106e-13
1.6497040242139488e-12
5.110936273832339e-20
2.432188234349532e-14
1.8080063018927303e-11
5.831216268645056e-11
1.1267190192621116e-06
6.86866007442671e-11
0.3159884512424469
1.3340907422904283e-05
1.9271494324845338e-17
4.1198518598726915e-17
0.24749049544334412
3.786430397867043e-14
0.3159884512424469
0.5438850522041321
0.3159884512424469
2.368601650152475e-19
4.164304401515147e-14
0.5438850522041321
2.671015693979929e-09
9.928970163578027e-10
0.0004466733925174862
3.3507084702948438e-21
1.0801422043723616e-07
3.492561589828906e-08
2.4115345483059716e-10
1.6291379816583918e-22
3.802890913870492e-15
1.1492299948948898e-08
9.996797011211043e-15
0.1409122496843338
0.3159884512424469
4.575390483340152e-12
1.1690794266570708e-13
3.914146966609918e-18
4.830918785723905e-14
1.4009502673705714e-05
2.4558340627880076e-07
0.5438850522041321
2.7375373604638615e-14
1.0707318208543981e-10
0.034952305257320404
0.3159884512424469
2.7423553108378576e-14
0.0035704903476785023
0.3159884512424469
1.0021407404111886e-16
5.609099982906024e-13
1.3719500911355431e-13
0.0004447005141766762
2.338353307819585e-16
2.130311997748648e-14
7.183688917407367e-19
0.5438850522041321
1.6497040242139488e-12
2.289770914755949e-18
3.1798477413102037e-06
0.5438850522041321
0.6775130033493042
1.6777334467621079e-16
0.3159884512424469
1.2005824830904103e-08
0.3159884512424469
0.5438850522041321
0.5438850522041321
5.236745046258902e-08
0.01131206750869751
1.535662927781448e-16
3.973067267407949e-09
9.306883464251001e-16
8.205185261146027e-10
0.3159884512424469
2.5982707155370732e-05
5.121435265095556e-10
0.5438850522041321
0.5438850522041321
8.913424605180514e-10
1.078924524024207e-13
0.3159884512424469
0.01131206750869751
0.01131206750869751
0.3159884512424469
0.3159884512424469
7.331727813269346e-11
0.05041760578751564
0.3159884512424469
0.3159884512424469
2.446648802685484e-15
0.5438850522041321
3.16695707522381e-14
2.3762879064561182e-17
5.023997704704831e-07
8.658328742499783e-13
0.5438850522041321
0.019478069618344307
1.9515828939648094e-20
3.832190726439484e-09
0.5438850522041321
0.01131206750869751
6.429012282634735e-15
0.01131206750869751
6.075726036378067e-13
1.6112319546898128e-06
2.0550892472908728e-10
5.1317659124767216e-08
0.5438850522041321
8.14077293368564e-14
0.27040889859199524
6.157478526138785e-19
0.3159884512424469
0.01131206750869751
3.1298262859614732e-12
9.478965030652736e-06
1.3120604904804677e-15
3.184835081561312e-16
0.3159884512424469
0.3159884512424469
2.6994344354062618e-11
0.3159884512424469
0.034952305257320404
0.5438850522041321
0.5438850522041321
1.062769592271373e-11
0.3159884512424469
4.304273660718296e-06
0.3159884512424469
0.01131206750869751
4.369747414068655e-11
2.5318650095320868e-14
3.370558186098529e-07
5.500373059179658e-09
0.01131206750869751
1.6497040242139488e-12
5.390783623606046e-13
2.2768060993700558e-09
3.997645080697849e-14
0.3159884512424469
1.338247124183214e-11
0.3159884512424469
1.5292524608458817e-13
8.549227904627951e-14
3.2509935069017273e-12
4.369747414068655e-11
1.6497040242139488e-12
2.7725472013870788e-14
2.5982707155370732e-05
1.287778804521393e-07
0.004062431450395643
1.5456971203805756e-09
2.602837705452943e-10
3.1572303940554993e-10
7.70422783292651e-12
4.6173006019976625e-08
0.00034669097876340987
1.4119328053125331e-09
9.478965030652736e-06
1.9898836757322045e-14
0.01131206750869751
8.661723786032015e-10
0.5438850522041321
1.350572784603524e-07
0.5438850522041321
9.985983498505932e-13
0.5438850522041321
9.416563706559457e-10
1.1268331221576891e-13
0.5438850522041321
0.0003915064521572133
6.864162493633182e-18
8.822847944653496e-13
0.01131206750869751
3.1683297131510784e-07
0.3159884512424469
0.006924992366457938
0.01131206750869751
0.3159884512424469
0.5438850522041321
3.0189872082783196e-15
0.3159884512424469
1.0552440228063693e-07
0.3159884512424469
0.5438850522041321
4.4649219827829994e-08
6.787743498082078e-10
0.5438850522041321
6.455282199979657e-05
0.5438850522041321
0.5438850522041321
0.3159884512424469
0.3159884512424469
9.931387855464544e-12
0.019478069618344307
8.550809249611925e-06
1.7841496120954797e-13
4.829560349141656e-13
1.1433654430520602e-17
0.01131206750869751
0.3159884512424469
6.247868011735359e-10
3.736515032810633e-06
6.3491015834434035e-12
0.3159884512424469
2.578264284837374e-12
0.5438850522041321
0.5438850522041321
1.85876272650056e-13
0.3159884512424469
0.01131206750869751
1.5959896013066278e-09
6.449318161718714e-09
0.5438850522041321
0.01131206750869751
0.5438850522041321
2.3133754766507555e-15
0.3159884512424469
1.6497040242139488e-12
9.401132441979557e-12
2.0400598030597878e-11
1.257523003914735e-07
0.004062431450395643
3.6915665449919566e-09
4.010032229791081e-09
1.080767240355219e-12
3.6961455442799425e-07
3.941253965996078e-32
1.2088030243351368e-26
1.736259606987641e-13
0.3159884512424469
5.1151440824451895e-09
1.2394981427022955e-13
5.8058478081368726e-12
3.2911797324115285e-16
0.5438850522041321
0.034952305257320404
0.034952305257320404
0.3159884512424469
4.2967463863983323e-10
3.1491354101709457e-09
0.5438850522041321
0.3159884512424469
7.794128875453029e-17
0.3159884512424469
7.533818576492905e-12
0.5438850522041321
0.3159884512424469
0.019478069618344307
1.4966024692844886e-09
0.5438850522041321
0.5438850522041321
3.2878577209585225e-09
0.5438850522041321
1.201483247648211e-12
1.4084666312958916e-12
3.09236090273142e-05
0.01131206750869751
0.1409122496843338
4.542984514881415e-22
1.3620363411360193e-10
0.3159884512424469
7.16732101878833e-13
0.01131206750869751
0.5438850522041321
0.3159884512424469
6.518560746296697e-09
1.4133132861465804e-11
0.01131206750869751
3.314196101386718e-11
4.878551832040019e-16
3.439614503373321e-07
1.6445944572397154e-13
0.3159884512424469
1.8724200152810364e-10
3.449331568591632e-14
0.5438850522041321
1.2120293771535953e-11
0.034952305257320404
3.4275363306364044e-10
7.719144549454543e-11
0.27040889859199524
2.2547204893371082e-07
0.5438850522041321
9.478965030652736e-06
4.053228000354495e-12
1.877318405597742e-06
6.606873539498052e-09
3.330382490378331e-26
0.17256729304790497
0.24749049544334412
0.5438850522041321
7.36077069953352e-13
9.478965030652736e-06
0.01131206750869751
7.33847486395335e-11
0.5438850522041321
4.0967175770739556e-08
1.0725126003200636e-07
0.17256729304790497
0.3159884512424469
0.3159884512424469
1.915296466704794e-11
0.16310131549835205
0.019478069618344307
0.0013718992789203853
0.01131206750869751
0.003636786306921047
1.6259809964356816e-10
0.17256729304790497
0.019478069618344307
0.5438850522041321
1.5469259884059846e-13
1.6497040242139488e-12
2.7117474197179773e-16
2.2577775488027674e-09
3.314591449631327e-17
0.5438850522041321
0.00047902169166964825
1.587736159030742e-14
7.933082695985591e-05
9.456036084892072e-15
6.651882161586213e-14
0.24749049544334412
2.14655549256977e-11
0.5438850522041321
0.3159884512424469
3.151871853824086e-07
8.839035734174881e-15
6.915360364697721e-10
0.3159884512424469
6.3223298993567626e-12
8.503204769009037e-12
4.021197054931442e-13
2.4595288296616503e-05
0.019478069618344307
0.01131206750869751
0.01131206750869751
0.004062431450395643
0.0004526071798490745
0.5438850522041321
8.706105731725056e-12
7.307687313498593e-05
1.3234283841467666e-17
0.3159884512424469
6.323505178273296e-09
5.368892321317504e-09
5.995703781006338e-15
0.00029957353166713363
6.978439839582664e-10
2.4010795419372256e-17
2.8404612828975118e-09
3.256183423607935e-17
0.01131206750869751
3.876307016853408e-12
6.563662585634699e-13
6.817750710078209e-13
0.0005428682273209995
0.01131206750869751
0.5438850522041321
0.5438850522041321
0.5438850522041321
1.2495337996106019e-11
0.01131206750869751
0.01131206750869751
1.2495337996106019e-11
8.262229047277404e-14
3.1783988621250457e-12
0.3159884512424469
1.227315681268073e-12
0.3159884512424469
4.0516022495741037e-07
0.3159884512424469
4.0873126715628283e-10
0.5438850522041321
0.3159884512424469
7.919871828053665e-10
1.1368303408664999e-08
0.3159884512424469
2.651982876086425e-09
0.5438850522041321
3.22009108224965e-15
1.6497040242139488e-12
5.215013714158886e-14
0.0004466733925174862
0.5438850522041321
8.2476524987838855e-19
9.115820794260585e-15
9.508510199329704e-15
0.01131206750869751
7.170275448086714e-07
0.5438850522041321
0.5438850522041321
0.019478069618344307
3.1554014276447833e-12
0.3159884512424469
4.904506248108067e-18
6.645965241151505e-07
5.847915650053228e-20
0.5438850522041321
0.5438850522041321
0.01131206750869751
0.3159884512424469
2.4344951447534315e-07
0.3159884512424469
3.267611432803121e-15
4.6704337929888466e-06
0.3159884512424469
9.61152849681448e-11
3.2671628259463057e-13
0.002519489712375789
7.95366491392374e-10
4.417961924795458e-15
3.8611801022098675e-12
2.075136533471208e-09
0.3159884512424469
1.2252794385798164e-11
0.5438850522041321
1.6284404067127406e-18
5.708352271016568e-12
0.5438850522041321
0.3159884512424469
0.5438850522041321
0.5438850522041321
4.4101022330693116e-13
5.479648670188282e-07
0.01131206750869751
1.523600151838605e-11
5.954061279075596e-11
0.034952305257320404
1.3497190964819648e-09
2.5982707155370732e-05
0.003641378313222088
0.0027567620952520014
0.3159884512424469
5.278273150797411e-10
6.214297125972012e-12
0.019478069618344307
1.3598319641367e-15
0.5438850522041321
1.0143993677524127e-12
0.5438850522041321
0.5438850522041321
8.98051684101149e-17
0.3159884512424469
2.2965250281771832e-07
3.4139087123316964e-10
3.938987040868887e-10
0.1409122496843338
1.9436173818149193e-10
1.6497040242139488e-12
3.739926579331163e-07
0.5438850522041321
1.9142127727406217e-14
1.6497040242139488e-12
3.934434544415654e-16
0.5438850522041321
0.01131206750869751
0.01131206750869751
0.5438850522041321
1.77951169400847e-05
0.3159884512424469
0.5438850522041321
1.2150884376005798e-19
1.1542976344546632e-07
0.019478069618344307
1.1169689178716088e-15
8.530029700256961e-14
2.759747504020815e-11
8.020921647849631e-10
2.4637291404106837e-12
0.5438850522041321
1.120128290479215e-11
0.3159884512424469
5.207741806240392e-15
4.231356735133363e-08
0.5438850522041321
0.01131206750869751
2.061121946902852e-16
5.963520842286637e-12
0.3159884512424469
0.5438850522041321
0.3159884512424469
4.035952137864208e-24
2.659149945444223e-16
3.881040255458237e-05
0.5438850522041321
2.6619423163425965e-08
0.01131206750869751
0.5438850522041321
0.5438850522041321
3.0419807260113817e-10
0.01131206750869751
1.3329284085581094e-11
1.7046823014344145e-12
3.4438574190573192e-18
0.3159884512424469
0.3159884512424469
0.3159884512424469
0.3159884512424469
1.089203270308719e-12
3.689243260103925e-08
0.3159884512424469
0.01131206750869751
3.1037540117973213e-16
0.3159884512424469
0.2575240433216095
0.5438850522041321
1.8129085816829657e-09
0.5438850522041321
0.3159884512424469
0.01131206750869751
2.6778619234966786e-15
0.019478069618344307
1.3499767375576706e-15
2.470432465616944e-08
0.01131206750869751
0.5438850522041321
6.88187321860857e-16
8.759403495387946e-10
1.418147196471302e-16
0.3159884512424469
3.737042999476439e-07
3.5962888299920964e-22
3.2794074973288706e-14
1.0526261024434544e-09
0.3159884512424469
3.6961455442799425e-07
0.3159884512424469
0.004062431450395643
7.543159623446173e-16
1.0551864778082432e-13
0.17256729304790497
3.4992626058063953e-11
0.01131206750869751
0.3159884512424469
8.028637987975092e-06
1.3740771922519855e-10
0.00029014848969493044
0.05041760578751564
0.5438850522041321
1.5396799810738074e-17
3.066515239131379e-21
0.5438850522041321
0.01131206750869751
3.2760386576566813e-16
0.3159884512424469
2.131090254446865e-11
0.5438850522041321
3.955616636568368e-09
3.745918025658117e-18
2.1329190692553186e-09
0.3159884512424469
2.2614695693018222e-14
1.0257664620499986e-05
0.05041760578751564
3.5987407342942325e-09
4.1911608713539515e-13
0.0027567620952520014
4.4496556278149025e-06
1.3374643287606401e-11
0.5438850522041321
2.331341982445363e-06
2.6920741020348385e-17
0.5438850522041321
0.01131206750869751
0.3159884512424469
0.01131206750869751
0.01131206750869751
1.1985161093109978e-05
6.222254533314648e-14
2.2989987295336674e-10
4.85972467634567e-09
6.2482859767476104e-15
7.222363407441613e-08
7.25987115399568e-11
3.778687970689764e-15
0.019478069618344307
2.8176224165256417e-07
2.349137382711762e-08
2.1660449912256958e-14
0.05041760578751564
0.002550387494533471
0.00013542852577035276
2.293898975039115e-13
1.7940822726112185e-06
3.5945876909974405e-10
0.01131206750869751
1.2766017972620094e-17
2.8302993817919273e-12
0.01131206750869751
1.8346351809520846e-11
0.17256729304790497
0.5438850522041321
0.01131206750869751
2.4406889830685624e-12
0.5438850522041321
1.3949609140393478e-08
1.4201074204432062e-06
0.01131206750869751
1.1836137317148565e-09
1.3644080475970347e-29
0.3159884512424469
0.5438850522041321
0.003641378313222088
0.5438850522041321
1.970069706829535e-08
2.2547204893371082e-07
1.2595681139965639e-11
9.60504831417277e-06
2.3209854000964185e-13
1.5208855991543717e-12
6.645866281707188e-09
2.1766784570621492e-07
2.0480571966311312e-11
0.01131206750869751
0.3159884512424469
0.00029957353166713363
0.01131206750869751
4.0443136373306124e-13
0.3159884512424469
6.480971580959599e-09
1.057483612078512e-12
2.9190891370226486e-08
4.562568407622327e-10
1.6709608968684745e-08
8.550809249611925e-06
0.019478069618344307
4.8526911944842634e-15
1.6192884159227694e-11
0.3159884512424469
0.034952305257320404
1.2691213581268822e-12
0.01131206750869751
0.3159884512424469
1.0664505651121326e-08
1.0195412752049173e-12
2.0454541887197725e-17
4.384124420913682e-14
3.941385831637826e-09
7.539436674597703e-15
4.3168524972857795e-16
0.3159884512424469
1.3490090832169516e-09
4.097080002590511e-11
1.6497040242139488e-12
9.813251567979151e-05
1.3844823005628581e-05
2.5802230060535233e-07
7.900197915044783e-12
0.0004466733925174862
2.0269252856154693e-08
1.0611659467395722e-12
6.608718612357015e-13
1.0522338843143703e-15
0.17062483727931976
0.3159884512424469
0.5438850522041321
0.3159884512424469
9.192034203221134e-12
0.01131206750869751
1.2421628149620061e-08
0.3159884512424469
9.920931660474364e-15
7.862564823027666e-10
2.6290526472960384e-07
5.555954902400226e-05
1.3463186674657168e-12
0.3159884512424469
0.3159884512424469
1.047890790152582e-08
2.284688371279509e-11
1.6543984800873448e-07
0.5438850522041321
0.01131206750869751
4.786649309345835e-15
0.5438850522041321
1.7209161992425713e-11
2.93444506200397e-07
2.7344989677459143e-15
0.3159884512424469
1.6682159045487396e-16
0.3159884512424469
1.2771914878693927e-15
0.5438850522041321
0.01131206750869751
1.580410830442627e-08
9.677768391182256e-30
0.004749953120314621
0.5438850522041321
6.692450850656453e-13
2.2240536436035013e-15
1.7116635789872582e-16
2.0071184956761787e-12
0.034952305257320404
1.868882022133217e-09
3.429910017655806e-12
0.034952305257320404
5.911220633028304e-16
8.388573827809115e-13
5.855861676674762e-10
0.039028726267448244
2.1637401629135832e-07
7.608845966712696e-13
5.1328583651989415e-11
5.1445066600732697e-14
3.478775327298917e-13
5.421217291526854e-14
0.3159884512424469
2.1339666990733528e-17
0.019478069618344307
7.936648105126e-14
1.3495874364254212e-06
0.01131206750869751
3.6647975937497352e-06
1.345843925972359e-13
3.422343236153186e-08
0.5438850522041321
1.0445401023088412e-09
0.3159884512424469
5.587391478072869e-09
0.034952305257320404
1.0141374649737708e-06
4.784262405472662e-06
0.5438850522041321
1.5085903076486313e-08
0.5438850522041321
0.3159884512424469
1.604416975461549e-09
6.110129215939561e-15
0.01131206750869751
0.5438850522041321
1.1821924991924631e-05
0.5438850522041321
5.279647898465921e-14
0.006924992366457938
3.879777037424001e-15
3.1436824683275236e-08
4.1200026914525065e-18
9.061019980951261e-15
2.7925357820455637e-10
3.54603940101082e-10
2.2547204893371082e-07
0.3159884512424469
0.3159884512424469
0.5438850522041321
0.5438850522041321
0.3159884512424469
0.5438850522041321
0.01131206750869751
7.069026405008027e-11
9.478965030652736e-06
9.580435262786997e-15
0.5438850522041321
8.235499662486987e-15
0.00012604281010423265
0.5438850522041321
9.349337361080646e-08
3.854951806832764e-12
4.166078586961498e-05
2.897916230069356e-10
0.5438850522041321
0.01131206750869751
6.815563264366613e-13
0.5438850522041321
1.2140592625878535e-11
0.3159884512424469
1.4908999777980983e-08
0.17062483727931976
2.4770245608899416e-08
7.97138729894085e-11
5.967844367823546e-07
0.004062431450395643
0.01131206750869751
0.3159884512424469
1.3364435440978934e-13
1.8946815870219394e-05
7.104775212069638e-16
5.544655324368301e-16
4.610639495425089e-14
4.287332980960379e-15
5.262267649500934e-10
5.072166070593034e-13
0.05041760578751564
0.021095944577099873
1.0923355065494693e-14
7.281633768845346e-17
1.15234392431487e-07
1.3363513039281503e-12
1.428859948908121e-15
1.0755835415537325e-13
0.0004466733925174862
3.722165721447277e-20
0.3159884512424469
0.5438850522041321
0.3159884512424469
0.5438850522041321
2.9835162860782953e-11
0.3159884512424469
7.621749202229684e-17
2.2355539905408595e-19
1.1967664360647416e-09
0.1409122496843338
3.982186914476403e-06
0.00034669097876340987
5.647931888551848e-17
0.019478069618344307
0.034952305257320404
1.7676216584064478e-10
4.5666099149134975e-08
0.27040889859199524
0.0005671144573626123
0.17256729304790497
0.5438850522041321
1.2281747776704732e-13
1.0274370977044845e-11
6.196541881841736e-14
1.6497040242139488e-12
9.478965030652736e-06
1.0443268635696274e-10
0.16310131549835205
5.838778366559207e-13
5.301101530977119e-11
0.3159884512424469
1.0542889505093067e-12
0.039028726267448244
2.8561910034248573e-06
0.5438850522041321
1.0959530908350078e-12
1.2461572572371837e-06
1.772470207601644e-08
2.32059943217688e-15
0.5438850522041321
1.8129085816829657e-09
5.9223536964119835e-12
0.5438850522041321
2.679329792306033e-08
0.004062431450395643
0.3159884512424469
0.3159884512424469
2.664505786789996e-07
3.866244213784911e-21
8.922184889432638e-15
1.0698302108352041e-12
4.4348824968316904e-10
2.8246807442358873e-08
0.5438850522041321
1.1988675336781003e-12
0.01131206750869751
0.019478069618344307
0.5438850522041321
1.5186542719443234e-17
5.001695712043836e-12
4.1015359427183626e-12
0.3159884512424469
5.15725253002935e-10
0.012394359335303307
2.583023863183495e-08
8.423686457574283e-09
3.289173306416947e-10
0.01131206750869751
0.3159884512424469
0.006924992366457938
0.3159884512424469
0.5438850522041321
1.6403034558928623e-12
2.6196701770735747e-08
1.62275931006301e-20
0.3159884512424469
2.1546466438113647e-17
1.6497040242139488e-12
1.5779888137781645e-08
3.2979796980048985e-13
6.054025674595944e-14
4.428326205566178e-12
2.0447676406941324e-19
0.5438850522041321
0.17256729304790497
3.603057853436445e-13
0.01131206750869751
2.2486664783343527e-15
8.319677132174877e-16
0.3159884512424469
2.290693299122757e-06
0.5438850522041321
0.5438850522041321
3.629775297231935e-06
1.4039616340246973e-10
9.892517126120873e-14
1.0755835415537325e-13
0.5438850522041321
0.5438850522041321
1.6626810976540835e-13
1.2590988819151822e-05
0.01131206750869751
0.5438850522041321
0.5438850522041321
2.2917389575937458e-09
3.54603940101082e-10
0.5438850522041321
0.5438850522041321
0.0004447005141766762
9.882396008136327e-13
0.1409122496843338
9.281827815920761e-14
0.0003768562861598161
0.5438850522041321
0.17062483727931976
0.019478069618344307
9.478965030652736e-06
1.2064630654241347e-20
2.458724250583605e-16
0.3159884512424469
4.2150976683913684e-10
1.832217648202292e-12
0.5438850522041321
0.034952305257320404
0.019478069618344307
4.852042945666689e-13
0.5438850522041321
7.108453802642446e-16
9.731113094477073e-12
1.7380598158233451e-07
5.141467400897116e-13
4.000871885833527e-12
7.906593105428231e-08
0.5438850522041321
0.3159884512424469
1.1986956453563407e-09
1.6497040242139488e-12
0.5438850522041321
5.538277244902092e-11
0.5438850522041321
8.324891150324688e-15
0.01131206750869751
4.427607277204549e-15
4.595434692708277e-17
0.01131206750869751
2.756349712779147e-13
3.506768275177582e-13
0.0008958648033103311
5.76048711017678e-10
0.3159884512424469
0.01131206750869751
1.6728972941208163e-08
3.1798477413102037e-06
0.002519489712375789
3.870133082366258e-13
0.3159884512424469
1.577640156967923e-13
1.879621896218466e-07
0.00084642024127378
0.17062483727931976
1.9747750782033005e-10
0.1409122496843338
2.1001541324812875e-11
1.5264743651123615e-12
0.5438850522041321
0.5438850522041321
0.5438850522041321
2.483849711729951e-05
4.3673418031975557e-11
0.5438850522041321
0.3159884512424469
1.5005380406953245e-13
1.3194091101059029e-17
0.034952305257320404
1.6497040242139488e-12
1.432259805713985e-15
0.5438850522041321
3.182946579150489e-13
0.3159884512424469
0.27040889859199524
0.5438850522041321
0.5438850522041321
0.01131206750869751
9.553779910736905e-07
0.00011555534283963337
1.462251934054929e-12
9.676892998900673e-06
4.9959623072079737e-17
0.3159884512424469
0.01131206750869751
0.3159884512424469
0.5438850522041321
2.3568721482629925e-11
9.568733859864006e-12
0.01131206750869751
1.2091052854140452e-13
1.815109632257476e-21
1.6827473984712764e-08
4.3665065976849684e-12
0.5438850522041321
2.2522294367483403e-23
3.3178957570289476e-07
2.8476927896846615e-12
4.542188986856771e-09
0.0002240032439769987
0.01131206750869751
0.01131206750869751
5.010702464489876e-13
0.1494135856628418
1.5242630965269905e-12
3.7943274672391347e-13
0.00025407003037661476
7.098904367611083e-14
0.01131206750869751
2.4245914113795707e-09
0.3159884512424469
0.034952305257320404
6.694258547927168e-13
7.888295759221444e-15
1.154513245780736e-08
6.988162072663736e-07
1.3325384681111636e-14
0.5438850522041321
0.01131206750869751
1.0984826233508025e-10
3.8323585360128965e-20
0.3159884512424469
1.5491187600873537e-14
9.478965030652736e-06
1.3892076020938082e-11
0.0004466733925174862
0.3159884512424469
9.846352228740697e-07
4.213783570024841e-09
4.481869943022789e-10
0.034952305257320404
5.01192207709708e-14
4.932152332729805e-07
1.5634109532699333e-13
1.7386237492616468e-10
0.019478069618344307
9.864304762089268e-12
4.1805128659298375e-05
0.034952305257320404
0.021095944577099873
7.149400173448193e-11
1.6497040242139488e-12
2.7851382639924123e-09
0.01131206750869751
0.5438850522041321
3.1240293474083346e-09
2.807644285646653e-09
6.249598626033677e-13
7.417271451554236e-12
1.4069380263468513e-08
3.0191418455936056e-14
4.7889738085604585e-25
3.725400964527831e-12
8.933059869591355e-14
5.0826021238074905e-18
0.5438850522041321
0.034952305257320404
1.2058058556955136e-17
0.3159884512424469
0.01131206750869751
0.5438850522041321
3.0585697993220283e-16
1.049027381728753e-11
2.3111716279640627e-16
0.01131206750869751
1.6087951902305603e-13
7.027969401916599e-11
1.684086797313658e-10
3.478775327298917e-13
4.394766549024643e-23
2.515022094499425e-11
1.8931610811089187e-09
7.952862638080272e-25
0.5438850522041321
3.199820579766469e-08
0.0005186788945544564
1.6497040242139488e-12
8.36206549607725e-14
0.2708544433116913
3.003330354567021e-11
0.01131206750869751
0.3159884512424469
1.958748901296671e-11
8.038511847873946e-19
5.520171142377069e-12
0.5438850522041321
4.865306974006181e-17
1.3395783544794905e-09
1.523461482868533e-11
0.3159884512424469
9.478965030652736e-06
0.01131206750869751
1.9833924403197804e-17
0.5438850522041321
0.3159884512424469
3.918379049993719e-08
7.276182458508579e-13
0.3159884512424469
1.3101636103131337e-15
8.474705749653238e-14
4.692200356620732e-28
0.17256729304790497
8.367264754908677e-13
3.6647975937497352e-06
0.3159884512424469
0.01131206750869751
2.9254305894540812e-12
0.3159884512424469
1.5251903856436467e-17
0.5438850522041321
0.5438850522041321
0.00013257505422632765
0.3159884512424469
1.786737697580965e-11
0.01131206750869751
1.1967664360647416e-09
1.573130069787593e-12
0.5438850522041321
4.318043835650738e-12
0.5438850522041321
4.524527797506302e-13
1.498275219226035e-10
5.0256047179419894e-17
1.1999040633300698e-11
0.5438850522041321
5.707135643696859e-16
7.113631108575675e-07
1.5003276964101704e-15
5.135172495843531e-08
3.478775327298917e-13
0.5438850522041321
5.438535673525149e-15
2.5517006636024065e-10
1.332711716934778e-18
0.01131206750869751
0.0018282796108805655
0.3159884512424469
0.3159884512424469
0.0020030517800945224
3.52263102355725e-12
2.824533015923558e-13
2.936641095524409e-09
6.817750710078209e-13
0.019478069618344307
3.214234555343446e-05
0.05041760578751564
0.001397191376355078
1.6497040242139488e-12
0.01131206750869751
1.684997354969058e-08
0.0004466733925174862
6.713691271706537e-12
2.946666588701494e-10
0.01131206750869751
3.379077479523742e-05
0.0004466733925174862
9.349337361080646e-08
0.3159884512424469
3.356528050013633e-14
1.1908101134991436e-12
5.354623792052308e-10
0.01131206750869751
9.39630729166553e-15
1.808859298851063e-11
4.7811585747852486e-18
0.01131206750869751
1.5157935207363441e-06
3.740536333557043e-08
0.2575240433216095
1.159343837135093e-13
0.3159884512424469
0.3159884512424469
0.0027567620952520014
8.822130130211259e-11
5.767567351385872e-13
0.5438850522041321
1.1626465020576332e-05
2.6170902757437938e-05
0.5438850522041321
0.5438850522041321
7.492595474924643e-14
1.2969628232476263e-16
0.3159884512424469
5.7143072641787225e-11
0.3159884512424469
4.11222877796399e-11
0.01131206750869751
0.005811709504212682
0.01131206750869751
0.5438850522041321
2.1425433067179266e-17
2.825033297496325e-09
4.3441637643598957e-16
3.1760293820235064e-12
0.0010939546358267945
5.296104699332094e-18
6.885326437710237e-14
1.7015649549977228e-07
2.7422881189185038e-06
0.019478069618344307
6.412307665137693e-12
0.3159884512424469
0.00016186798692841153
1.1964855278881444e-09
0.5438850522041321
3.646134746329927e-24
0.3159884512424469
4.866699576618629e-10
2.1037910105103084e-19
4.492151845675662e-06
3.210314420903455e-13
1.964564621435204e-06
0.034952305257320404
0.01131206750869751
3.8855623272381846e-20
3.737277607222127e-08
1.336534117091794e-05
0.17256729304790497
3.07313767679462e-14
9.553779910736905e-07
9.478965030652736e-06
0.5438850522041321
0.01131206750869751
1.9079617900902397e-10
6.92777876394547e-10
0.5438850522041321
6.052197489986907e-17
5.029179344899074e-15
1.7845024748991092e-11
0.5438850522041321
1.6497040242139488e-12
0.3159884512424469
0.5438850522041321
0.5438850522041321
3.495256535547371e-08
8.471521334237393e-08
7.372038799796565e-13
0.3159884512424469
0.01131206750869751
1.7836049801806141e-13
2.0726327652064464e-09
1.4938472842662443e-16
1.1789455788751975e-10
8.124709122045427e-11
0.3159884512424469
1.7341917406316962e-07
9.613594862861579e-13
0.3159884512424469
7.692342110009297e-14
0.004749953120314621
1.3946458787717094e-09
0.3159884512424469
0.01131206750869751
0.3159884512424469
0.3159884512424469
0.5438850522041321
0.5438850522041321
7.384324485822207e-05
0.3159884512424469
0.17256729304790497
1.4171041417296736e-11
3.5876483337615607e-12
0.5438850522041321
4.1805128659298375e-05
1.972003932032074e-06
5.029179344899074e-15
0.5438850522041321
0.5438850522041321
0.3159884512424469
0.5438850522041321
1.2249763163789618e-14
3.407788766876659e-15
0.17256729304790497
5.288877270995329e-10
9.894384525091986e-29
1.0586027958811864e-16
6.547416518479822e-13
0.3159884512424469
0.5438850522041321
0.5438850522041321
1.968337293414183e-13
0.3159884512424469
2.8010750572145263e-09
7.817482280200575e-14
0.3159884512424469
0.0020030517800945224
0.0005671144573626123
1.6497040242139488e-12
2.087018575167776e-12
8.80002141044945e-09
0.3159884512424469
5.0818755615088374e-14
0.3159884512424469
1.6497040242139488e-12
0.1409122496843338
1.6893554437784737e-12
4.164304401515147e-14
0.5438850522041321
3.579887517443148e-05
5.75871793058372e-19
0.01131206750869751
0.3159884512424469
0.5438850522041321
6.633399566378808e-16
1.0045711798330939e-07
1.3518716526573069e-11
8.23716858790093e-06
0.3159884512424469
9.478965030652736e-06
0.01131206750869751
8.7604065446984e-07
0.01131206750869751
2.5669553994195485e-16
4.872865196875913e-11
0.019478069618344307
0.01131206750869751
0.5438850522041321
0.01131206750869751
1.2341510436932507e-11
0.3159884512424469
1.620732380505774e-11
9.747312157907518e-20
6.323505178273296e-09
3.8533283875577566e-06
1.0188247826454067e-07
4.164304401515147e-14
3.894857478649005e-07
1.449189135624992e-20
8.550809249611925e-06
3.450668801043517e-12
3.579479756730062e-10
1.4656091118485443e-12
4.356102467462354e-09
4.153669555544575e-08
9.592101222697181e-16
3.2853850066639503e-09
3.318818978177315e-10
4.038470331465462e-08
0.3159884512424469
0.5438850522041321
3.743415463347884e-11
8.286267539914862e-08
8.008670223048507e-10
0.3159884512424469
8.60781747836626e-14
1.1218162279553931e-17
3.54603940101082e-10
1.7283853493958574e-16
2.018527002585489e-13
2.75579310212588e-16
1.133673579394156e-23
0.3159884512424469
0.3159884512424469
0.012295614222355922
1.481791850814609e-08
3.685174842640581e-08
0.01131206750869751
0.3159884512424469
0.3159884512424469
1.1261422824523502e-07
2.4540792521464622e-06
0.01131206750869751
4.285396510007535e-09
0.01131206750869751
0.00016186798692841153
6.635956243012249e-14
3.0065115734016265e-13
0.3159884512424469
4.675899224559818e-10
0.002425345848399249
2.5422268106170376e-08
0.01131206750869751
0.3159884512424469
0.0003753713750699987
0.05041760578751564
7.270301992510005e-08
9.803635739970762e-11
0.5438850522041321
1.4665858649744129e-15
0.00036860553811274836
7.644835685033779e-07
1.6144684533054523e-12
0.5438850522041321
0.5438850522041321
0.003636786306921047
3.727980365490254e-16
0.05041760578751564
3.507123336576925e-05
0.05041760578751564
2.510062253415289e-13
6.323505178273296e-09
0.034952305257320404
2.4827327580161905e-16
9.770289837475011e-05
8.800858508372142e-06
2.119784848721482e-09
1.072214021041721e-14
1.0215451251565051e-14
0.5438850522041321
4.6029207842562704e-11
0.5438850522041321
1.5922102805151006e-13
1.221877862511311e-07
0.5438850522041321
1.0758182486535397e-11
0.3159884512424469
0.3159884512424469
4.1888231708306826e-08
0.5438850522041321
4.403697193265089e-12
4.19136935153564e-07
1.9763009558505747e-18
2.662466139158525e-07
4.167683133314802e-15
0.0004466733925174862
0.3159884512424469
0.5438850522041321
1.7149190753903565e-11
3.524866003973522e-11
0.5438850522041321
0.5438850522041321
8.415866889918058e-08
0.01131206750869751
1.0353399015532965e-11
1.9757791232757548e-07
8.948036448400409e-15
0.039028726267448244
0.3159884512424469
0.3159884512424469
6.741909031194652e-09
2.1502763366586477e-08
0.16310131549835205
0.01131206750869751
2.227940279203823e-11
0.004062431450395643
1.0044751699575863e-11
1.0044751699575863e-11
4.7574608464278215e-08
3.0211133906423227e-14
2.54155358778038e-09
3.509436448858757e-09
0.3159884512424469
0.019478069618344307
1.402270849268202e-14
0.3159884512424469
0.3159884512424469
2.2942337594249346e-09
4.7265878519766764e-12
1.0157047550946443e-14
2.272577759104113e-09
3.012448754646586e-14
0.3159884512424469
0.3159884512424469
4.5456474899064226e-10
0.3159884512424469
0.3159884512424469
4.734663823267624e-13
0.3159884512424469
1.6497040242139488e-12
0.3159884512424469
0.01131206750869751
3.036478289578055e-07
0.5438850522041321
1.5061886426573224e-16
9.478965030652736e-06
0.01131206750869751
1.7810363179782752e-16
6.974020242723368e-15
0.5438850522041321
5.526126841094909e-13
7.532973052415362e-12
0.034952305257320404
3.121901336836405e-08
2.390855355008289e-11
5.046745018819402e-07
2.6989579273355657e-13
3.2069162203266166e-13
1.4299412032164207e-19
1.5413589726536495e-19
0.5438850522041321
8.708987585402297e-10
1.9378201372711737e-14
0.17256729304790497
7.243872556307644e-14
0.5438850522041321
3.756422102329463e-05
0.3159884512424469
1.4590035783155963e-10
1.2208657568159645e-13
1.1479563108522844e-09
2.535249753501703e-14
6.323505178273296e-09
1.6497040242139488e-12
1.3495874364254212e-06
0.5438850522041321
0.5438850522041321
0.5438850522041321
1.1491290391000434e-05
0.01131206750869751
5.459250823817249e-10
1.1061109425348061e-17
2.1821108766010002e-13
1.6497040242139488e-12
0.00011555534283963337
0.5438850522041321
0.01131206750869751
9.525398953533128e-05
3.507123336576925e-05
6.810350385932532e-16
5.083794071876811e-06
3.8696161233130664e-11
4.7027356622872155e-11
8.726420509372892e-16
0.01131206750869751
0.1409122496843338
3.95217850725464e-16
6.089967871650577e-14
5.135228597903852e-14
0.5438850522041321
4.289668100790021e-12
9.990184860760363e-16
0.5438850522041321
0.3159884512424469
0.3159884512424469
1.9307599990408542e-14
7.053696318894908e-06
1.8593470474466448e-13
9.349020345567108e-08
0.3159884512424469
3.6647975937497352e-06
7.593641492966756e-10
0.3159884512424469
8.358679418039715e-07
0.5438850522041321
1.8956365018118322e-11
2.5294283876579745e-12
0.01131206750869751
0.0004526071798490745
0.3159884512424469
1.1172063974929456e-12
0.01131206750869751
3.172789962356928e-14
2.1411865687178705e-11
0.034952305257320404
3.507123336576925e-05
1.8514230816205185e-16
0.019478069618344307
0.27040889859199524
1.7584648714018683e-13
0.5438850522041321
5.933992690827238e-18
0.01131206750869751
0.002550387494533471
7.125999974944512e-17
1.3967904556662753e-08
7.202092884054733e-05
0.5438850522041321
6.989454286914663e-07
0.5438850522041321
6.763375416136182e-11
1.3646487392600668e-18
0.039028726267448244
0.3159884512424469
1.04730759413959e-11
0.5438850522041321
0.3159884512424469
6.3220570648972e-13
0.3159884512424469
0.5438850522041321
3.665421841371015e-11
1.2316967335598308e-05
1.121122554657278e-15
6.204814161959262e-09
0.3159884512424469
5.449799898398039e-07
0.3159884512424469
0.3159884512424469
0.3159884512424469
0.17256729304790497
0.5438850522041321
2.738738789264326e-16
0.3159884512424469
0.01131206750869751
4.009667752463038e-11
4.957291328926158e-15
0.3159884512424469
0.3159884512424469
9.508521415171214e-13
3.204203042856805e-11
2.147959094793189e-11
0.5438850522041321
2.5869749527334383e-14
1.2847119841783259e-11
2.090334071308729e-11
3.3375476389370338e-09
0.3159884512424469
2.36016178621303e-05
9.455378380596771e-12
0.00010967726523552004
0.00013686304624494476
1.1120630143926131e-09
0.16310131549835205
2.027036254335809e-16
7.631615348656536e-07
0.5438850522041321
0.5438850522041321
0.019478069618344307
3.722377153421075e-10
4.301464559838757e-06
1.7191065341521887e-11
0.019478069618344307
3.1683297131510784e-07
0.019478069618344307
0.019478069618344307
1.648068428698373e-05
3.601204286612553e-12
3.169882617473637e-16
2.1757229936758263e-09
0.17256729304790497
0.01131206750869751
3.1396782320777043e-15
0.5438850522041321
1.733244010716366e-06
1.869726359851083e-18
1.816105329079889e-11
0.01131206750869751
0.019478069618344307
0.5438850522041321
1.1718649919584428e-12
1.2124376333221873e-10
3.6323787055819615e-06
8.304860469177383e-11
5.320587729389716e-10
2.2547204893371082e-07
5.296659408200903e-12
0.5438850522041321
0.5438850522041321
8.448790881495102e-08
9.43056863971423e-09
3.72694668681246e-13
0.5438850522041321
0.034952305257320404
0.3159884512424469
3.889197622272128e-09
0.2708544433116913
0.3159884512424469
0.3159884512424469
9.889522226060596e-17
0.3159884512424469
0.3159884512424469
2.046934378729641e-15
0.3159884512424469
0.3159884512424469
1.523949737767224e-08
2.099237870498735e-09
2.1590024122869446e-09
1.6764666362544227e-16
0.01131206750869751
7.66172621882945e-13
5.266216547467035e-12
0.3159884512424469
1.9701712337917276e-09
7.65295365822239e-07
1.8977323528838993e-12
0.0005186788945544564
0.3159884512424469
3.4895799271947625e-10
0.5438850522041321
8.215251940684458e-15
0.5438850522041321
0.3159884512424469
2.4863798873841557e-07
0.019478069618344307
0.004062431450395643
5.904687222179489e-05
0.5438850522041321
1.7767922905190486e-13
0.003884093638345243
0.3159884512424469
1.684086797313658e-10
1.1586466438291308e-12
6.381868103593341e-09
1.5486134222769743e-09
0.034952305257320404
1.7123760595637485e-12
8.550809249611925e-06
1.966174113223446e-12
2.868151837637374e-14
1.4423987521883132e-14
0.3159884512424469
0.019478069618344307
6.10799216753858e-12
8.80002141044945e-09
9.685695052742413e-07
8.484069761846502e-10
1.2990134930608725e-12
1.0121280921569319e-08
2.9276668470351705e-10
1.6497040242139488e-12
0.5438850522041321
1.5344419818378455e-09
2.1448243858297283e-12
1.0540304494301856e-11
5.3144742212319583e-14
4.575913098049515e-11
6.699548276145579e-12
2.5982707155370732e-05
8.027797651621703e-12
0.5438850522041321
0.01131206750869751
0.5438850522041321
0.019478069618344307
0.3159884512424469
6.497188606067043e-15
8.826184477194863e-14
1.6497040242139488e-12
5.377048977672564e-08
0.01131206750869751
0.3159884512424469
0.16310131549835205
0.01131206750869751
0.01131206750869751
7.047981337980928e-07
3.855678045093911e-07
6.7967167689353805e-09
6.717928453052062e-12
0.00021445298512032593
0.01131206750869751
0.5438850522041321
0.3159884512424469
2.0139337503036303e-14
1.0886818917108419e-10
7.23637812037596e-13
0.3159884512424469
0.3159884512424469
0.3159884512424469
9.07695475849099e-16
1.481791850814609e-08
1.7104696781264375e-14
1.0810756935119187e-19
1.6497040242139488e-12
6.040348014946595e-17
1.790439630729243e-08
0.0001124375511702525
0.17256729304790497
3.761320384038302e-05
3.222999911585374e-11
1.141770559532607e-13
2.290448093927268e-14
8.862170555094657e-17
0.5438850522041321
1.6077853661056222e-14
1.5411022028771062e-13
2.0646667104418545e-19
0.5438850522041321
4.2714389554924175e-12
0.01131206750869751
0.01131206750869751
3.026435122476859e-07
4.623589884673784e-09
0.5438850522041321
0.3159884512424469
0.01131206750869751
3.194369754733865e-12
1.6113165142906803e-09
6.198297444497853e-06
6.106278463528636e-06
0.021095944577099873
0.5438850522041321
0.3159884512424469
1.0727754829900449e-16
0.3159884512424469
3.0786060546218887e-12
0.3159884512424469
4.79263088918728e-15
1.2479475584100942e-10
0.3159884512424469
1.1670910923323575e-11
9.494169901516514e-10
1.838092827458513e-10
3.194896616629707e-12
5.690431958077422e-10
1.5774334236191129e-10
3.1384308983627374e-12
0.001499329868707253
1.6089795537085338e-13
0.3159884512424469
0.5438850522041321
7.933082695985591e-05
0.5438850522041321
2.651366354302173e-18
5.712853735521255e-10
2.591536358939731e-10
0.17256729304790497
1.533631313333264e-17
0.002550387494533471
0.3159884512424469
0.5438850522041321
1.2407503535546356e-13
4.3986921634727585e-09
2.59482314370559e-08
0.003641378313222088
0.019478069618344307
0.5438850522041321
1.684086797313658e-10
0.01131206750869751
8.240605473336703e-11
1.6497040242139488e-12
0.5438850522041321
0.034952305257320404
1.6310991554714225e-15
5.784824878568793e-14
1.2005824830904103e-08
9.40849038702461e-13
0.01131206750869751
2.4054330380630363e-11
2.606205934390854e-14
0.019478069618344307
1.1195040318427568e-16
0.3159884512424469
1.6497040242139488e-12
0.003636786306921047
2.0374018108593852e-08
0.3159884512424469
1.7670882194644396e-14
0.3159884512424469
0.3159884512424469
0.5804082155227661
8.665195489127264e-17
6.904134630318515e-06
0.5438850522041321
1.734909831319184e-07
4.1330044290761935e-11
1.337701192375734e-12
9.889522226060596e-17
0.3159884512424469
1.613676327339658e-13
9.842332481052725e-13
3.1092995336953383e-16
0.27040889859199524
5.025770275337692e-13
0.004062431450395643
3.5694430128488777e-16
2.505942809885276e-07
0.01131206750869751
0.3159884512424469
1.0373507191771156e-14
0.5438850522041321
2.7728412614760008e-14
2.6571872341523123e-11
4.762724350810892e-07
0.3159884512424469
0.0035012644055348874
1.0375920794029599e-16
5.212917918715427e-10
0.3159884512424469
1.39851088753604e-12
0.01131206750869751
4.906311890952656e-11
3.6075840566452924e-20
0.17062483727931976
0.01131206750869751
1.737014458928956e-08
3.223841192811214e-11
4.68228204813522e-15
1.215063212851786e-12
1.4909965221056647e-09
1.8503788429658508e-08
0.5438850522041321
0.01131206750869751
1.3442202106983545e-13
0.2708544433116913
4.542188986856771e-09
0.0020030517800945224
1.7608452089436563e-12
0.3159884512424469
5.768347500979631e-06
2.939183591987412e-08
0.5438850522041321
0.5438850522041321
3.7167585262313864e-17
2.405192942696011e-12
7.104354535179885e-09
0.3159884512424469
3.0584747261557766e-08
5.224069628496407e-09
9.038705368850681e-13
2.665615906381035e-08
0.00012913503828055007
1.922848785759022e-12
0.034952305257320404
4.108286539937396e-06
0.3159884512424469
0.01131206750869751
2.6903715139212236e-08
0.5438850522041321
3.358147566773764e-10
2.3064591415873677e-11
0.5438850522041321
1.0656018704443886e-08
1.3374643287606401e-11
0.0035704903476785023
0.0004466733925174862
6.003724701278086e-15
0.5438850522041321
2.1841630502111983e-05
0.0005186788945544564
0.01131206750869751
1.550815543636186e-18
0.3159884512424469
2.1994451971080288e-15
0.01131206750869751
0.00029014848969493044
3.507123336576925e-05
0.5438850522041321
3.707847418386378e-12
8.4879519664998e-18
0.3159884512424469
9.553779910736905e-07
0.5438850522041321
0.019478069618344307
0.2575240433216095
0.3159884512424469
0.3159884512424469
0.3159884512424469
0.002519489712375789
6.467444247726639e-07
2.988808976042405e-13
0.5438850522041321
0.3159884512424469
9.877428988624425e-13
2.583023863183495e-08
0.3159884512424469
4.632947600204249e-10
1.3495874364254212e-06
6.355209849421603e-18
2.1667218240810246e-11
0.17256729304790497
1.3816525172704118e-08
3.528241059769644e-15
2.3568685235359686e-13
0.034952305257320404
4.1580489075942477e-10
2.5380430137697257e-08
4.33290425977616e-08
1.9614590791842702e-18
8.011730533747151e-10
5.334914277727243e-10
0.3159884512424469
1.1368303408664999e-08
0.3159884512424469
0.5438850522041321
0.6011995077133179
1.1642576034285976e-10
9.478965030652736e-06
7.505384610343425e-12
1.9367541830537637e-05
1.3869907301284815e-09
2.940303713182956e-05
1.6335343298752326e-11
5.630652957456149e-11
2.819786106176934e-14
4.0145375063984406e-16
5.635117330607496e-12
0.05041760578751564
0.01131206750869751
1.3134462351798557e-09
3.994263326663016e-09
4.8229005368247474e-14
2.334945559669236e-14
0.3159884512424469
0.5438850522041321
2.320292775608429e-11
8.078589669536594e-14
0.034952305257320404
8.418295530413116e-09
9.198838459224655e-07
4.192252965874756e-16
9.478965030652736e-06
1.2005824830904103e-08
6.552228713585332e-10
1.2590988819151822e-05
0.5438850522041321
1.0004740522452335e-07
2.1249996674719347e-10
1.0656018704443886e-08
1.009449583074454e-12
0.0003768562861598161
1.1176547202598713e-12
2.9872195403776985e-09
0.5438850522041321
0.0001124375511702525
0.5438850522041321
0.019478069618344307
1.1861136014752349e-06
0.5438850522041321
0.034952305257320404
0.3159884512424469
4.753252905989389e-08
1.327232503847135e-11
3.861885850944263e-06
5.79997675166326e-11
5.87150289894833e-18
4.0304621087811447e-07
0.019478069618344307
0.5438850522041321
0.0005236155563346127
9.32897407443764e-09
0.24749049544334412
3.786033858532314e-13
2.934061850602964e-11
0.019478069618344307
0.3159884512424469
0.01131206750869751
1.2003770350406213e-14
1.0985493883806685e-08
0.3159884512424469
1.3232421682262991e-14
0.3159884512424469
1.1570908463176342e-12
3.997543932701024e-14
3.9718780344730755e-13
3.947795616533684e-18
1.7307482235285506e-12
2.1414124139278707e-16
9.722926985738487e-09
1.0068094625695012e-07
0.019478069618344307
0.01131206750869751
1.3374643287606401e-11
2.874613795045413e-07
1.0461284433823467e-13
5.630955503330427e-17
2.299037593102587e-05
0.5438850522041321
0.3159884512424469
0.5438850522041321
0.5438850522041321
7.414309978736028e-14
6.486880223382865e-11
0.2575240433216095
9.243263113936854e-15
1.7938026898760564e-17
6.513966352028494e-30
0.0020030517800945224
7.526438569864186e-10
1.7599500470520625e-14
5.2219082484629324e-08
1.9427670822655787e-14
3.7885886348842415e-13
0.5438850522041321
1.6497040242139488e-12
2.4846927159904674e-19
6.649478469271479e-09
1.551533460280128e-13
2.543444865462785e-13
1.0899566451618536e-08
6.054093339573514e-13
0.00023039681345236507
9.160030614762945e-15
0.01131206750869751
0.5438850522041321
1.6497040242139488e-12
0.3159884512424469
1.0643462687982906e-15
9.478965030652736e-06
9.350611110679762e-20
0.3159884512424469
6.541501896418615e-16
1.1578492602396893e-10
1.0346822362346298e-09
6.6213786129093476e-18
8.912399117365701e-26
0.034952305257320404
0.3159884512424469
6.658996672975528e-05
6.658996672975528e-05
5.399466990688955e-06
0.5438850522041321
9.932726603739043e-16
6.0861568929523396e-18
0.01131206750869751
1.0501753186872344e-10
0.5438850522041321
5.918814419419823e-10
3.738435281980732e-17
2.304005944748382e-09
0.3159884512424469
7.641346907845937e-10
0.1409122496843338
1.831778383019344e-13
0.01131206750869751
6.789320684844676e-10
0.5438850522041321
6.148377536110645e-08
0.5438850522041321
0.5438850522041321
7.378693252554175e-14
0.3159884512424469
2.1121280705612004e-09
0.3159884512424469
6.416280550582e-09
2.931069395567316e-20
1.0089336931089212e-13
0.3159884512424469
0.5438850522041321
9.549622736523428e-16
3.4534759496640355e-12
0.01131206750869751
0.01131206750869751
0.5438850522041321
0.5438850522041321
2.797480748232193e-05
0.5438850522041321
3.484547170473153e-14
3.707399036156899e-18
0.5438850522041321
1.1647655446080478e-12
0.5438850522041321
0.5438850522041321
0.0035012644055348874
5.131534858908146e-06
3.016656080833878e-10
8.182910018180962e-17
1.583600077553576e-06
9.352189541200324e-15
0.034952305257320404
0.01131206750869751
6.001865470757962e-22
1.366994406360327e-05
1.8879730208827817e-17
0.3159884512424469
5.561499738974394e-10
0.002519489712375789
3.6961455442799425e-07
0.01131206750869751
3.247706679816373e-13
7.176223761704947e-17
2.044628704246152e-17
0.0027567620952520014
9.360771597403154e-15
8.27906108977392e-09
1.6652190214210721e-12
0.034952305257320404
1.9940036698391085e-14
1.2792267708760588e-14
0.01131206750869751
0.05041760578751564
0.3159884512424469
0.3159884512424469
9.506062913156385e-12
2.1223372168198097e-07
7.50353252778901e-23
1.8606241492985886e-08
9.348094312240795e-17
2.6937819432985565e-09
0.002519489712375789
7.893579087471598e-12
2.058054644172738e-09
4.1813992960549865e-09
2.2298900944931423e-16
4.829560349141656e-13
0.3159884512424469
6.0253279131915655e-12
2.6849514964843274e-14
0.01131206750869751
0.3159884512424469
0.01131206750869751
7.981998862320566e-11
0.0004466733925174862
0.019478069618344307
1.477472529028889e-10
4.6961156023194715e-06
0.3159884512424469
0.3159884512424469
0.01131206750869751
0.3159884512424469
1.1261422824523502e-07
2.5794836229526266e-11
5.757077335571789e-15
0.5438850522041321
2.314609039070386e-16
2.1186379867670043e-09
7.481152725893643e-17
0.5438850522041321
1.2856731158333665e-13
0.3159884512424469
0.3159884512424469
4.965287374583354e-17
8.389459940811511e-15
0.01131206750869751
5.482397686823481e-13
1.7116635789872582e-16
0.3159884512424469
0.17256729304790497
0.3159884512424469
1.2803809354024118e-08
5.7285505400303006e-05
0.3159884512424469
0.3159884512424469
2.868850923884171e-16
1.2066164354801526e-09
0.3159884512424469
0.01131206750869751
0.5438850522041321
1.984915368662177e-08
1.6150350565607298e-09
4.252642526636754e-12
4.533169845041341e-16
3.0431803957591664e-11
1.868027501476584e-13
7.475404762013684e-10
1.3880269034012647e-06
0.3159884512424469
0.019478069618344307
3.761320384038302e-05
0.5438850522041321
2.4685527908831025e-10
0.01131206750869751
4.3981566115730387e-08
1.697637592057716e-14
0.3159884512424469
0.05041760578751564
2.5982707155370732e-05
4.530084077247642e-13
7.7883570664981e-19
1.1709574836560933e-18
6.088561321802763e-12
1.862872803290926e-09
1.395136399282477e-12
1.287950478928262e-13
0.0005671144573626123
0.5438850522041321
0.01131206750869751
9.67961272942226e-12
3.448285298098502e-07
0.0004447005141766762
0.3159884512424469
3.2052243115988925e-19
1.1776926266755992e-14
8.053225020699974e-13
3.2648706412332216e-06
1.0964841511891593e-12
8.997306261265717e-09
0.3159884512424469
7.51271018969958e-06
1.9106910914214342e-21
0.0018282796108805655
1.0633565904196285e-20
3.0274849968730607e-09
4.379851846677226e-08
5.8113243825248855e-12
0.3159884512424469
0.3159884512424469
6.626903011836362e-14
0.3159884512424469
3.109819453122646e-10
0.5438850522041321
5.783565592164077e-16
0.3159884512424469
5.005319560579446e-09
1.7282897460855e-12
8.076196568740373e-14
4.220072297824423e-15
0.5438850522041321
1.7116635789872582e-16
0.3159884512424469
0.17256729304790497
0.034952305257320404
0.01131206750869751
0.01131206750869751
0.3159884512424469
0.3159884512424469
2.4132101381268596e-13
0.019478069618344307
0.5438850522041321
1.9453667666059594e-09
2.2547204893371082e-07
0.3159884512424469
0.3159884512424469
1.6497040242139488e-12
0.0010926800198201997
0.5438850522041321
1.0068234688468395e-13
2.651048845413143e-13
2.965882802071427e-18
1.1781487211859218e-13
4.445867899053473e-14
0.5438850522041321
2.2393230448876868e-10
9.169099143929324e-18
0.01131206750869751
0.5438850522041321
6.716871502569653e-07
1.1368303408664999e-08
1.287950478928262e-13
6.798481794884938e-05
4.418590838413604e-05
5.218939204617508e-15
0.3159884512424469
1.348656387178496e-12
0.5438850522041321
0.3159884512424469
7.573781112749707e-17
0.5438850522041321
0.01131206750869751
0.3159884512424469
0.034952305257320404
4.861294588285665e-15
0.3159884512424469
0.3159884512424469
0.3159884512424469
2.712434857609081e-10
8.553511692273397e-11
5.408447317127419e-12
0.05041760578751564
0.3159884512424469
2.537690348710804e-12
0.5438850522041321
2.0356843071334665e-09
5.162090631382131e-08
0.0010926800198201997
1.5069887388992106e-14
0.5438850522041321
1.8067877909777933e-10
4.558746138976769e-11
0.5438850522041321
0.034952305257320404
1.6497040242139488e-12
3.0771508916898534e-11
2.543208062902599e-10
3.755821055941943e-07
1.4731604451734882e-18
5.135172495843531e-08
6.897233734017177e-11
2.7518541015160867e-07
0.019478069618344307
0.05041760578751564
8.816941248526382e-16
4.854262512641581e-17
0.5438850522041321
0.019478069618344307
0.17256729304790497
1.4545711612655231e-09
0.01131206750869751
1.6497040242139488e-12
0.5438850522041321
3.581657646338357e-13
0.5438850522041321
0.5438850522041321
1.4883337530826177e-16
0.3159884512424469
5.3890270996047646e-15
3.801960788731267e-12
0.05041760578751564
1.7894791205723678e-12
0.01131206750869751
0.5438850522041321
7.381445476756852e-19
7.224728149978168e-09
2.811639712281866e-09
0.01131206750869751
0.0008563700077665326
1.6497040242139488e-12
1.3870057867305715e-11
8.090522152987916e-10
2.3085513086860532e-11
1.282820478759747e-13
3.527678751855583e-13
1.7039087235971598e-09
0.0015534102114406895
8.605815163916581e-21
0.01131206750869751
1.5149497204631862e-09
2.355763875590746e-18
4.143716065044275e-06
3.964214419981249e-17
9.24019344886741e-15
6.5261607066889824e-12
2.6446050473565134e-10
1.154919045283844e-18
8.066214082512221e-16
0.5438850522041321
0.05041760578751564
0.5438850522041321
8.283696574865077e-11
0.5438850522041321
9.233842211583092e-10
9.552966547167677e-08
2.449765646846275e-14
4.7574608464278215e-08
8.126934879731834e-06
3.056795933883282e-15
2.7977806985906034e-10
0.3159884512424469
0.5438850522041321
0.01131206750869751
0.3159884512424469
0.002519489712375789
6.0294481610521185e-15
0.01131206750869751
0.00023633863785803245
0.5438850522041321
0.5438850522041321
3.25170559172604e-14
1.15234392431487e-07
1.3589681838759274e-17
0.3159884512424469
0.3159884512424469
1.037936134608887e-25
5.781126585525845e-13
2.9699792716502056e-13
1.2436963556656863e-12
1.1984207330463633e-09
0.5438850522041321
1.0801343730391464e-07
3.026435122476859e-07
0.5438850522041321
0.5438850522041321
0.01131206750869751
0.0003768562861598161
0.5438850522041321
0.3159884512424469
0.3159884512424469
2.2074342240352396e-09
0.004349989599342158
2.706161586586049e-06
7.350320810391022e-15
0.3159884512424469
4.789012329231903e-12
1.220870265340072e-12
2.7135674206396282e-15
0.004062431450395643
1.644726674759711e-17
2.1327962269839246e-12
1.2711021454407369e-08
0.5438850522041321
0.5438850522041321
0.034952305257320404
0.0005671144573626123
1.9652395147061553e-15
0.5438850522041321
0.3159884512424469
0.5438850522041321
0.3159884512424469
6.447343141989619e-17
9.640225830913845e-09
5.138221865590696e-13
0.5438850522041321
0.01131206750869751
0.3159884512424469
2.962640322083473e-06
0.3159884512424469
2.322486935091043e-10
0.3159884512424469
4.778606247975845e-10
1.455163359713466e-12
4.0516022495741037e-07
0.6775130033493042
0.3159884512424469
0.01131206750869751
0.5438850522041321
2.326653430978543e-16
4.822391393821254e-07
1.7015649549977228e-07
0.034952305257320404
4.0316684813139154e-10
1.01051970113487e-06
0.01131206750869751
0.5438850522041321
2.5303697481573903e-07
0.5438850522041321
0.01131206750869751
1.504640245401433e-08
4.714244664530387e-12
6.6635714103440556e-12
3.0049209835632912e-05
9.293494708926229e-15
3.2648706412332216e-06
0.5438850522041321
2.5922182769835644e-15
7.536923709257316e-17
8.085737555886663e-08
1.6497040242139488e-12
0.019478069618344307
3.118991333160534e-08
0.17256729304790497
3.942487346809893e-12
2.584621381865471e-10
0.004749953120314621
6.862575413272523e-11
1.580410830442627e-08
0.01131206750869751
0.034952305257320404
0.5438850522041321
0.3159884512424469
1.6497040242139488e-12
3.1473683283727366e-11
0.01131206750869751
0.3159884512424469
5.096592966365141e-16
8.423221188255101e-10
1.4437115741967042e-12
2.8465139736970038e-05
0.5438850522041321
0.16310131549835205
7.307687313498593e-05
0.01131206750869751
1.5086890028053677e-13
1.6675158892716633e-09
1.4516682535551873e-16
4.84557014622239e-18
0.5438850522041321
9.792558096606013e-12
3.5609445035089577e-12
1.6497040242139488e-12
3.5689867769494566e-12
3.703190832434747e-10
1.5199106599377582e-09
2.9214183385360125e-06
0.3159884512424469
0.5438850522041321
1.5524874186901574e-16
0.5438850522041321
0.00016186798692841153
1.8335929699519334e-12
9.029384677294691e-10
1.7983609479471103e-15
1.4783760023328352e-15
0.5438850522041321
0.5438850522041321
0.5438850522041321
4.895726905571978e-09
0.019478069618344307
0.27040889859199524
4.914164744208787e-16
1.2440696189681949e-12
0.05041760578751564
0.034952305257320404
0.5438850522041321
0.3159884512424469
4.233145382493921e-12
0.0015447525340488988
0.3159884512424469
5.422857011348775e-10
2.277744153384159e-06
6.349227610928068e-10
0.3159884512424469
2.643968175760294e-19
5.84310102083122e-10
0.3159884512424469
5.016870710183631e-12
1.4565964119380954e-09
3.5890571846207625e-10
0.17256729304790497
1.9653030068197506e-10
8.507618481681993e-09
0.3159884512424469
0.00036860553811274836
6.323505178273296e-09
0.5438850522041321
0.034952305257320404
0.3159884512424469
9.758328961255564e-15
2.9094049186822597e-15
4.762217343302768e-07
9.333206841824384e-16
0.00024355611229779327
0.3159884512424469
1.3844823005628581e-05
8.06365601139017e-12
1.4157733282529077e-13
0.3159884512424469
0.3159884512424469
0.3159884512424469
0.5438850522041321
0.3159884512424469
1.2473813491565623e-10
1.2112652354327344e-11
1.0940597144563545e-17
0.3159884512424469
1.6442820734945227e-11
0.01131206750869751
0.006924992366457938
0.3159884512424469
1.6497040242139488e-12
0.01131206750869751
0.5438850522041321
9.799892140442026e-16
1.478283714562344e-09
0.3159884512424469
3.148443371174751e-14
0.00016186798692841153
1.7522035105121982e-13
4.459118256191846e-10
2.1897807649624292e-08
0.5438850522041321
3.5213327842904645e-14
0.3159884512424469
1.6142389701927643e-10
0.3159884512424469
5.135172495843531e-08
9.977409640731828e-11
3.761320384038302e-05
7.668481197980609e-16
1.3133108381517827e-05
4.254251773538436e-06
1.5807415974013923e-11
1.6381590756186952e-14
5.282788205993368e-08
9.96969993389376e-17
1.2782142069771686e-09
1.7673909274350577e-13
1.5295143427443876e-08
0.5438850522041321
1.6087951902305603e-13
0.034952305257320404
1.2194699461188736e-22
4.391037664424525e-13
0.5438850522041321
4.204785874856271e-16
1.2476889348808327e-16
0.3159884512424469
4.5419758278160156e-17
0.5438850522041321
1.1740447683543577e-11
0.01131206750869751
0.019478069618344307
2.755423622105857e-08
1.3596251242887567e-06
2.7925357820455637e-10
1.3183218071016187e-17
3.066515239131379e-21
8.917125067723154e-13
1.312397140415439e-10
1.566659167598278e-05
0.5438850522041321
1.1596722816670522e-15
4.900678201852948e-11
0.3159884512424469
0.00026105967468102183
3.0894872091137323e-06
0.5438850522041321
2.543208062902599e-10
0.0010939546358267945
0.00012619856593103825
0.3159884512424469
4.242925722409501e-07
0.5438850522041321
0.034952305257320404
0.3159884512424469
0.01131206750869751
9.233842211583092e-10
2.3818582192836746e-12
9.458307405036772e-18
1.3147552348325234e-21
0.5438850522041321
1.853645983989692e-09
1.942290387275707e-12
0.3159884512424469
0.019478069618344307
0.5438850522041321
4.7265878519766764e-12
0.01131206750869751
3.2173239951252195e-15
2.975427499838719e-22
7.19735087067991e-16
6.40568703115557e-14
0.00016186798692841153
0.17256729304790497
5.3312656341650506e-14
0.5438850522041321
9.514300399776654e-12
0.006924992366457938
1.3364119357904385e-11
0.5438850522041321
0.3159884512424469
8.141645515579857e-14
8.507211048248441e-12
6.819295938729279e-14
2.0344815165833384e-11
0.3159884512424469
0.5438850522041321
1.645829260673148e-12
0.3159884512424469
0.3159884512424469
4.378369431542091e-12
0.3159884512424469
0.00010309660295509027
3.021514713843761e-11
0.01131206750869751
6.781549997052987e-14
1.9213668153056273e-15
0.3159884512424469
2.3031994463492378e-12
8.161598520392022e-18
2.2878837771539443e-11
4.381130966760162e-15
1.3607017062985436e-05
6.282982436116428e-12
0.034952305257320404
0.5438850522041321
0.5438850522041321
3.3853461647160168e-15
0.00034669097876340987
1.5434905726012294e-13
1.1570908463176342e-12
0.0027567620952520014
0.5438850522041321
1.3861447402181987e-18
0.5438850522041321
0.01131206750869751
0.01131206750869751
5.592017371715225e-10
0.019478069618344307
2.091110885365542e-06
0.0020030517800945224
9.320637061530144e-13
0.034952305257320404
3.883829130303601e-07
0.3159884512424469
1.4187627372793835e-09
0.5438850522041321
4.224166111385548e-14
0.24749049544334412
0.019478069618344307
0.0005563536063420194
1.2239590331148694e-08
0.01131206750869751
2.1560804146056064e-06
6.748016504965888e-15
2.147046791682325e-18
0.3159884512424469
5.567587701883174e-12
0.3159884512424469
0.3159884512424469
0.3159884512424469
0.5438850522041321
0.5438850522041321
0.3159884512424469
1.0797576929677086e-12
1.002172973607546e-05
0.5438850522041321
0.5438850522041321
3.359656632822263e-15
2.6986377126003296e-09
7.15322015730508e-10
1.1208419488321252e-10
5.687567064991397e-13
4.979677664747331e-12
0.5438850522041321
0.5438850522041321
4.203494633240202e-07
0.3159884512424469
0.3159884512424469
1.5024188126804715e-18
0.0002240032439769987
0.01131206750869751
0.3159884512424469
0.5438850522041321
4.577050489766285e-17
0.00016186798692841153
8.268501548311205e-08
0.5438850522041321
0.5438850522041321
4.0310594862454724e-05
0.3159884512424469
0.0020030517800945224
2.6706812402762573e-13
8.535939986442805e-14
1.2940664558602826e-12
1.2380756522575259e-05
8.586133743701377e-09
9.661592289844493e-08
1.941584044088656e-15
0.5438850522041321
0.1494135856628418
1.4948702904676574e-11
0.3159884512424469
3.7490343820767827e-06
0.5438850522041321
0.3159884512424469
2.7015716493090616e-06
4.304853453475413e-11
3.0897995014299494e-12
5.3970992169344085e-05
0.004062431450395643
0.3159884512424469
0.05041760578751564
3.634474821675998e-09
0.5438850522041321
1.2181010639966473e-13
1.0144486384352353e-09
0.3159884512424469
2.349137382711762e-08
8.240605473336703e-11
1.1240898486380908e-16
1.6497040242139488e-12
0.01131206750869751
3.3865073761662236e-08
3.365615155455057e-11
1.0112757611794427e-13
0.5438850522041321
4.5012399053522684e-10
2.784712821052658e-08
0.01131206750869751
0.5438850522041321
0.01131206750869751
8.303224394759401e-09
0.3159884512424469
1.5513881284994654e-24
1.2724699555417644e-14
8.818237168998263e-10
3.161305761277625e-12
0.019478069618344307
0.3159884512424469
2.7793838720088285e-12
1.6878380945061082e-17
0.01131206750869751
0.034952305257320404
5.17691349433864e-15
0.5438850522041321
0.5438850522041321
2.2285306086855552e-15
0.019478069618344307
3.3871544784744615e-06
9.893603472178992e-15
3.005309105052629e-19
0.01131206750869751
0.3159884512424469
1.7116635789872582e-16
0.5438850522041321
1.1977881352743047e-15
8.286267539914862e-08
3.507123336576925e-05
0.01131206750869751
0.5438850522041321
1.1548635606008517e-12
1.683204345640311e-12
0.3159884512424469
0.019478069618344307
0.3159884512424469
9.063273061181786e-09
2.2217860112889412e-14
0.3159884512424469
2.817151836194207e-10
3.2571590112594916e-09
0.5438850522041321
0.3159884512424469
0.004174363289103367
5.499526642415581e-16
7.146932262247715e-12
1.954556539567316e-15
6.217853619093048e-11
1.690908399711153e-05
1.472287334507722e-11
0.3159884512424469
0.0035704903476785023
0.5438850522041321
8.775832003352573e-19
0.01131206750869751
2.45199212550609e-18
3.507123336576925e-05
0.3159884512424469
1.5156445926087263e-06
5.830792955083755e-11
0.3159884512424469
3.819726838233024e-08
4.7340378787765146e-17
6.0397645916477255e-12
6.798208353990211e-10
1.79062631237852e-10
0.3159884512424469
1.2093478117311829e-15
0.034952305257320404
4.143716065044275e-06
4.332128805756286e-05
2.1120568925337546e-13
2.2076955711458283e-05
0.0005671144573626123
1.6497040242139488e-12
0.4667019844055176
0.5438850522041321
3.1136656550858205e-11
4.013225188439331e-15
5.133822287897903e-09
1.0010419486548716e-13
0.5438850522041321
2.0300943362682605e-11
1.4180044134589688e-11
0.3159884512424469
1.692671615638383e-07
0.5540834665298462
0.0004526071798490745
5.7613229085397136e-11
0.01131206750869751
5.208704659753569e-12
2.869601746254143e-12
7.616655081743793e-17
4.744729150717493e-07
6.583716847762404e-10
3.516010413283374e-13
7.115338896624013e-22
1.0835133488783646e-05
0.0001124375511702525
5.476073068378457e-12
0.002519489712375789
0.27040889859199524
2.4869839274049304e-16
1.4409369011599604e-12
7.815893595516591e-10
0.05041760578751564
0.5438850522041321
1.262982492882178e-10
0.01131206750869751
8.315833626497629e-16
3.662885899106363e-16
4.6468479624909694e-20
1.527922859418937e-12
1.9304622065566943e-08
0.3159884512424469
1.779546334932836e-11
1.8609624978707778e-16
2.543208062902599e-10
2.5536138970837703e-10
3.276180793989962e-14
3.6961455442799425e-07
2.2804098052807867e-15
1.7093381824293426e-05
1.0126043182324687e-17
2.141083104206525e-16
1.1368303408664999e-08
1.5425237201691384e-14
4.782515348989426e-14
2.9849365168804244e-14
0.5438850522041321
3.902747321786256e-13
2.6939567051005512e-11
7.113643102320802e-13
2.231332693031478e-24
0.3159884512424469
1.6374082925819637e-18
1.5105887443268998e-11
3.892499324300412e-08
0.01131206750869751
9.276764442969291e-10
0.3159884512424469
9.496573416179995e-06
0.5438850522041321
7.585933889525272e-14
0.3159884512424469
1.0447873948925793e-12
0.0005671144573626123
2.149577954705423e-06
3.507123336576925e-05
0.5438850522041321
0.012394359335303307
0.3159884512424469
7.519059141534728e-10
0.00029957353166713363
1.0399745427317007e-16
0.01131206750869751
0.3159884512424469
3.6961455442799425e-07
8.343228099875166e-14
0.5438850522041321
7.773645364530994e-15
4.6862364246613547e-08
1.5930503871911558e-13
0.3159884512424469
4.9051391370267035e-11
0.034952305257320404
1.241259465108651e-09
0.5438850522041321
0.3159884512424469
0.3159884512424469
2.8069512383213777e-13
1.556237855916877e-16
2.5619298629206086e-16
2.2945003551960755e-16
0.019478069618344307
1.7532875556487636e-16
1.8199776632366027e-12
3.3670199228905985e-13
1.8622393183563715e-20
3.140822478144012e-05
1.6497040242139488e-12
4.2524543789242816e-13
1.3495874364254212e-06
4.164304401515147e-14
3.309739245273196e-08
1.884285080878578e-08
1.6497040242139488e-12
0.3159884512424469
2.8989484098699553e-13
1.0537421182305312e-08
4.636604412330455e-17
0.3159884512424469
8.013945844811433e-13
2.4914809548635426e-13
0.3159884512424469
0.3159884512424469
1.716306854314752e-08
0.17256729304790497
0.00011555534283963337
0.3159884512424469
1.1758259116523532e-16
2.851781020133248e-14
2.717499293886386e-17
1.9274527989761237e-13
3.769091725668629e-12
2.1867605590529895e-11
1.6432098308964865e-18
0.3159884512424469
0.3159884512424469
1.387730805589105e-06
1.2052777605995711e-12
0.01131206750869751
3.981475482969145e-11
1.919213312806164e-07
0.5438850522041321
1.0705065308174674e-11
0.3159884512424469
1.5472729752812765e-13
2.927502673436676e-16
0.5438850522041321
3.6323787055819615e-06
0.5438850522041321
1.22142596352473e-06
1.9265520859684248e-13
0.3159884512424469
8.639862571957067e-10
0.3159884512424469
3.7831050857891754e-13
0.01131206750869751
3.4127492889799595e-06
4.8839116512309197e-20
8.814597252614568e-21
4.57381368525188e-13
1.9864594208684707e-16
0.034952305257320404
4.336140202028495e-12
0.3159884512424469
0.5438850522041321
2.997460335084059e-08
0.5438850522041321
2.061332952786424e-07
1.3165126669648465e-16
9.692001973740045e-18
0.5438850522041321
8.526536429952449e-13
0.3159884512424469
0.01131206750869751
0.5438850522041321
4.941261558057817e-11
0.003977858905789139
3.678450326265025e-16
9.447573214356007e-16
1.1612060063937776e-11
5.576991260636166e-13
2.6267212530911003e-13
2.5992545173924914e-17
0.3159884512424469
6.698848600410927e-25
1.3495874364254212e-06
0.3159884512424469
0.034952305257320404
1.0526261024434544e-09
0.3159884512424469
1.1444452246758277e-13
2.8303796998949464e-10
0.0005186788945544564
1.4540511164285623e-10
8.16037306969742e-15
0.3159884512424469
0.039028726267448244
0.3159884512424469
8.550809249611925e-06
8.514870436932172e-15
5.1633633411935605e-05
2.6756451227162992e-11
0.01131206750869751
2.604494733426788e-06
1.1433008190635813e-19
2.0786087509871143e-10
0.034952305257320404
0.5438850522041321
0.5438850522041321
0.3159884512424469
0.3159884512424469
0.0004526071798490745
0.3159884512424469
9.755429663255334e-07
2.8160968749521288e-14
1.743077750906616e-14
0.27040889859199524
0.5438850522041321
5.144632181127698e-12
0.3159884512424469
0.00029957353166713363
3.770476869522181e-08
0.01131206750869751
0.0004466733925174862
8.06490642192226e-12
0.3159884512424469
0.05041760578751564
3.769423036281107e-14
2.0768246367226433e-05
0.3159884512424469
2.0080907095328083e-19
2.576809636397525e-16
4.1805128659298375e-05
1.7330496827265746e-07
0.5438850522041321
1.1662605059487863e-12
3.357483204510645e-10
1.3173856183666331e-11
0.3159884512424469
1.415388189578935e-05
2.0990314612422483e-10
3.312066228079634e-12
1.3843833019805229e-15
2.4159215394737955e-05
4.217394450107732e-14
2.5140664328981003e-14
0.3159884512424469
0.3159884512424469
2.8561910034248573e-06
3.179539196091731e-09
0.2575240433216095
1.8381991355853107e-14
0.3159884512424469
5.377048977672564e-08
1.3791468737473087e-06
0.3159884512424469
0.3159884512424469
3.696941351048811e-13
0.5438849329948425
3.8142843281571307e-10
5.941172600616044e-14
5.824758372182963e-06
0.5438849329948425
1.3280942374027777e-12
5.725594731221394e-12
5.733591846448741e-10
0.019478069618344307
4.235529847309405e-15
6.9120972326391185e-15
7.783800025053026e-15
2.5925433844176474e-15
2.5062385664621862e-06
2.9798762604530828e-15
1.8035458202470218e-13
1.40013216255325e-13
0.01131206750869751
0.01131206750869751
1.2449789880813883e-11
3.602240546731794e-11
7.037901753748701e-12
1.3440418723053567e-10
0.01131206750869751
0.5438849329948425
1.475275413962588e-12
2.2777417506017486e-06
0.3159885108470917
0.019478069618344307
