1.1385692402521658e-18
2.586030941757103e-08
1.0197268861005257e-21
2.3107348565063867e-21
1.32035210466193e-18
3.676890312992426e-18
1.2321722711510239e-10
1.1103873205116305e-11
4.197621273095879e-12
5.435623733676327e-19
1.216073234360088e-13
1.7034154809860452e-23
2.5097042499101167e-08
7.649537546232957e-13
0.36598092317581177
4.0715143453136294e-29
0.019323270480138377
2.0201991588880306e-31
8.138816545498933e-07
4.278042083808921e-16
0.007084070239216089
0.031103193759918213
0.007084070239216089
2.3957492813941455e-11
1.0110478834427773e-15
2.7655524340633503e-19
9.132892955127202e-19
1.6848408671865028e-15
1.1735083672683539e-20
1.1419569833515938e-18
3.828225537256183e-17
2.654399797312514e-16
0.17943814396858215
3.0460272520216614e-13
3.2380842299294778e-18
3.452760465140505e-20
3.5562655786490794e-05
3.298719460721912e-17
1.433507996865066e-21
1.3185700113056916e-17
0.0033971833729898315
1.6261287133795808e-14
1.8310590952545628e-19
0.013987590485911305
1.637045044422752e-16
1.0708666302082619e-23
1.0829628150061557e-14
8.02743451476157e-06
5.450534004458252e-30
4.5629585166146245e-18
0.006052775774151087
3.44482243611963e-26
1.7632769722375327e-10
2.071910959435188e-16
1.0562315123158822e-23
2.7329617508029076e-09
4.383211221408658e-06
5.1255345773197935e-22
0.0004580361497504874
1.6626345304578483e-10
1.0127584706920509e-21
6.300842847828301e-18
7.989731850407033e-14
3.461858241067718e-24
6.413466278873908e-15
2.3475621594878875e-08
1.263176046944895e-10
8.347442925397128e-22
1.1389889783263892e-19
3.671255199717223e-17
2.7329617508029076e-09
9.8574263886542e-15
3.760344031329208e-13
3.216010800145911e-16
5.983552238466254e-13
4.513486869210706e-15
1.4537469056064244e-20
1.012222290482527e-21
3.6069755921089853e-20
8.329656927306248e-12
2.864745469575111e-12
0.303544282913208
4.534776160557609e-15
6.859872313985532e-05
2.485256612260316e-16
0.0022002575323798457
3.2558230944679207e-18
2.4975103072827956e-09
3.883856538863016e-16
1.7289174416090148e-21
1.501347806508134e-14
4.0618499575224005e-13
1.0213929003340511e-15
2.297054083972348e-18
1.2554666799090049e-09
3.7013998633988906e-19
8.636067715980089e-15
3.056036230188092e-08
2.406174856005925e-19
9.617015152838326e-20
3.6050054572223605e-11
0.006712544709444046
9.991604061599566e-16
2.0410322161191477e-18
0.007813877899883415
8.505418459847432e-21
5.064365583895153e-25
7.30817939467425e-13
3.2680673407338935e-13
0.36598092317581177
4.027929083200269e-12
0.303544282913208
3.2108345112677865e-16
7.635639050702784e-05
1.107512277260671e-11
2.2830224515370622e-07
0.07449077069759369
7.075814916943818e-13
4.405984426110835e-14
3.3841891128113997e-15
0.0014432719662580418
8.02743451476157e-06
1.8845476482859717e-17
2.539880719849157e-21
0.03469588980078697
2.025463622890862e-12
2.8426374089186034e-12
1.8363311689171827e-21
2.767076657906726e-15
0.13056477904319763
0.004645695811406503
2.5021460286237853e-16
1.524712164225048e-19
6.341288769757257e-12
2.83460509690706e-24
1.501834585817651e-29
1.1592402830387658e-14
2.024403265256873e-12
1.4685562395072934e-22
1.8186955315826486e-06
4.5374857179512295e-17
3.029112090848626e-09
3.4389851770652406e-15
7.742200135704328e-12
3.4968045920806344e-19
6.615176402356424e-25
8.332891307220909e-12
1.7848644047531676e-23
5.427542311281373e-15
0.010966004990334621
1.6420293971297656e-09
2.486835290109756e-13
1.8382471862489513e-19
3.583083751711102e-18
5.051595028043471e-19
6.539594346908479e-16
7.841549658625355e-15
7.651887163259542e-21
2.7973245267197187e-11
6.077666307570034e-23
0.00033946836567694434
1.1512215797055393e-13
4.233444059998424e-31
1.0177634900106208e-15
6.299102843919678e-14
1.1672837314748877e-15
1.4893384215819573e-14
2.9648596865214104e-15
1.0430892400649975e-20
1.8358601203692706e-10
4.2125665987589465e-12
1.491526243418406e-16
3.395553203631783e-21
3.8263718765520563e-19
1.4121741901167122e-22
9.882634304049543e-05
4.33962892983762e-16
2.1521994571190124e-20
2.4747771828278534e-10
0.005557504948228598
0.014097517356276512
2.7655524340633503e-19
0.006052775774151087
4.765992864801755e-11
5.5771901733174095e-09
8.95657698843823e-25
3.212412686522304e-17
1.5546800420298854e-17
1.3742890753251695e-29
1.0489002678560312e-14
5.5163173944050684e-09
9.309195001843461e-12
1.2303343555460692e-18
2.2201455756665354e-12
2.6293627066462783e-24
2.390246913488495e-10
4.2780617096124223e-13
1.0397901550258174e-11
1.1503151353556591e-07
1.0418580895418715e-14
1.189121426807007e-22
1.9189962454565596e-22
6.971605502690271e-12
1.4506650831758936e-26
6.420902479409635e-13
4.760892316056274e-15
0.007324728967802785
9.131497892330986e-09
2.2237998073857422e-18
1.9034453610609332e-12
3.692609747158781e-18
0.005302730482071638
1.159853823419279e-08
8.773727393065828e-20
1.913833128274822e-18
4.497687177626359e-26
1.380297836466814e-22
1.5340375161146833e-10
7.416042007420713e-06
3.1648904635006335e-26
1.8093914434422872e-10
0.00535611342638731
1.9136192946644412e-13
4.047689527550059e-13
1.2861803637541874e-28
0.006856209132820368
5.69246557905268e-23
1.2923514147671648e-20
6.008350214230062e-16
0.07449077069759369
5.305858737606225e-15
1.2333257845527126e-17
3.521149438964902e-11
1.7434904141824e-05
6.430154194950943e-20
6.0295327481057155e-22
0.07449077069759369
8.049091576181513e-16
4.488147687772735e-25
0.005302730482071638
0.09545569866895676
2.2148869288465672e-17
8.011738900406183e-21
1.1578756160081302e-05
4.042661617007426e-11
3.1574094087800963e-21
2.089153137552045e-17
5.024082449239261e-22
2.4604498643447687e-12
0.015179182402789593
7.503315036100208e-13
0.00021614844341893223
2.7973245267197187e-11
3.2628366214003403e-19
1.3211805832028858e-17
3.706143646874172e-19
1.2780119355851196e-10
0.21111741662025452
2.0749863657249393e-14
0.006052775774151087
0.0022564541135783323
0.000756673940797412
0.03403160348534584
4.451894148293104e-16
5.115124311587133e-07
1.4032553879985756e-11
5.862602208985876e-13
0.006052775774151087
2.5940161328032205e-17
1.1068343545288442e-14
3.0560390269695994e-08
6.670258306533514e-20
1.863200025738835e-22
1.0743922981217775e-17
9.296832213779474e-11
5.821701885780678e-16
2.4698537041984543e-14
1.6336821855704363e-10
1.214190158612856e-13
1.3673855420253192e-11
0.303544282913208
4.807842894416667e-12
7.276178625287379e-12
0.012681737542152405
1.0077950909220105e-19
2.7329617508029076e-09
3.1822433094531234e-15
2.61093802024629e-15
7.447506526728441e-15
1.5570850384873305e-12
2.2848182198103343e-17
0.11243719607591629
2.7655524340633503e-19
5.415443428763543e-13
3.7943471204269455e-11
4.032010737507708e-18
9.511733747092044e-12
0.0005181804245592557
7.955693127666043e-08
0.00535611342638731
6.299746592996001e-17
0.0033971834241783294
1.8444105130945543e-13
1.9023202747218559e-19
3.771914055095917e-09
2.2360580917459266e-21
0.303544282913208
6.529273582520846e-19
9.87874574090321e-16
2.5823630976520717e-11
3.4533629953324156e-22
0.21111741662025452
0.05143976227356539
3.0060219645757784e-06
0.025287125259637833
1.2098510105458063e-12
4.6176198147729244e-18
0.303544282913208
7.479452807939936e-16
5.115124311587133e-07
5.718800357621158e-10
3.0235537557422994e-16
1.849031922212429e-41
0.303544282913208
1.734251742549101e-21
2.639222484578506e-14
0.0007569872288448742
3.56938847158279e-18
4.438723294662423e-29
6.534531728657781e-18
2.133863120327025e-15
8.790251831054917e-15
3.0134164013510255e-19
1.6029365650461687e-15
2.2255368393910994e-16
0.006052775774151087
4.837221980411178e-14
4.0501681458169493e-08
3.3719402076052156e-14
3.3749960236488536e-14
0.010966004990334621
2.6511899951609226e-21
1.0910293447151658e-10
1.5191932415799915e-25
1.6615646529495137e-15
5.3599256288766285e-12
2.072912831661155e-15
7.007636763826605e-15
1.3491568849397477e-11
3.389274673939193e-08
3.476697113644218e-13
1.6020206896362042e-15
3.3303104847841413e-13
2.345444673926912e-15
1.8808214649762341e-16
0.014215510338544846
9.579033706629196e-15
2.5337090467278018e-11
2.9066241299773165e-20
0.02234031818807125
3.0560390269695994e-08
5.823799032870373e-11
0.2486412078142166
1.4587910735327717e-12
0.0009268341904389299
6.737853920116737e-18
1.7444379994655757e-14
2.057581239186856e-24
0.00029634570559807644
0.303544282913208
2.1601307889183783e-16
8.78126448033132e-27
0.003809353494432899
0.303544282913208
4.6833035388115476e-17
2.215693350400316e-16
9.408510477010088e-22
4.431214454928584e-14
2.1088957503355485e-16
2.914705230737236e-18
0.20568816363811493
2.9384193028566968e-31
8.944985121223402e-20
5.4233861850512706e-14
1.2046634992442388e-19
1.9947886422774156e-09
0.07449077069759369
5.8478027962623214e-18
2.765553989019194e-19
2.384698477841712e-14
0.0003216674412536531
2.702182199380015e-13
0.36598092317581177
5.298975325139991e-26
0.303544282913208
2.9218279232763133e-15
1.9454428272850516e-12
1.5022716513239106e-18
8.138094340906259e-24
5.4625405198706316e-14
9.50539254927773e-13
1.1095494124985274e-09
7.889211976952547e-13
2.1547693080133942e-17
1.8670273083287505e-27
1.1965912564234415e-15
7.592230512324784e-16
3.4529329019509485e-16
5.3962614939428305e-15
1.5503424942966456e-20
0.015179182402789593
1.0571434271430266e-13
0.36598092317581177
1.2098505770783355e-15
2.7458606880922664e-11
1.2876545005739295e-11
1.9964559445101741e-22
1.5545467637813312e-22
7.510842434402659e-13
0.036144234240055084
9.786683682391902e-21
3.061972025418022e-27
0.303544282913208
3.1582558144638617e-20
1.4935308161290623e-20
0.21111741662025452
1.9947878806151423e-09
7.638333121316166e-06
1.3693944043818305e-18
3.1526488087813074e-08
2.820308075000241e-10
1.9172010912720594e-13
3.206083833345481e-16
1.339946050580436e-13
6.119446488440087e-14
2.1869445902439314e-24
0.10176382958889008
4.0169926225899455e-19
0.303544282913208
0.303544282913208
2.7973251794087353e-11
3.372496664367884e-22
8.933912209669505e-17
0.36598092317581177
2.6932755866785104e-17
1.216073234360088e-13
9.904058506327728e-16
4.4712254400734255e-15
9.73053595279433e-21
1.6351116850526095e-14
3.5643323717134246e-12
4.900767827898592e-13
3.194657442072032e-14
8.647425841571852e-27
1.0173322239699647e-14
1.1351122391287954e-12
1.2536959003593784e-18
0.13056476414203644
9.774419829274682e-12
1.7973228652959927e-07
2.5341510607696e-07
8.147134865332937e-13
0.07449077069759369
0.00014783236362058902
2.0801671314214382e-21
6.873619138194852e-10
1.3800154425268782e-12
0.003809353494432899
1.0071360549130222e-21
4.035613440480081e-19
1.0338131086494241e-13
0.007084069773554802
2.555538904002676e-14
3.166425088895591e-24
0.0060527753084897995
1.338318457451503e-07
6.079117106424593e-08
4.459037580514162e-25
3.0224962240119402e-18
2.1026567907749386e-19
1.1373291761127214e-17
8.61598549050075e-27
6.465017920505927e-14
6.465608384077732e-12
2.4222342336074355e-14
9.739086141617902e-19
0.017907949164509773
1.095500415698114e-17
1.0894179666480867e-13
1.0162861199156328e-14
1.4512671725700073e-05
8.946968583345715e-25
1.4424531613753995e-19
0.0014432721121281356
0.2056882083415985
1.3490304490209316e-17
4.660749540785333e-17
4.2193155465209114e-11
0.303544282913208
1.7475262716574979e-09
5.646145757531144e-19
2.8948551300681583e-21
2.677231244721381e-07
0.017907949164509773
2.484556050376985e-17
1.7902157359185906e-12
1.1195263862069053e-20
0.012690377209079173
6.891879519353607e-20
1.2228380994802507e-19
2.3128004684751227e-05
6.8342468565541656e-15
7.998339868511276e-16
5.875826371663704e-15
5.344880076878164e-16
1.1658694827178283e-16
4.2724917855091546e-19
1.906685148571886e-05
7.166083212553481e-13
6.4427586139462704e-15
1.6565162812327174e-13
3.3443192167756826e-17
6.788555456909228e-14
6.45443942514315e-08
1.1760374030961962e-24
0.2111174762248993
1.1696154811633562e-09
2.042261261103637e-20
7.84131530744272e-23
4.003192761850926e-21
1.2174959038593403e-12
1.0518936024850702e-14
6.863020724904136e-11
7.557919247477554e-13
1.3514939696415288e-14
3.875724821790645e-23
2.297886335356742e-18
1.5985563531569755e-17
1.1676881675713376e-13
2.0550803592014844e-15
8.448418403622364e-10
0.08862745761871338
3.499139104455998e-13
0.2111174762248993
1.2441758455858094e-05
2.392657078908559e-22
1.8605826757603162e-15
0.00021614844341893223
0.303544282913208
5.4415166731480736e-27
2.166741987742694e-10
1.5544858715213714e-14
1.112052717085396e-08
8.210081839137155e-16
1.4032553879985756e-11
2.6927164622177428e-14
3.2024133318782204e-17
7.977841130624165e-21
6.937512586872471e-15
6.248464717730987e-15
9.642184241533034e-14
1.709568843233216e-14
0.0182653721421957
3.5554006017599156e-16
3.9130001825391724e-17
1.2245224734179538e-22
4.764663800301811e-22
2.4333748729583085e-14
1.074883655346858e-13
4.014347919280836e-20
2.9326246354913934e-11
0.0014432719662580418
4.96511485435642e-16
1.08951032961499e-16
1.0261843012099441e-27
7.870514218423696e-20
7.68501497987829e-11
2.4712084869654748e-12
0.008659813127166
9.273189663164703e-20
4.1395877380870615e-15
3.056036230188092e-08
1.6460817507861813e-17
1.4874260823016e-20
1.3670084862869372e-10
2.775644674612695e-17
4.8038101324875436e-11
4.0859883050150234e-11
0.2056882083415985
1.2299479050400652e-15
1.8334979359707873e-20
8.078741061068374e-29
0.019323277885709977
8.279112474734395e-11
3.827668376894304e-11
2.5850422506676547e-18
2.9861509879584785e-11
2.367882669943731e-08
4.0284499178988547e-19
4.039296908103826e-09
4.3079978332823876e-09
8.136505528487092e-19
1.4413234259082107e-16
3.47196677882029e-24
4.513486869210706e-15
1.7352824777821205e-20
0.007084070239216089
1.42114249644707e-24
9.172283908742598e-19
9.918275709423311e-17
1.962678463704126e-08
0.303544282913208
6.192665838886493e-13
7.176628078148e-11
5.999987582961901e-14
2.645627477112571e-14
4.689748346686784e-05
3.7273247387615435e-20
1.9111746290959687e-16
1.0883164881591333e-13
4.758022292386534e-24
4.653891819621913e-23
7.2816135588133635e-28
3.4532026473525727e-12
1.3423816540594125e-22
1.0714747932545071e-06
8.45638918920481e-11
5.090718175818293e-07
3.338895597012912e-10
2.223800670166109e-15
1.6639249091223895e-24
4.673391352332569e-13
1.2775239651168005e-17
0.0033971833729898315
3.953737665562872e-12
2.036056773798816e-15
4.825738419213621e-16
0.005636438261717558
3.0813083023962845e-11
6.847682165957864e-20
0.0033971833729898315
0.00013052027741362882
6.068933373158601e-18
2.805904676739197e-19
0.303544282913208
4.312788343219202e-17
1.0228799016383087e-19
2.5929257937692855e-21
1.3142100900251762e-16
3.698901366378939e-16
1.4393812143288055e-06
9.956419044716593e-15
9.949786399003123e-16
7.13652459430858e-13
1.5272124505683567e-07
2.3852334160758253e-17
0.005302730482071638
1.9947878806151423e-09
1.429648677522835e-22
2.919442808280663e-28
1.3872546544073817e-10
2.288215342609117e-09
0.012681733816862106
5.644652555909046e-23
3.524190330688527e-07
5.239304610305791e-15
5.281244755334737e-09
0.303544282913208
3.5300478127647825e-11
2.1293854541522168e-19
7.411978499177107e-07
2.1770568519128994e-14
0.00020655300410636366
5.523119114128827e-20
2.5679202910375284e-14
1.3913024612032726e-17
1.9947886422774156e-09
0.06518445909023285
1.2238474958725837e-15
0.303544282913208
7.672582102986133e-20
1.7438533839828056e-20
2.7030754263202588e-08
1.3681283204504564e-08
0.303544282913208
4.677294469712681e-08
8.34240276505695e-32
6.276533225899344e-15
3.50833460714721e-13
2.798138568300855e-13
2.4686626299892503e-19
0.00034519682671366875
0.005636438261717558
7.291225275211433e-09
2.9648596865214104e-15
3.0920834334528947e-13
3.372714160082528e-38
5.234648841150972e-21
0.004291141985676761
1.8708728419608224e-13
2.2272561694017107e-21
1.3163024505978637e-20
5.528643993950075e-18
1.7153565656765466e-15
8.941342066226157e-12
0.303544282913208
4.1571995855545304e-12
1.381206984877674e-19
2.9778642414801423e-15
3.162622061440564e-14
4.981900016924015e-16
8.282765945339805e-12
1.7659270022008382e-12
1.2595340455925914e-12
7.912977040598736e-25
6.43369448722058e-13
0.00012446854954346106
3.046326231382398e-05
0.303544282913208
3.255824077008515e-18
3.2484889599791306e-20
0.303544282913208
2.499539171916592e-26
6.287303643727683e-19
1.210104963601454e-19
1.6758985858527475e-17
4.0671635107817308e-16
4.9093863072607984e-29
3.8637713512216715e-14
1.1369150704046825e-17
3.311214343344397e-20
5.32376265577672e-11
2.9648596865214104e-15
3.318780505651216e-25
0.20568816363811493
1.7745436317010334e-21
1.8588309128100492e-17
1.1503145010272218e-07
8.9381249897338e-12
1.700225532136302e-11
2.0395697146042338e-18
2.038649566314255e-13
1.5278236150595917e-26
3.30078778010129e-25
1.0633242519458753e-12
4.449061014380105e-17
1.164239562945986e-16
9.483651681349516e-12
5.203026635215705e-26
8.443927241660451e-15
1.338318457451503e-07
6.721763065083246e-18
3.757490535893009e-13
5.954269723440777e-16
7.260973193811731e-22
8.32311562719838e-11
3.51793102255157e-13
6.374118378727711e-14
4.722577111077313e-19
1.2756549693164043e-24
0.09866902977228165
2.2238015363477536e-15
2.49237449679677e-16
5.155718192625549e-19
2.0587995076285574e-06
1.1946829161215217e-20
0.0014432719662580418
0.36598092317581177
1.5132494639853297e-27
0.36598092317581177
8.645397142631258e-22
3.836948148674724e-12
6.343504393730035e-26
2.585316362123426e-10
7.936337694074781e-20
1.237739035952667e-08
1.0418033930532865e-20
0.0060527753084897995
1.9287699082748067e-12
4.292059052884105e-15
5.631934763039509e-13
3.0524345704447695e-14
0.006052775774151087
3.4852830718343e-25
0.0004753941471935877
7.728217397094369e-13
8.02743451476157e-06
1.7389415482661966e-18
3.255824077008515e-18
0.007215749938040972
0.005849121604114771
9.273819870362831e-18
6.224248389714508e-13
0.005636438261717558
2.0418194480488036e-20
1.1808751660332348e-11
6.588695018489293e-28
5.312567354993171e-27
1.4012057075220419e-15
4.593801444335919e-30
4.6726422392969966e-05
5.5163173944050684e-09
1.85852068383231e-17
1.158631580990237e-19
1.1129713617155389e-11
0.21111741662025452
6.356477029475515e-25
1.2990977915207562e-27
1.765624609044303e-11
1.5067834792535123e-13
1.1796410080773353e-11
8.918767121608046e-33
0.303544282913208
1.7392513680181793e-17
1.486651785630381e-15
9.759320104752993e-23
1.2084943364742257e-28
3.785019381898738e-22
5.60010263672169e-17
0.21111741662025452
7.41603964267364e-06
3.861980265529728e-28
7.691429213189924e-17
9.222397059632285e-11
7.249243484444703e-28
8.210081839137155e-16
1.2125835568840675e-18
4.049239000820203e-22
1.7250579563664233e-14
4.101351814724366e-14
1.1894404395590745e-13
5.944629836899539e-17
6.320945838933682e-19
1.9720099527571644e-19
1.9947878806151423e-09
6.799794836095864e-21
1.5574311875130604e-20
2.5766766996890562e-09
6.120343838356524e-18
6.891102024555838e-16
0.03403160721063614
8.499575317477485e-12
2.1130169802976765e-11
2.764928155466484e-19
3.8425868049241356e-17
1.8299391645442002e-11
2.481641917976026e-25
5.39532842544636e-12
0.20101289451122284
5.803142896174292e-05
3.8204765815490585e-07
0.0060527753084897995
1.3650926861699497e-24
3.930203024070024e-12
4.436436906044258e-13
3.589901748906333e-11
0.06442715972661972
3.1756004213681393e-12
9.293280634566865e-16
1.1013469101945586e-12
3.6962931726891355e-15
5.723792868286768e-05
1.3926069008232397e-12
5.1515939318590765e-18
2.5019641904775697e-10
0.303544282913208
0.21111741662025452
2.0952892864148227e-12
3.5738730938854716e-23
3.2981489111251387e-18
5.152258448786763e-12
4.0188820642045666e-08
7.41021425755598e-05
6.8414093387224524e-09
3.8508704483836246e-20
3.508358372050335e-09
1.0105195652021298e-25
2.631290991943434e-20
1.1701513902754066e-16
9.209660762717892e-10
8.667275029943027e-10
1.2321720476733126e-10
8.932818062017613e-30
7.513168645448708e-13
4.075452058915511e-12
1.836676581648617e-18
0.303544282913208
4.789656276769967e-15
8.327125084354594e-09
1.0212463808905735e-24
1.5364587087781133e-13
5.540073393857637e-09
5.070886144984526e-22
7.383378555319479e-22
4.098389179629158e-10
1.5964884172086728e-20
0.21111741662025452
3.8877643933435937e-10
2.0691862886330345e-18
3.0759837153607584e-15
4.563422862993883e-23
1.0643554969553708e-11
1.2820917551575135e-23
5.544664314488322e-15
1.2765113917160285e-09
0.00020972016662799617
1.7816928068126486e-11
8.677865394048704e-17
3.255824077008515e-18
9.191106955244043e-17
0.303544282913208
1.2791026497230412e-17
1.2912869528546566e-19
2.939798295694949e-14
1.4646436399904418e-09
7.977835966709904e-21
4.546732445009005e-16
2.457161638325482e-12
5.058101133740052e-06
2.1281373330785632e-18
6.558319213749422e-23
9.586573441000886e-08
2.6882426399543735e-12
8.217319306180263e-21
1.789765224936359e-11
1.2857254192086247e-16
2.628632510162941e-13
0.09866900742053986
1.5155546928551719e-09
4.082108307253572e-09
7.416042007420713e-06
6.497595865669694e-26
1.915220442283444e-08
0.36598092317581177
4.73637158604629e-19
1.2445617818678006e-12
1.3493512189631032e-24
1.0831367646490746e-13
7.166083212553481e-13
3.1118860850069586e-23
3.794989538751127e-28
4.76239276307123e-18
2.0326527486789926e-07
3.4464581425223895e-16
1.5011925905523222e-19
9.928199908494483e-20
5.0254121038571073e-14
4.026649115361807e-07
7.490229247621344e-20
0.0007569871754094758
8.422964411895347e-13
0.012681733816862106
1.907111672691231e-16
3.3532607613522827e-06
7.501180521747333e-15
1.96728677441441e-14
2.3513005810118794e-25
3.058612370719982e-11
4.965954025774812e-14
0.0012269615732724004
2.8989068748824966e-06
1.072085512905229e-15
2.3046715859832697e-08
0.00020972016662799617
3.1820393370195143e-24
0.012681733816862106
5.342637494610243e-25
4.450320937584628e-14
2.7924900033599563e-15
3.7374437228924715e-22
3.0982463089199364e-12
4.275423181092398e-17
1.867135990028937e-16
1.7786232866984133e-13
1.004181571128868e-06
1.824985462940319e-19
0.00628864299505949
8.859350432035074e-12
4.848767760792505e-13
0.003809353494432899
9.035640204976498e-14
5.791942553477378e-14
4.978776665371151e-12
2.6088335271279306e-11
1.0255119613873317e-19
9.440261023015057e-08
1.1627632174872711e-11
5.88773020108539e-17
1.0565670845742891e-21
1.3728578676247462e-17
5.3659419247229363e-17
0.07449077069759369
1.8628766330502897e-19
4.821360681272374e-19
2.4091829470536626e-16
3.267100735310075e-13
0.0003481284922535986
5.633540255382557e-19
1.9031907536655144e-16
5.555063077987129e-14
0.2099289894104004
1.29801744275006e-17
0.012690377209079173
4.730528442934332e-18
1.0727400987124576e-23
7.2384177483022e-16
1.9843458679366372e-25
2.158545783097839e-18
6.43369279959173e-13
3.2791888380615543e-22
3.850895737724723e-14
2.1201949518178034e-17
0.303544282913208
5.325831026115717e-22
2.765553989019194e-19
4.523197073030558e-16
1.7568921242379886e-07
2.0121706976843005e-18
9.512248803655408e-24
3.600211967643548e-14
1.4585036024731932e-18
2.449405380694701e-23
6.806116498484205e-20
1.3127722522286108e-14
2.9125158752128385e-13
3.9736866172786485e-11
2.4177600670830836e-08
1.1172228209106303e-12
1.0955959628328161e-18
4.285052490435792e-19
3.856610933412201e-14
2.222042354497554e-07
0.07449077069759369
3.339170682633413e-16
0.007324728967802785
4.3576055346510526e-10
6.1030227484444904e-12
6.759188513713671e-18
1.1386057486575253e-17
2.158547537709366e-14
8.437130503783638e-25
0.0991954356431961
1.0925336808109087e-10
1.4817006306485078e-17
0.0060527753084897995
9.453884164646164e-19
6.378149006150909e-17
0.303544282913208
8.210081037140202e-16
0.0060527753084897995
4.7007664304253937e-20
4.600752250583814e-12
0.13056476414203644
5.568950877093619e-14
1.8701954999055387e-09
1.0991476556009803e-16
3.9737436003175825e-20
1.6404606579091482e-16
5.231186809353661e-15
0.011154082026569867
5.792684341384962e-19
4.0476917960520525e-13
8.601898616805624e-26
2.921728825053674e-15
2.5028612795732843e-16
2.1587457908351397e-18
2.0874852575037264e-16
6.461462316461322e-11
2.223800670166109e-15
3.657510330722733e-21
3.676458223761453e-10
1.9457365189030524e-15
1.386079600118328e-17
6.277381896973537e-21
3.5236407745449694e-14
1.0692109514972605e-10
2.9908084406901655e-16
6.093809411351564e-21
1.0571263574205645e-20
1.446814561722539e-16
1.6350862658039122e-20
0.00869485829025507
1.0050704199818175e-09
4.6405990379036774e-21
1.007860625446579e-17
1.4761433879343862e-15
2.0567300736825336e-19
7.30031448818916e-12
2.5923066542567927e-14
1.3795800544455826e-11
2.0901725479103185e-16
6.3481947774395875e-21
2.1295374829544485e-23
7.767942073403221e-15
5.154527072863651e-09
5.5163173944050684e-09
3.3186317402549197e-20
5.510372091179239e-26
1.812381147256985e-31
3.6965199509364855e-15
0.005849121604114771
8.712074514280016e-22
0.015179182402789593
1.6151381615145758e-07
5.859270813610324e-17
2.286276111668134e-15
5.290749843229363e-12
5.371195595848474e-10
3.8447847712896496e-29
4.0851835978289146e-20
3.253602266049394e-27
1.3474896594105998e-17
5.583962515219293e-12
1.1339584889672307e-21
7.41603964267364e-06
0.07449077069759369
8.951366039933859e-10
0.004336385987699032
3.163192484978101e-17
2.263817691880404e-16
2.0309459471619792e-22
5.055163793559686e-23
0.06518445909023285
3.2933011317963584e-09
8.369344841805086e-10
4.513486869210706e-15
2.7655524340633503e-19
0.00012446862519542232
2.431513310136043e-08
1.4752975104465154e-10
2.8790465384726587e-15
0.006913307588547468
0.303544282913208
3.5341034320631903e-16
1.3377201815388816e-08
0.006052775774151087
2.4392850967220623e-19
4.7174249559099616e-11
1.528322827089478e-23
9.3713316572295e-17
3.675400931932959e-16
1.4601160311514764e-19
1.4358507585324562e-10
5.5163173944050684e-09
6.750307077818501e-09
1.0290420972908302e-13
8.923297723513759e-14
5.9854168656554734e-21
3.988176343082236e-16
3.2054139842349815e-20
1.1503145010272218e-07
3.52361637737085e-15
1.0089236492639263e-16
2.585316362123426e-10
2.106420914988233e-14
7.317559708095088e-19
5.718806796800269e-10
0.0002852772778985683
6.093420029484488e-15
1.3603422624298015e-13
6.121137297472144e-11
1.57238811714444e-14
1.748919127390968e-15
0.2056882083415985
1.785230176311421e-10
3.742908628472158e-15
2.5631064958937985e-21
7.455623794412054e-16
8.741385938505663e-18
5.082144586420322e-16
1.7556857894243036e-07
6.103022429013389e-12
9.232801738946757e-19
2.765553989019194e-19
6.88200756378937e-15
0.21111741662025452
4.027964679296423e-06
3.5083590628795973e-09
2.9839114884863014e-12
8.679056540938212e-20
2.0068987971747975e-11
5.824677431178683e-21
2.7655524340633503e-19
0.006052775774151087
1.2321720476733126e-10
9.58878569963682e-19
0.0030183768831193447
5.3582648121632964e-05
2.6204973885393683e-21
0.36598092317581177
3.5340834009832345e-13
2.1437162376968386e-05
1.2905871387017546e-23
2.566626904082297e-26
0.02215489372611046
1.1162303670990898e-15
2.6659474455469177e-12
1.7432974619265595e-10
1.0314182107588488e-13
8.810257128861299e-12
3.883858605353936e-16
1.798948380469859e-07
1.0183186154286508e-18
9.254232047476055e-14
2.3419831619208e-13
0.010966009154100842
1.4735815806263892e-16
6.969120604126646e-10
0.07449077069759369
5.510383716906072e-15
2.210832761475722e-05
2.5853169664736285e-10
1.9765426987066437e-27
2.801053391087103e-18
6.7019240450431175e-15
4.152390958670618e-17
3.758241003195998e-21
8.922220986593369e-17
2.3138289409555178e-08
1.516090639528784e-20
0.009174720384180546
0.0053027295507490635
1.0315782612248328e-15
0.303544282913208
1.4530055777022964e-15
0.09866900742053986
9.038273405226534e-13
1.0805898098467998e-20
0.025287123396992683
0.031103193759918213
2.2238015363477536e-15
5.207540827933762e-32
1.008309319585577e-24
5.074079985487703e-18
1.4908868449141527e-16
7.326772062939653e-23
5.626935158679425e-05
1.509360934083539e-20
1.5197296013340523e-17
3.6535137838292294e-07
1.2200002338646458e-16
3.255824077008515e-18
1.831692654262272e-07
6.650502438939026e-21
1.8093914434422872e-10
5.964350133832941e-15
2.8311288925356085e-15
2.7655524340633503e-19
3.27476678499568e-11
1.1607726299671607e-20
3.536072161251544e-13
0.11243719607591629
7.285148216664944e-14
1.7181881958688038e-11
0.005302730482071638
8.449907093986518e-18
1.092245752222921e-15
3.995788081131146e-17
0.0011386600140189
2.6187453994985453e-11
6.307155528702524e-14
2.3428143494089495e-09
1.4464065153148047e-07
4.277520989793257e-20
2.7394913129385176e-08
8.308811669719652e-13
4.5708892886828605e-26
4.930785379586485e-07
7.692072984151908e-21
4.2872052422058503e-08
0.010966004990334621
1.6402221371317383e-14
5.9276596947644415e-12
1.9683570660571222e-07
2.642020096997676e-13
4.58976582607948e-09
9.992872024502044e-10
2.906528084971444e-18
2.011866954875703e-15
1.240853931743732e-08
0.006052775774151087
0.0991954356431961
2.6242897052366793e-13
8.180242232426996e-16
0.303544282913208
3.38419046025101e-15
0.00012446862519542232
4.4969753392543413e-11
1.258609311033474e-15
4.54871104860642e-23
1.337903970522696e-13
1.518619996637557e-23
1.6932445124708732e-16
1.9947886422774156e-09
0.303544282913208
3.992105500806938e-11
8.981038840686082e-06
0.00020972019645396078
2.220019913877074e-19
3.242539652999791e-14
6.786183976187934e-12
4.914530168517099e-10
0.11243719607591629
0.07449077069759369
3.8091735801215844e-19
3.608189730029795e-14
0.01826537773013115
2.7973245267197187e-11
1.3193857066908538e-24
0.009864487685263157
0.13056477904319763
0.0002176910889568548
2.9953056520057487e-13
2.765553989019194e-19
9.815096351656401e-23
6.759479449180102e-17
1.1274295443285323e-16
1.1833184161208663e-18
2.698424750290782e-09
2.5700833503927517e-15
3.390168719058003e-25
1.8329311573963943e-19
7.293931092406632e-15
2.0380112549264207e-18
1.9947886422774156e-09
5.847448824931716e-10
3.1320403908218667e-16
0.303544282913208
1.2809190097656366e-18
2.411709965880556e-17
1.476609858226635e-15
1.0571434271430266e-13
0.00481006045268545
2.7307016347654684e-18
3.255824077008515e-18
4.5382152370079565e-12
0.07449077069759369
2.959542017799311e-16
6.143505646698849e-15
4.780976625850032e-16
3.910996942991782e-17
1.4653081178453487e-16
2.7973245267197187e-11
2.5271344270925545e-16
3.965193566678889e-37
6.43369448722058e-13
0.010966004990334621
0.007084070239216089
1.7423336673953058e-10
2.2238015363477536e-15
0.2065991759300232
1.0862001756933492e-14
0.11243719607591629
1.7642235938227662e-11
1.4643705514994346e-19
3.42376974131894e-08
1.5212415566865888e-12
1.9377604669432145e-16
2.5133738311671215e-09
0.004884508884887007
6.525830392598844e-19
2.4446149448242407e-18
1.44051657530426e-07
6.171275103566833e-15
9.818932228854908e-19
5.059584125523857e-16
4.0284534390933666e-19
9.336907399513299e-18
7.087832089705495e-17
2.7655524340633503e-19
1.9877824595667944e-15
3.454263876696205e-06
2.002974031713419e-06
0.2111174762248993
6.168571702372491e-08
1.0656740878964511e-21
1.611126027455619e-10
0.09866900742053986
4.8340074557503815e-22
8.242060423538049e-17
7.390201080970931e-21
0.2099289745092392
4.2698899697363756e-14
5.158522356452122e-11
1.3865941590369752e-14
1.6792850885671385e-17
9.205287789810926e-09
1.2670302210376772e-11
4.856706930317401e-18
2.5551113168258527e-26
3.975520936951271e-17
4.438741387125513e-20
6.18223279784507e-19
5.396783533577324e-11
3.562554919935384e-18
3.5172243286653294e-13
0.0033971833729898315
3.876449133551934e-19
5.026014869014819e-05
6.995108165803086e-14
2.1739846407127015e-18
1.4390723406443227e-18
8.555335498253136e-12
1.034600808052172e-06
2.568166434798725e-14
4.517672863293637e-19
2.1437162376968386e-05
2.3417009200730754e-22
1.4558140290341299e-12
0.13056477904319763
1.0791654367744541e-16
1.0931334136559825e-11
1.4032553879985756e-11
3.0560390269695994e-08
3.3297570073195356e-18
1.0135384133762292e-28
3.171001742677673e-16
3.3822656138383285e-11
4.095723693236459e-06
1.4672461656709603e-13
5.562986299091234e-17
1.1969605086876744e-11
6.1423338905469966e-27
6.3381366230113305e-12
1.3958574920691678e-10
7.942902856149124e-05
4.496899203122251e-12
1.92002273906775e-05
4.387744141590832e-09
1.1611368670394286e-21
7.864220055443001e-21
1.0436160004698195e-12
5.56964616831453e-12
5.765658000986427e-13
2.5822314507697636e-18
7.909857427741175e-25
1.1484165734525977e-13
7.34380600908174e-13
6.63442657015972e-14
8.217321290101867e-21
3.3981923698655114e-09
1.4543084023490639e-27
2.765553989019194e-19
9.562926291035144e-27
4.6772945144259204e-08
2.0725219459277162e-19
0.07449077069759369
1.8850162820043637e-15
1.4479366858675304e-06
3.974864568721938e-10
9.035353469318056e-08
0.006880607455968857
5.2312281413059375e-08
0.303544282913208
4.337355187156922e-14
1.8885279336434967e-14
0.2111174762248993
3.1636287113289936e-17
1.1339580832083833e-21
1.7488753924408253e-16
3.470644741915187e-11
1.0497970898231849e-07
2.0981548284668728e-15
1.6957470252040321e-12
2.895751003777794e-14
2.264692751661825e-16
4.077142333227541e-15
3.7202519304556615e-22
1.724004027518181e-16
2.606939931539052e-19
6.188039355890235e-17
1.0608900417812675e-16
7.622260764802214e-15
4.708143661749637e-10
2.73296300821926e-09
6.172825275115113e-12
1.2235311795698832e-14
0.0014432721121281356
0.031103193759918213
3.286434217624017e-15
0.0006729295866683832
1.9034453610609332e-12
3.152646377433537e-08
6.214772954613372e-15
3.105527948234949e-06
4.4658919169262615e-17
4.453171988642408e-21
7.433807719418209e-23
0.303544282913208
1.0009290722037758e-12
3.0964817886479664e-18
6.071660853373996e-13
1.2792875329574272e-16
4.641440317227876e-13
5.135037975959494e-16
7.166742796632158e-15
9.741571649973621e-17
3.7742238984120425e-20
2.4675347128394713e-23
6.26601263593209e-17
0.11243719607591629
5.349459820292701e-23
1.7625154427891434e-19
9.835269434966607e-14
3.2558230944679207e-18
8.35468758718299e-10
1.0542895174611466e-23
5.82183915161889e-20
4.606137256195806e-22
8.82312600374067e-09
8.372229328019998e-15
0.019323277885709977
0.006052775774151087
2.4694713001540122e-18
3.999182472871078e-13
3.79094021245372e-15
1.942294077265735e-09
3.0317611928508565e-18
0.303544282913208
1.4327186229440919e-13
8.730827118068864e-13
4.6013973689433996e-15
7.070391875753164e-12
3.0868988955842795e-17
1.6034987464470778e-23
7.216955586058936e-20
1.6136793337016525e-16
1.7267354326819452e-08
0.00020972016662799617
5.214318001608631e-07
3.840554255391026e-14
9.225703534505098e-21
2.429727983100712e-20
9.720503193607907e-06
6.294674142421042e-14
9.423030434934272e-10
5.835920922927427e-05
8.727875010127481e-21
5.992111617656052e-18
1.9681942964135806e-13
3.850786394817222e-19
1.665229524591799e-15
0.13056476414203644
3.461745323661747e-24
0.004285599418921149
6.132407743213096e-07
2.4088473535887852e-15
1.864086365223342e-08
2.705798951252945e-14
3.907350898290208e-32
5.427820183572541e-10
1.6501589115487452e-17
1.184669162352788e-20
9.799237123222016e-18
1.0882826024060889e-16
5.906477763441067e-11
4.877701859035398e-13
3.743080971976802e-10
8.751819927329199e-12
2.464095970396465e-07
0.017907949164509773
0.0014432721121281356
7.682866908360753e-20
3.801816605564598e-14
5.324015865572826e-24
5.622904675994501e-26
0.00555750448256731
2.844909579948599e-20
2.5733736171461847e-12
6.914245182116418e-16
1.7856280429692197e-22
9.067230755624322e-21
2.496709327711599e-30
4.561365918402448e-13
0.01398758954233359
1.579155079378713e-15
5.671184671410688e-16
3.4216963355120566e-29
4.321720105530711e-16
0.03110319934785366
1.247996302233311e-14
3.338206524766816e-19
8.327125084354594e-09
3.805280664896735e-15
1.0728750972751347e-15
4.148413700034541e-15
1.33561594029088e-05
1.715665786978941e-06
3.199212340213178e-11
3.500841445671927e-20
4.033742457568552e-18
0.00012446854954346106
0.0060527753084897995
1.600696411674724e-11
6.152194785330281e-14
0.00555750448256731
1.0522463100555984e-18
4.442137472167085e-11
5.405117320835869e-20
8.555334754510486e-12
2.1968657047699212e-09
6.189988584113123e-11
6.499576021077477e-11
2.6976893634715903e-24
1.240853931743732e-08
3.653654833306604e-17
9.466989398463861e-15
1.8845872055377837e-12
4.513488347135283e-15
1.329146716168892e-14
2.745589632475489e-19
2.8937022222391502e-09
3.7328107547351364e-16
1.6751230327759557e-12
1.9947886422774156e-09
2.9975260163085173e-21
1.410845987091911e-19
2.2238015363477536e-15
1.6362805388471163e-11
0.0017097746322345536
3.42376974131894e-08
1.690314953325655e-27
2.223800670166109e-15
5.331723636500689e-30
1.164041170749743e-06
4.535486945514878e-12
0.09919542819261551
4.598258145219207e-15
7.642491304835607e-26
1.4924480053503053e-10
5.90667501628684e-15
1.0336742475553039e-23
4.965956283156618e-14
2.0110074576631253e-07
2.3310197785140394e-14
4.457410588933712e-16
0.03403160348534584
2.3000191877376087e-16
2.457108082387827e-25
0.303544282913208
3.470621675664401e-25
1.5062498744590342e-18
9.97236451550377e-18
3.694280411791402e-16
5.2252696109932745e-19
2.9097826787092333e-21
4.818068655854613e-18
4.201307803547689e-15
1.0360352184980246e-06
1.6683137930910053e-08
6.646604504866828e-22
5.610688439434671e-28
0.0007938085982494828
6.759479449180102e-17
6.211508426138573e-17
4.297659709672801e-28
3.5029509488383742e-09
1.7080660014946036e-21
7.042793299690305e-25
8.268875920022981e-18
0.08862743526697159
1.9013682294622204e-17
8.443890414936552e-27
1.5970283038578748e-22
4.428799391532671e-19
7.514584288497932e-14
1.5747762814822612e-14
9.878315148784282e-24
3.0678777778328514e-18
8.100388465238082e-10
2.189228242377727e-20
4.124850544793737e-17
4.233436373204522e-31
8.19977351490009e-21
4.3415329058375825e-12
8.16868952477809e-22
3.746190621051787e-13
0.07449077069759369
5.7220806174409715e-15
2.3310207700205294e-14
0.00021614844341893223
2.0326527486789926e-07
0.07449077069759369
1.8459583731109725e-22
9.427858916886907e-14
4.233554322017143e-20
7.862133681123662e-25
6.050655826283769e-24
2.5337078550459862e-11
1.721123396774486e-14
4.092216032017928e-15
8.681812527686667e-24
2.0792642055701892e-13
4.1898044771475754e-16
1.737015276125848e-21
2.5099869213368714e-16
8.621146449746301e-19
4.6822245003422627e-23
2.6772320047602815e-07
1.8296582299056037e-11
2.2938280734801353e-08
1.970569282301203e-19
2.4176912318792684e-16
2.765553989019194e-19
2.0891533091605706e-17
2.265889150047228e-09
5.384683788648867e-15
2.9371963429986435e-06
0.303544282913208
2.5610200005844083e-16
3.3729332330560046e-19
2.631930733122669e-12
5.583840424682929e-06
3.477327894472957e-13
3.64006174843588e-15
9.918593745606316e-14
8.405211895133581e-14
0.11243719607591629
1.9953639076633784e-15
2.049243700790694e-31
4.12534333244915e-18
4.708143661749637e-10
3.136693532948614e-20
2.846462425769119e-18
1.580719341098297e-11
3.937371614551548e-19
4.6772945144259204e-08
0.2822427451610565
4.587478759099466e-12
6.043874923379749e-14
1.509096429102827e-20
1.9947886422774156e-09
6.832501656976261e-19
4.619375936979566e-13
5.3401930507840246e-18
2.029046483149023e-15
4.503937790156484e-15
0.001636478394809876
1.9947886422774156e-09
5.730876318428517e-16
6.6230402881631815e-09
5.76172136954596e-14
2.760669754988036e-15
1.1731064089475978e-27
1.5446229789190984e-21
3.9840854727155014e-08
6.0208658410240735e-15
2.0762282065134332e-19
0.005834411666474082
5.032218351257135e-16
5.485563641854048e-14
4.91577651055646e-13
0.06442715972661972
2.0656905385453602e-06
7.058851595072052e-20
1.854106215716807e-14
2.599893405636385e-07
4.707159285633813e-14
4.0074005527146495e-10
2.25307225299739e-22
0.07449077069759369
1.3786369333412174e-15
8.81830994370904e-14
9.737752038212107e-19
1.4804048963818556e-20
6.718715914472502e-11
1.288259634127121e-14
4.030902828569498e-20
4.5894161510370325e-10
1.0249246578822677e-27
5.522567984551956e-16
1.4289432052379068e-18
1.05563479137409e-09
8.111075014131451e-13
7.619761718033398e-08
4.218643332336622e-15
1.8357171596490113e-13
2.1547621823860644e-15
6.351049011436329e-22
5.642510839844383e-16
6.225889377681739e-16
2.9620151362909376e-31
4.048687932585864e-15
2.813579351038147e-13
2.671824602414466e-13
2.0008465255085434e-19
1.7232391949560161e-16
5.843824225188745e-18
7.024347159127911e-19
2.82671083935358e-17
0.0013145324999850605
0.303544282913208
5.271377804054171e-33
3.599003900164942e-17
0.0014432719662580418
2.3374550074218515e-09
1.2268961256136782e-19
3.077224485878865e-18
4.082108307253572e-09
0.006052775774151087
5.593634132515388e-13
7.112029886390636e-16
5.657869990851575e-10
4.513488347135283e-15
4.490096421249237e-18
1.777315142015392e-15
0.2822427451610565
1.9104840791589507e-14
1.0161189932952935e-15
2.88396770945393e-16
1.1476473279088e-14
1.1646331042399485e-17
1.8439572133153924e-20
0.03281129151582718
2.184269271945789e-15
4.174728867874194e-15
8.353510921960447e-20
0.303544282913208
0.21111741662025452
2.898601668158463e-17
3.586711407744646e-22
1.8180189955489618e-13
6.630368574413807e-10
0.009520419873297215
0.303544282913208
6.473343511722948e-12
4.16275410592446e-20
2.801551243594331e-12
1.554487092239811e-14
9.608466503139822e-08
2.326241036272303e-12
7.040579588558492e-16
4.32865291382097e-09
7.41603964267364e-06
0.303544282913208
9.104465091163699e-13
3.000358321195842e-14
1.871580210468628e-09
4.5740982589476425e-17
2.1347671787512623e-20
0.036144234240055084
0.21111741662025452
3.0328534857410816e-12
2.382301306666962e-05
6.813085061491009e-06
3.3575380791941027e-23
2.918328454007927e-23
5.519089160474834e-08
1.6289370667327993e-16
8.286472997482038e-17
5.144300492671006e-07
3.42376974131894e-08
2.4671676417155216e-10
6.3481947774395875e-21
5.616812903765531e-15
8.660712027666693e-11
0.019323270480138377
5.982222482200545e-23
0.005849121604114771
7.077487687382228e-18
3.1939015497509163e-18
0.06518445909023285
0.2111174762248993
1.2544900410877804e-15
0.303544282913208
0.0060527753084897995
4.6699729061377574e-15
0.004645695811406503
0.0014432719662580418
6.929924085106573e-06
1.6419300113231873e-16
0.09866902977228165
2.493164460044063e-12
0.0063894037157297134
1.4327186229440919e-13
2.191665431524933e-19
0.012681733816862106
2.323755554572592e-16
1.7890410381239454e-19
1.973636222359956e-14
7.169908016501962e-13
2.718396298262794e-25
6.189832528093112e-13
6.43369279959173e-13
1.24239399127959e-13
0.13056476414203644
0.00010585048075757923
6.424577958893911e-17
3.469620974248028e-21
6.126956573373382e-19
2.845471885891671e-23
2.779053670492482e-13
7.739344607567559e-14
5.517314905634918e-13
1.8535722225278186e-07
0.007640394382178783
6.751791562822528e-13
1.0426760165191837e-09
0.2486412078142166
0.00021087433245032974
4.323489365414773e-24
7.495720209406369e-23
2.370495671018484e-15
1.5639647535523829e-22
1.6682480627203559e-16
2.1900987661477614e-09
1.67711044080186e-20
1.3150498266956363e-24
5.935892038701137e-26
4.230349479944116e-10
2.6387595981708782e-20
3.225810650327295e-17
2.3216315303148706e-17
7.403798495167776e-22
3.964907075959601e-18
1.3885750780206868e-07
0.0060527753084897995
0.21111741662025452
4.256422491626268e-17
2.3964529990436185e-12
0.303544282913208
7.935530908118882e-16
7.003432729747304e-20
9.365604728387536e-13
9.091668284248703e-20
1.1278476868410711e-17
5.125264658265372e-10
3.882110218914707e-15
2.7558715727923556e-19
1.2112487911181023e-17
1.6490232197118132e-12
8.696271590443027e-21
2.0845390915508674e-07
3.560066772400062e-16
0.36598092317581177
6.019112683113804e-14
3.8442947993927875e-11
4.282651038717213e-19
1.5703083601223064e-12
3.574805529591163e-21
0.11243719607591629
3.7351612739122605e-24
7.42331644439039e-26
1.8217392715812188e-19
3.0406643965103143e-13
4.258096660466007e-21
1.2206085910582926e-11
4.453183003681732e-17
7.416042007420713e-06
8.422963182008409e-13
1.2355221695258548e-12
2.6117726468088504e-22
0.303544282913208
0.303544282913208
3.7848022745260724e-18
2.143718076625561e-05
7.720292345888598e-10
0.09866902977228165
0.0003341100999683909
1.91001797071737e-13
5.691475517511259e-16
2.983316532732232e-17
2.3356784624081772e-09
2.0651179766411247e-19
0.2056882083415985
2.028690521359623e-33
8.727430550743002e-07
3.315291654660815e-22
1.8095961146137368e-23
4.054350343077772e-16
2.7288721168219495e-14
1.681174627517924e-22
3.440924502506614e-20
0.007084070239216089
1.4883360175617997e-14
2.2449571344467488e-10
1.0963552458470809e-09
5.829935392879974e-16
4.191120239187226e-13
2.7973251794087353e-11
9.209654830246699e-10
1.7590324306300563e-17
6.862138906565107e-17
7.280918873605945e-16
1.3531113880581366e-15
1.464642591276374e-19
4.88138842963726e-13
1.560129489753959e-08
1.2808535412676988e-16
1.8264844047502634e-12
1.0126956243767293e-12
3.84609881421098e-11
3.2245556895102445e-19
2.2809723622182183e-08
2.0116248650728813e-18
6.107843733747073e-14
6.227378036917022e-20
0.03403160721063614
2.2201866528809855e-24
0.005947511177510023
1.6092720781497697e-16
0.011154080032089342
4.84783606694343e-15
3.5280158186860646e-43
0.10176380723714828
6.98402474375822e-18
1.2549838752233255e-11
3.18090788677889e-15
1.1604023990479249e-14
6.081690323211166e-12
1.5165235742299018e-13
0.06442715972661972
7.348251798277075e-15
9.47867112367534e-27
7.891383457339503e-12
4.6246155500906746e-08
4.799629411448686e-17
1.1840745032849916e-06
2.677233287114337e-18
5.6457919538287685e-14
1.48508856115943e-14
5.512866933093863e-25
4.370711111760652e-08
1.1174015438021181e-08
1.5668834786001277e-10
2.470623124625361e-14
1.9270009691043104e-07
5.633671103658964e-11
1.192481666536755e-06
8.306375922123662e-16
1.1933449860020575e-18
8.236832822991358e-23
0.21111741662025452
1.1953504394617735e-09
1.5897901418644665e-12
7.045984846782096e-16
4.002594162283922e-19
2.487021155720141e-16
1.3220659504674866e-10
1.3434698617053025e-10
1.9947878806151423e-09
0.05143976227356539
7.936749037373633e-15
2.516565526450031e-34
0.0053027295507490635
4.717424769618653e-11
0.36598092317581177
1.6944442351314198e-12
1.267325173961823e-22
0.303544282913208
4.721595752070284e-13
6.795148244874013e-06
0.0004486734463340761
0.004336385987699032
2.2238015363477536e-15
5.610057853985032e-13
1.9623671286026093e-16
0.2099289894104004
1.6117381495626672e-22
1.2814312528131101e-11
6.229819749290673e-20
1.658821960849063e-11
9.616386513719777e-18
2.0899087980061466e-13
6.43369448722058e-13
3.166635207216317e-20
3.440501894896631e-15
2.3027951286110865e-10
0.09919542819261551
0.06442715972661972
3.9557200261518005e-20
0.21111741662025452
0.36598092317581177
8.667275029943027e-10
5.217624417315866e-15
1.7667620353726198e-21
7.768412180555556e-09
3.382157521879819e-22
4.427433602865466e-18
4.233436373204522e-31
2.4401127373273083e-10
8.64059487977367e-20
0.0060527753084897995
9.229310821813234e-20
3.1791737307889975e-12
1.1673035931824483e-18
0.005840344820171595
0.005947511177510023
8.219379182325665e-13
7.5193823084139e-17
3.2984174865843843e-20
7.635639050702784e-05
6.335862811765622e-19
1.4327186229440919e-13
7.688677338352653e-12
5.2423946599741804e-14
6.783299766947034e-20
1.208156105319892e-13
4.593558938597762e-13
1.5910308297136918e-13
1.3739133932745438e-14
9.225263238446999e-26
8.687568953334435e-12
0.019323270480138377
6.45415802535167e-22
1.9585271148547924e-16
1.918502124105734e-25
0.006052775774151087
0.0060527753084897995
1.9832548966310505e-17
2.223800670166109e-15
1.954753322292799e-11
3.874364768950327e-23
0.002994885057636232
5.18460214735898e-26
4.474827586112479e-12
5.585406620025242e-13
1.9756286855421923e-18
6.726252713188074e-21
5.537297241234912e-17
3.0668437512304852e-21
7.060642919012432e-13
5.195768961535277e-15
0.005840342491865158
3.683951757620184e-14
4.051311525295479e-15
1.593570969424729e-11
4.0619545480135054e-14
1.5359113662385047e-18
1.4327186229440919e-13
1.6852772497641749e-16
6.058368496661273e-12
1.2680426134152638e-11
1.1345416059414716e-09
2.3678431298971985e-17
2.729188968237026e-25
0.09545570611953735
1.1416004654360897e-17
2.2239089122107495e-13
1.4327186229440919e-13
7.855397285903582e-06
9.881541433351467e-07
1.0775260841299158e-20
6.687257190220862e-10
0.303544282913208
0.025287123396992683
2.223800670166109e-15
5.732822111694606e-22
1.880658732441165e-15
9.997456013342048e-15
1.357691946215033e-29
6.014509162947595e-19
6.443765697696337e-18
4.134574120849344e-20
3.835924784554329e-20
0.012356031686067581
1.7455056262991388e-14
1.3752092347693045e-19
5.340191710015814e-18
1.6786468852077326e-27
2.715798323055426e-15
5.344883744867686e-16
1.9947886422774156e-09
2.717294775053349e-19
0.303544282913208
4.752173110503715e-11
0.02215488813817501
8.058372551402935e-17
1.6923391595505e-05
1.2036319845446545e-18
1.781645371448465e-12
2.677231244721381e-07
3.051574160624695e-18
3.4638803250374233e-15
3.4617286668953534e-16
4.809516791313383e-13
1.4390915762531627e-15
2.3351541381614036e-13
2.9403651492316823e-16
0.0009268339896428834
2.320606443834952e-15
5.130312995237693e-10
8.38233621500887e-13
1.0576045213918409e-16
6.365036374394944e-19
4.05525542715313e-14
9.386663843961977e-22
8.282437840575729e-11
0.00535611342638731
9.585764202664264e-09
2.9112037012096303e-21
5.4960235043332144e-11
2.1034182941354208e-15
9.894313308791619e-08
2.076157752859403e-12
5.172961599913149e-12
6.532418493247418e-14
1.9089426428277244e-17
3.2983539096421695e-21
9.407797449301061e-12
6.1912091757884365e-15
1.0218602358183871e-15
2.2021573698859785e-16
0.005849121604114771
1.4201049879703397e-05
0.303544282913208
2.0110074576631253e-07
1.6745301819278063e-21
1.26627055972964e-16
0.36598092317581177
0.010966004990334621
2.8522965686979017e-27
8.497894811092076e-20
3.1629432441068856e-21
0.005849120207130909
9.409159062824002e-18
3.8836876910612435e-07
6.339984002520002e-09
3.40524256125658e-19
1.7445616506388933e-08
8.627712043327995e-17
6.726884627270983e-17
6.951850000712692e-14
0.303544282913208
0.015992933091398376
8.02743219774645e-06
1.7229625118681154e-07
3.791495893085254e-25
0.005947511177510023
3.267100735310075e-13
0.0015947327278048736
1.3825801923102897e-19
2.00879242079122e-10
1.5357425692966118e-10
3.4424891280211544e-18
5.133367236593896e-21
6.536790077327787e-15
2.7661846012661473e-06
2.995766679497025e-15
5.556408170171054e-08
2.765553989019194e-19
2.16827900018724e-19
5.374227716768027e-17
3.1938745625753256e-19
3.3446004018940226e-12
0.2056882083415985
5.737649467955407e-15
1.1815772946251076e-06
6.663175519491159e-18
1.1552044337925407e-17
1.7041567908274027e-13
6.593117289665566e-14
6.228633064534164e-16
4.847739267131133e-16
6.338137805325248e-12
2.1955192182623965e-12
1.7182307506044795e-14
8.518435998185725e-19
6.313095899765421e-26
6.850539139933445e-17
1.578845139076733e-14
4.1993258349903683e-23
0.0033971834241783294
4.695707123090905e-11
0.303544282913208
0.017917328661577137
3.9705336811852435e-14
2.451457675901405e-19
3.7943471204269455e-11
0.07449077069759369
0.025761795306865176
1.5533782782182126e-19
0.13056476414203644
1.714199139377764e-20
2.059366180217614e-18
4.183896754901955e-13
7.803460705531681e-20
1.4010425567342904e-14
7.821583299301158e-19
2.3393275087147017e-07
6.143694383254964e-14
1.4161760451559641e-19
0.006543841474185297
0.303544282913208
5.04672466331564e-10
0.21111741662025452
0.06518448144197464
1.0758034991614341e-13
2.3010754811482438e-15
0.02234031818807125
5.357562623590799e-12
1.95646191739817e-15
0.11243719607591629
0.36598092317581177
3.3834715407564516e-06
1.1103886063289038e-11
1.9177093933972513e-18
3.984759474460395e-15
1.3455932298072394e-17
8.965368456844894e-35
4.994709959677862e-15
2.1042422845120535e-16
0.010966009154100842
8.069005796337982e-24
4.7029845937442535e-19
4.177697017526158e-21
1.651742815258973e-10
4.444249393642324e-18
7.114212839059342e-12
2.2979775555608847e-18
1.1420763538469182e-10
3.1267325345222406e-09
4.369331102816055e-09
2.048484076383653e-23
0.21111741662025452
5.249606964383777e-17
1.5741910019456442e-20
5.655909446773898e-41
5.76653235842433e-16
4.225928434058175e-21
0.0060527753084897995
3.056036230188092e-08
3.676983285681233e-08
1.8962335529946353e-27
3.46486310454764e-14
6.832705066122355e-17
1.6314133578452828e-07
6.071658228752094e-13
4.3966211409580105e-20
6.240958585884667e-12
2.102649617704947e-23
7.416042007420713e-06
3.199263779191741e-17
0.07449077069759369
4.093731655700085e-11
8.769717353514125e-15
2.433966032190787e-06
2.790052448837695e-17
4.796164443730123e-18
4.215679669899253e-28
6.64358930639715e-15
2.096493810843518e-08
2.544812431794326e-13
1.4079305316713865e-13
3.6731022393111307e-13
3.744677787731848e-22
0.303544282913208
7.656444152656524e-13
5.7892510156290315e-22
2.230956386790101e-16
1.19799687286848e-08
3.105313420611225e-15
2.0907637860819285e-23
1.123441641457e-15
3.255824077008515e-18
5.568325791058388e-23
0.0003341100483874041
1.7441383439356466e-12
1.7539823007603344e-09
8.86258993735859e-21
3.384305608828264e-12
5.988712471435722e-16
2.0110074576631253e-07
7.853617830337568e-14
1.8587472652413036e-12
1.4218581273946264e-12
3.7512218564407825e-17
0.2025439739227295
2.3517750105198576e-14
9.553848655766641e-08
1.7881457246648334e-21
1.0422082497400632e-17
5.5163173944050684e-09
0.006052775774151087
0.012356032617390156
1.822934417167868e-18
5.054591318991118e-16
8.130002409119328e-19
0.006052775774151087
2.76762666210961e-19
1.7493877625602386e-18
1.0050704199818175e-09
1.8978903682439966e-11
2.4031715012030746e-18
7.158235545741647e-15
1.239118344799796e-07
4.734844138009087e-19
6.43369448722058e-13
9.992870405704054e-10
3.717294114446347e-16
1.7055788498926822e-15
2.0891533091605706e-17
2.7194985274284397e-12
7.571270789005979e-16
4.5787245471613623e-14
1.8477505857221826e-14
7.518356884324372e-12
0.0015176083197608325
3.051270589720635e-22
5.42365442591859e-17
7.280514769591197e-15
0.01826537773013115
3.249338255230906e-14
0.11243719607591629
1.8359819625616332e-16
2.9515991072567235e-11
6.361145716735315e-16
2.9721098814211224e-22
2.7655524340633503e-19
9.204776609817411e-15
3.715083061330552e-15
4.3487578429168054e-05
1.599926810310093e-17
0.303544282913208
2.346003676177475e-10
1.7761798330134202e-14
6.361002127410431e-13
3.056036230188092e-08
4.119075516998905e-20
1.1673035931824483e-18
1.9221172668669095e-09
2.223800670166109e-15
0.02234031818807125
9.135835535861342e-09
7.665716431352193e-26
3.443767418444432e-05
2.664850789728176e-16
1.9873781880621723e-19
4.872388251284161e-22
8.781538924235616e-13
1.849548766569153e-24
2.7595880814113417e-06
0.303544282913208
2.4177600670830836e-08
8.597429109118881e-18
7.680336664017736e-23
2.9265944553418454e-14
1.1336652832057983e-16
2.5313008540571267e-19
1.314762139251219e-16
3.651217852863533e-19
3.0560390269695994e-08
1.1444903644398135e-21
1.6802669214066256e-16
0.015179182402789593
1.878711121760681e-13
1.6442876289213186e-17
1.968854355061506e-13
0.10176382958889008
3.4872054493321076e-22
1.2746182192797946e-11
8.088767565941724e-06
0.303544282913208
5.743019811469544e-13
5.941383707594001e-14
0.0033971834241783294
6.407215311685668e-17
9.651668283118798e-19
3.5549659376652285e-25
3.207097364240183e-17
4.58976582607948e-09
2.56357370832267e-19
0.20101289451122284
1.8105014338626236e-24
5.516319274053855e-09
1.2321720476733126e-10
8.782698782838562e-08
2.629115144577133e-11
6.702682430707464e-13
0.36598092317581177
1.4327172010660227e-13
4.965956283156618e-14
2.5547675748373762e-11
1.4386135305755546e-09
0.007887422107160091
5.538163011301531e-18
1.09930477240764e-16
1.254892532196665e-07
3.9550288769219693e-10
1.0869694234767293e-14
1.0148296250274008e-14
6.256643563461164e-15
1.284784239043622e-15
3.708289612608631e-29
5.761868225514338e-17
0.00535611342638731
4.050917308162439e-14
3.118268942214631e-13
3.44488195387243e-07
4.027962926527998e-06
1.9947886422774156e-09
2.0409260330114113e-16
1.270530480137398e-18
0.00013361147173713116
8.182266713359655e-15
0.019323270480138377
1.5732945600025842e-14
1.3076032849818355e-07
2.00341170942705e-14
0.006052775774151087
2.7973245267197187e-11
6.50638615511124e-16
3.346461048912703e-20
0.005849120207130909
8.69458614107798e-17
3.233386796072694e-18
4.9727283263678293e-20
1.455486478880749e-09
4.233464108687405e-15
0.36598092317581177
3.587531008035756e-15
0.2822427451610565
7.902962778439455e-06
1.9947878806151423e-09
1.9818353300985397e-15
1.332114073007034e-09
4.06566898358711e-09
7.0259525966223e-18
1.2459204100929679e-19
3.255824077008515e-18
3.710308557689122e-15
6.015116079928172e-12
1.231309928777188e-16
3.947051385763258e-15
0.0060527753084897995
0.1609295904636383
1.4363359089899814e-16
6.287313595278662e-14
2.821435725581484e-12
2.7732255450189038e-14
9.557518031182987e-08
2.991400300185242e-16
3.5464275181972986e-15
4.385092201746441e-15
1.1578760343832302e-05
2.8766594323867195e-10
8.324085559951813e-17
0.07449077069759369
1.0670554603555392e-06
2.16068082330795e-14
2.3780594863705634e-12
2.4564367615058156e-14
4.855143186567606e-12
1.0277329269107546e-13
1.7151561391153147e-15
5.294956629505661e-21
0.20568816363811493
1.9683582026588633e-07
9.39522010137496e-12
0.0002323084192532368
6.005496557125741e-38
1.4944193154683006e-08
7.868699826172627e-14
0.010966004990334621
6.4090948203392854e-06
1.994019992369862e-18
1.3682952512335487e-14
7.455624592630787e-16
0.0014432721121281356
5.290491975200534e-17
1.7795055987837096e-05
1.8467012305157056e-15
1.5804759829708233e-21
9.575903925150901e-15
1.4927322928869278e-14
2.8660406390503715e-14
2.118601554324848e-15
4.631916653255122e-25
1.7276872613899413e-16
4.831529670194122e-14
4.1733554636833825e-12
1.4327172010660227e-13
1.5062655657329367e-17
1.916333874929834e-15
3.531489985800187e-19
3.593091906335815e-15
0.0014432721121281356
1.67370937694434e-16
5.723337704513898e-12
1.3358513914326335e-11
5.367877458613678e-19
0.0053561110980808735
0.00014322433002521306
0.01971380040049553
0.303544282913208
5.5163173944050684e-09
1.0813055251794428e-15
3.7236510246604016e-17
1.4447481455516408e-16
1.824575049450863e-19
4.789654177628941e-15
6.946589880110826e-27
5.205339063352449e-21
2.9096325539529207e-22
7.255209514437705e-13
1.9947878806151423e-09
0.0014432719662580418
1.1041643111013619e-24
1.7754152984073894e-13
4.8483553322349104e-14
3.2294109257380033e-16
1.603501831900708e-20
0.0012133138223332416
7.521717511554242e-21
1.653039332905522e-19
4.269120266338834e-15
3.366839653010905e-16
7.513762577236242e-19
1.9947878806151423e-09
2.5944753246614396e-19
1.2060141589524778e-15
1.3444071019216324e-21
0.006802046302914881
0.005849120207130909
1.6775828380092186e-16
2.0713836982999577e-13
3.1414768527618826e-22
4.31490830902531e-15
0.2065991461277008
1.9626778894729584e-08
3.0619500710985135e-23
2.224107975141677e-16
1.6602676135048847e-21
2.6510352830385836e-15
0.2056882083415985
1.1129713617155389e-11
5.38536297591529e-19
1.665767779359936e-17
1.2607702548958422e-14
2.0406199036349448e-10
0.13416878879070282
2.9604436903405035e-16
4.789656276769967e-15
9.223168631053777e-16
7.462467415238125e-18
8.057287707320107e-15
2.209141514550246e-09
9.073938192652283e-15
3.7159118459300176e-23
7.142711439346464e-18
1.205471846693507e-12
3.4138856859592285e-21
0.303544282913208
0.012356032617390156
1.7250117944127577e-10
3.43818115960297e-15
2.7973245267197187e-11
0.0004879354471545955
6.73051445325478e-12
1.2806804126179026e-23
0.07449077069759369
2.832975465322482e-16
2.071929012729862e-15
6.703523708388886e-17
1.0656947999353855e-16
1.8528824331769146e-14
3.460066374888096e-19
3.061904004353317e-10
6.185142355279815e-26
9.405234191630996e-19
2.1557051128157575e-14
0.03281129151582718
3.707808940447743e-18
1.31017747298536e-16
1.6838032957837717e-28
6.022810413603616e-14
8.045054995065582e-17
4.905168625684785e-20
3.157635354765967e-14
1.5682360628982763e-15
5.211480729169443e-18
3.673059341995931e-12
9.322863294716458e-22
3.9822257476071806e-15
1.239118344799796e-07
3.3208035148651575e-10
6.615637298856116e-14
1.0026135158267047e-12
1.6552018983316913e-19
1.725985918495272e-16
1.6626750782487698e-18
0.005636438261717558
3.527220110759326e-23
9.91974522987164e-16
1.9832761208216425e-21
0.36598092317581177
9.479111464807585e-13
2.415301184926529e-16
3.42376974131894e-08
1.8933138671762095e-16
3.388805211197445e-14
5.371195069298347e-10
6.082288957159312e-20
7.869848911161007e-20
2.82102937849334e-17
9.252824430219485e-22
2.231813693740044e-11
3.3782509483729753e-22
2.89243142304716e-17
1.2050053634671493e-14
1.1075106923067941e-11
2.8013555374445327e-07
6.156283980569914e-11
0.303544282913208
1.4276926451312406e-17
1.3399743510048389e-10
5.718806796800269e-10
4.2841377775028747e-16
1.8509194699062585e-17
0.010966004990334621
4.583191521073977e-19
2.788465033424044e-13
0.0014432721121281356
1.4821463301815953e-14
0.2111174762248993
2.73296300821926e-09
0.303544282913208
9.912208078725255e-14
3.650266618620138e-14
0.303544282913208
1.0194978288898282e-20
3.8922174817995194e-23
0.13056477904319763
0.0001432242963668626
0.07449077069759369
2.5804312487726454e-15
7.026632083145104e-20
2.892673390793682e-13
5.451412361112345e-08
4.164311774736339e-13
9.87023316510138e-20
6.2312885661154165e-49
4.4548073757824865e-13
2.12998718960596e-12
2.644831267653835e-14
2.7973245267197187e-11
5.2463129986479285e-21
1.7996898554181583e-19
0.21111741662025452
2.06424658069746e-10
1.6840750350147166e-15
5.3813541645888065e-09
0.0002176910889568548
0.13416878879070282
2.8301100369009235e-17
2.223800670166109e-15
0.007084070239216089
1.8935837576172096e-21
8.722146642074835e-10
2.7262747454840544e-22
1.6527817528585714e-19
6.912043020324765e-19
9.395851131434674e-09
0.00011799128355766825
1.9270009691043104e-07
4.3602674768580305e-13
1.5557928658801185e-12
3.855513835579393e-11
3.8434942256042984e-17
8.823830194454015e-12
1.1271593301305579e-10
6.94387355215179e-17
0.13056477904319763
8.613873251681733e-13
0.006145036313682795
0.11243719607591629
1.8373605696689684e-18
1.1064015633206116e-21
2.0342677712472581e-22
3.414349092766539e-14
0.13056477904319763
1.701860841528339e-12
1.164041170749743e-06
1.1592405458064729e-14
2.3340021611087434e-16
5.144301040619736e-07
0.0033971833729898315
3.1698958841773013e-15
1.8080900595796857e-14
1.565650312734719e-20
4.8561901441952464e-15
1.449851007137429e-13
0.0038093516530235405
2.6585528585687008e-17
9.051591129829682e-21
1.9947878806151423e-09
8.869222423589269e-19
2.3749620576083746e-18
2.415280969887836e-13
2.223800670166109e-15
5.769949761666937e-23
1.015316416665646e-15
1.3908202255735525e-12
0.025914842262864113
2.7329617508029076e-09
2.144772631984532e-12
2.85254222224784e-09
0.01971380040049553
0.303544282913208
1.2757777275741798e-05
1.6757957749063729e-16
2.0233282125527154e-22
0.00012446854954346106
2.2053588409155396e-14
6.244406872443516e-23
0.02215489372611046
1.1129713617155389e-11
2.4877424222929723e-16
1.3924009089901257e-23
2.1064219125830914e-14
2.696732051055967e-18
8.770604359676163e-13
4.710032436483808e-10
9.955886636363781e-16
8.784028766681837e-14
8.625979918952318e-16
8.782698782838562e-08
2.8864486458783696e-28
1.0903593294500604e-15
1.6513051079407755e-18
0.303544282913208
1.4408484472607632e-18
1.1168242802005889e-15
1.8677649914507982e-23
7.202907583648143e-20
0.07449077069759369
2.402380519221974e-16
7.312816919295811e-07
1.6815731588977038e-11
7.918619000005704e-16
9.942224437713055e-20
0.03061012530440621
1.5317414133058227e-17
1.5754139103181477e-24
2.8511039584599624e-10
3.3007197148782766e-14
1.0783582074546487e-15
1.2537865642913353e-21
5.1224869621786206e-21
4.0989022280420165e-18
1.4974250853105865e-06
3.7742238984120425e-20
3.0125622491578824e-20
1.7002241346544707e-11
8.894481458535622e-17
1.4032557146186405e-11
5.516319274053855e-09
7.766518647429626e-15
7.335383225417888e-29
3.75318590913511e-18
1.1612555003987906e-07
7.313007768421365e-11
0.005636438261717558
4.935044452875198e-16
9.873846328443779e-14
2.0891533091605706e-17
2.6574206526923993e-08
2.1452989722160745e-15
1.7851157115651875e-14
2.965183243209122e-13
6.122458564562601e-20
1.6716313427351848e-08
7.102212336073031e-22
8.613877462165904e-13
8.210081037140202e-16
1.4735718678665845e-25
9.435480092540118e-14
2.844206898029802e-12
1.0238096467443818e-06
1.164041170749743e-06
0.21111741662025452
0.0991954356431961
9.236604266817262e-13
1.4117208244708068e-13
6.289698252894134e-23
3.0910773426292977e-08
0.303544282913208
6.037237229323885e-09
2.1202487975246037e-15
5.519408378701826e-09
1.7395095940541546e-15
7.040579588558492e-16
6.161102730894847e-11
6.60496417990912e-09
2.801551243594331e-12
6.4549978949707e-13
1.2970149960831502e-14
7.688076461435972e-23
3.659876603782653e-11
8.763040400501506e-15
2.61099317963054e-19
1.7435086673685913e-05
3.4882600158841776e-13
2.7870329503129622e-14
5.4306325161148696e-18
9.64397587795154e-10
1.3383027226608515e-08
6.43369448722058e-13
4.558677986773053e-12
3.0813083023962845e-11
3.227060409122215e-23
1.4975608237242793e-15
2.2385698709529227e-16
8.238924804321127e-11
0.06518445909023285
1.1339584889672307e-21
1.6032160829315337e-20
1.4897115072390305e-26
6.721793631504955e-09
1.202739949268072e-19
0.0009053791334401387
1.240853372090595e-08
5.043916124362948e-07
5.540074487905061e-09
6.15120135530078e-16
3.033279250934909e-11
7.972233451827761e-19
2.209141514550246e-09
1.7656752523875105e-08
1.7604723626976952e-16
8.576693829055026e-14
9.11767649383278e-18
2.9393378216757107e-18
1.029984820370627e-18
1.182481923732879e-21
2.9220869263589667e-22
2.407560266479454e-19
0.0060527753084897995
0.031103193759918213
1.3497369244568656e-16
4.3414651936873985e-18
3.242542941678627e-12
2.223800670166109e-15
2.986672523841015e-16
6.303874351351531e-12
4.542159784786007e-21
1.5288392969103446e-16
5.788981056652747e-13
0.0014432719662580418
0.0033309572367462292
0.1609295755624771
3.0123522127432865e-20
1.6061723384718384e-10
1.763906649188357e-23
0.004645697644325875
0.20568813383579254
2.195519688875157e-12
7.74840376499594e-15
4.680565544866319e-26
7.059463121341316e-23
1.969016668744628e-24
4.8428870365047804e-14
2.1414542224199091e-19
3.4504030050702473e-18
3.461736671742042e-24
2.223802746744885e-15
3.4682440695522733e-16
4.265726487636482e-09
1.2166813066502435e-12
9.557529098383172e-08
1.9699301786425466e-09
3.1036454134444867e-13
7.485682257466353e-15
1.539931810352295e-12
2.9165067942400574e-08
1.8103054491247256e-07
1.538882423035534e-15
4.991345429968069e-18
0.010966013604822189
9.162748703921844e-18
1.527786354301876e-11
2.8522905564232117e-05
0.0991954356431961
3.453833753069129e-21
1.7267213493219282e-06
1.4327180363827676e-13
0.006052776705473661
1.5276872846412551e-18
1.0846204672537803e-15
0.06518447399139404
1.323888196782127e-17
1.9947852882553684e-09
1.9422926315986583e-09
3.734468556267748e-16
1.8762605464613798e-19
0.07449078559875488
2.876610573867549e-09
4.821366878069468e-19
2.6214661958608463e-19
5.005389586891927e-24
1.5591939268707948e-24
8.094807906878873e-17
9.889698829410419e-19
1.1116466949655463e-19
1.485524137435673e-21
0.3035443425178528
1.5746767222876148e-09
2.12489768977484e-16
3.0487023646055147e-05
4.879843656332876e-21
1.427745145548879e-27
3.2558148102124696e-18
0.36598092317581177
3.829346444747719e-22
3.425297046844886e-12
3.27751623084604e-26
0.36598095297813416
4.152399351209826e-19
1.4327180363827676e-13
1.5375073840943096e-14
0.20568813383579254
5.50842021068708e-23
1.99478594499805e-09
5.2775249995454166e-18
2.651546271339833e-21
1.868770124725803e-23
4.538217883737705e-12
1.2408522902189103e-08
4.364871710369095e-21
3.343013751077161e-34
1.1319221212833375e-16
0.07449078559875488
6.734810227617287e-15
5.641305583761052e-16
6.952633934957201e-29
2.805914812021489e-14
9.586592775806059e-08
1.7964493584445347e-15
9.138351387948363e-14
1.60555118275466e-19
1.5255165094343642e-22
2.2626909470143452e-13
1.2391194939156327e-07
1.9626759611794646e-08
2.215549332124482e-16
1.2480932340101598e-15
4.2291698262770696e-21
2.207017427853038e-09
