1.8000285095975893e-09
2.8347046788706063e-05
0.0002586536111977983
5.458864359010721e-09
0.0012018555592141489
0.013676970232506025
4.692619600882709e-17
3.5666613987622255e-07
5.592298806256403e-05
0.007738286020457563
6.226428638301871e-23
3.632451581627614e-06
6.904883309419528e-05
0.053031592252391624
3.261640404917561e-19
5.30348708418267e-11
1.4658118398305411e-22
0.00026803357252743257
1.1511403508967191e-16
0.0002692423461100081
1.932621905367739e-20
2.4159794835004244e-16
6.304971603276221e-14
3.430001412972619e-06
0.018687576693260044
2.3533841387677668e-23
1.3461158232577407e-07
1.3803450236998584e-05
9.444515887773373e-09
2.7434573260436243e-10
1.3074215233617238e-07
2.188621158050862e-07
1.0688817464332658e-21
0.000286031816099885
8.263189366607558e-07
1.9557922668991573e-06
5.156915171779209e-06
3.7924613980884307e-06
2.7749666257917494e-05
3.4738882323729946e-07
5.565781390364264e-23
4.93589230278737e-06
4.904705844784222e-12
3.3551175198912056e-17
1.3431285816775257e-10
6.544909037329953e-05
1.0562316387761969e-05
1.0233014360152484e-15
3.7281763731812463e-06
0.00024191447817168213
3.9885071532683546e-20
7.222266033265174e-10
3.4880022810442195e-08
2.883296172567342e-06
0.0007713249501008698
2.5192993913192655e-27
9.345417905070575e-29
1.0767985610257797e-05
1.4759750233720305e-20
3.9429198544978313e-11
1.9838658950563487e-06
4.662115674112724e-10
0.0010469350915794096
2.5236408660264432e-08
0.004730782000427536
6.864512616016564e-06
5.615672278522772e-09
9.02298177017394e-10
0.001018486278782857
2.204883777467314e-06
6.728026491512372e-21
1.2340512223965434e-08
0.0001348201770324376
4.756430855894538e-14
0.0001538825902690777
8.209768038663009e-29
3.168905590874368e-11
2.9455522713933116e-07
1.4406012689104025e-05
6.095738038440923e-07
3.718265925180796e-08
5.653239625930573e-17
4.020468777136717e-08
2.6850609622984097e-06
6.403246440268255e-08
1.1479395715672405e-27
5.998148755801547e-30
7.117028589199918e-24
3.0688133499888884e-32
3.0307212765540254e-08
1.4776197638949467e-07
0.061041092757825766
2.68707180456298e-06
0.0005572499783088741
0.0032293238073100305
3.223912823245124e-22
0.007101274794144986
9.315772238207875e-21
1.5744056337139657e-10
1.0717166725139162e-06
0.001972203216874524
4.9671455622362794e-23
9.695210881415328e-06
0.00028184633612081714
0.007813878758240633
0.0001478396848134788
4.167919744030779e-05
1.5043472758736652e-06
0.00353713196790878
1.460232331224556e-14
0.0006902427041510206
5.3330151278924324e-17
0.004674356099684113
7.635638979836684e-05
1.783914197914567e-22
6.317990628871726e-05
7.464380437818014e-16
0.00383405214644042
1.1149252058942978e-06
0.0004269808371136011
2.4571550117417335e-17
3.3804063531078e-14
1.8011443808911098e-25
0.01691231245782543
6.310906383156516e-34
0.0021594570180987205
2.023336548075214e-08
1.0828835901382274e-05
1.1258881575808386e-05
1.0787243466978956e-24
3.008181395319755e-14
0.00028070534324705666
9.727236501361895e-20
3.901509506919686e-09
0.0005192058450257941
0.00033419334740751594
0.0031897235358586684
2.980543998246793e-05
3.3164267806599293e-19
1.8186955315826486e-06
4.5437765886336475e-09
0.0007471059716470021
2.3819863097053087e-06
3.7661837498528103e-07
6.373100954116975e-06
2.2363379195503166e-06
0.0003648562244433773
7.490854499911684e-07
1.0492478443287966e-06
1.847860937602154e-12
1.1207385920728416e-05
0.0015628105625591555
2.5835660510773275e-11
0.10299537864479014
1.4584142187100569e-12
1.4663210738581332e-05
0.06421630328494565
8.330745448530129e-05
4.574151521717138e-34
4.6628475401524846e-08
4.713991484980052e-06
0.0013436025911250926
2.8222585013884734e-39
9.660293956109216e-08
2.0186350271685537e-05
0.0007864045809639272
2.0124171502472657e-05
7.648084292801555e-31
4.392861000750244e-07
7.446640893936157e-06
1.0969962448846045e-05
4.117240912084021e-06
0.00016016411211264872
0.00040535324725497757
0.0031929151742272066
3.3566667925095796e-25
2.851477669158653e-05
5.646721069383664e-05
2.8424775984874943e-06
1.7165756144060318e-05
5.540245712830681e-10
6.978057438979095e-23
3.029017459026493e-18
3.7396416164544467e-06
3.265266874608241e-12
1.0359676424841636e-05
2.1507980658910606e-05
3.455370698628686e-05
3.4378265378387907e-09
7.917684787132775e-06
1.819111586622851e-24
0.0007121977081496721
1.6414365210633517e-05
0.00010798631935346675
1.6174022112000267e-11
5.8125768467765594e-05
0.00021561560298855725
3.149392134300399e-07
1.9275242381844412e-16
0.0014007683528978673
7.567000838666837e-07
1.0142508203489162e-09
1.5059000472472694e-07
0.00011861659947997975
1.7004680960034934e-08
0.0015704263457978513
1.657740862606643e-22
0.001668805806138443
1.2538566867708013e-13
3.1649561718037126e-22
0.026404098019344513
1.2947894937887617e-17
0.0037926524171018605
1.8728343269739142e-07
6.352736029850621e-07
1.6102105408855732e-05
9.14534068819522e-06
0.0291644860757362
3.6449016290215135e-23
1.0220329555308048e-08
0.0020302996313254773
1.1394597279141473e-19
1.1911915426688186e-06
3.2514792349128685e-17
2.0059554524741232e-11
7.085428919815264e-15
4.0754612226005636e-09
0.00046509938851559823
0.02735794675344838
8.44441774903391e-13
2.444730936750904e-06
2.9529440535194317e-05
1.1240438440130134e-23
1.4078368687018804e-21
0.03875281012547305
6.845270581175758e-08
3.1989779995714e-16
0.00022458029202609557
1.4037791248632753e-07
4.577699893199817e-21
4.306987752822619e-17
0.0004340588365856282
1.9067300570286432e-06
6.269504874251366e-23
0.0001341585196691597
8.345117818409833e-06
1.2847643548760976e-16
0.0005610323857791824
1.593177167077106e-06
2.2426329843771908e-23
7.6427302744282e-05
2.5376078289608416e-27
2.0187214167058682e-27
1.4029773644028137e-07
1.6406032966464063e-06
0.0015255384688429366
0.004000548200016607
1.6599970526095005e-10
2.0592077298800155e-07
4.870768381634667e-15
4.1945873134136735e-20
1.2523846955601455e-19
6.3139912955455625e-22
1.0235960477330244e-05
3.972757773287105e-22
9.646474229720564e-20
0.00015575556211099256
0.0003601024552776916
2.522098340061089e-05
0.0007290226663372451
2.1456042009848622e-17
6.687539298910518e-07
2.114201025607567e-05
3.7242739562153936e-05
0.0006914316763546276
6.317634943206901e-05
2.1211566493178634e-07
0.00447486733035421
0.0005687902998328595
4.789494836853982e-09
1.8268722329736684e-15
2.6214911941257072e-11
0.0014882751322407115
1.9259551607407743e-25
0.0010148893312479923
7.18822702261163e-17
0.004032637236608849
3.4411385157762985e-06
0.00011919159189039796
4.9404346089118684e-05
1.2473169093625955e-05
2.927116393350481e-09
1.5763107805827543e-25
0.005290630596883061
4.071269589982301e-16
1.6018223530890034e-05
5.6994676461549763e-05
0.0034302629192157845
5.779153788601128e-11
1.0959600415882163e-23
3.1152457970900335e-09
5.16069099512144e-21
2.1159545351852502e-05
1.1932891263507783e-05
0.003247346705012588
7.048342714363001e-22
8.680289259585509e-17
0.0024083950224966927
0.0028708706925820865
0.0017751314044847644
0.0032301026259945395
3.330464192831074e-18
1.1560689725951648e-21
3.2420522904064534e-15
4.405216180788234e-16
4.964462031679369e-06
4.782553872588367e-06
5.176611986404409e-06
0.0001293021327329597
1.7953691944430613e-23
2.9592881397360133e-18
7.890980461638e-06
1.8412510872953287e-07
2.0041110753021396e-15
1.4488053646802056e-09
3.2469724567749046e-07
1.2366574209311262e-20
1.816660716945421e-05
1.9054858064644597e-08
2.543752438330697e-05
8.186120229514907e-08
3.360064491909811e-05
0.00035923849712685835
2.2301709910134442e-10
0.0007057729938934748
4.0325233689667884e-19
0.0013402618869435626
1.5910934065742923e-34
1.7134772434263632e-10
1.4197654628175825e-07
2.880955083886895e-22
9.164583641832355e-08
7.980731414676205e-12
3.423282519391703e-05
9.335416800942188e-11
0.03845065474244547
0.0033788788412325854
2.1325458528286504e-05
6.74238957749459e-07
3.389273115724736e-08
0.0004903968956412527
0.0003577716016498582
0.0010732774504677856
4.658043006462187e-06
7.923779860063377e-05
1.1212221027743972e-18
0.21274069213654737
0.0008112472717003653
0.0002584517227321795
7.97986786484176e-21
9.9350077055224e-21
1.1563878564376438e-07
2.354415762062328e-20
0.003304440349755966
9.70058869371585e-58
9.727890917914419e-06
2.6286693655848952e-05
1.562964273088695e-08
3.157676307432709e-11
2.8847035367822773e-19
0.0029504769417028898
0.0006771128442790986
2.052917284716157e-12
1.8261826073237047e-09
0.01892631573145136
2.7350423766468782e-05
0.003157669162732052
6.99966655835251e-05
1.1000035137507781e-05
1.6964061746839068e-06
1.9868628532705755e-15
5.398794877187441e-05
0.0006921439717070266
1.7651387129554522e-07
4.233787797180112e-06
2.2689343039448803e-26
1.2195827006185857e-08
4.3975055203843306e-08
5.550219852319285e-27
0.0007852790418672595
0.0003216674412536531
8.432360837522753e-07
8.603033011572836e-13
8.375676551247624e-08
4.2430359047877454e-08
4.526401309434629e-06
9.893535509822665e-25
2.522644204110667e-06
6.464808227506926e-08
6.476671241356061e-06
6.97098512515556e-19
1.1095497629744047e-09
2.4861412967945826e-06
1.7467519255199748e-06
2.225423428542337e-10
0.0027507276265703318
2.3603292673925513e-25
0.0036254906327258807
0.0018817141601988993
8.136880642286366e-07
2.3241034738872174e-27
4.0311342181875465e-09
1.8534749060793463e-14
1.2059612822514717e-07
1.6052743060840412e-05
0.0003892249895926804
1.8354818211103204e-07
6.249187861817587e-07
1.7349856330295917e-06
5.7754985775766374e-27
9.452455886450901e-13
1.3290120562784396e-06
5.253234157378107e-18
1.7290871679299445e-07
0.0005277015210897115
1.8933135095817195e-13
3.0100378228468114e-22
7.517368523067084e-05
0.0023921735639630126
7.171116114497138e-20
4.4863447341291265e-19
0.0003071772015690389
4.420428101920513e-06
4.3359043383675405e-05
3.757177878542145e-28
0.005230912525466813
0.00458657305832566
0.001565937906845491
4.0820543394608083e-17
1.57205304330181e-10
1.5765671393866138e-27
0.0003517131439086038
0.00026335138917966613
1.764870921304066e-18
9.010674772873311e-10
1.3648466407979708e-19
2.684892400614142e-07
7.80873392147255e-05
8.875512406557794e-07
0.004346954071266174
1.5525180009558664e-07
0.0004863998936815441
9.191309009220392e-06
2.8622077290158544e-07
0.0002427354558445515
0.0010518230929050807
0.00032953025902034486
1.8565027778644583e-20
0.0013249119762368047
0.00011503518322786548
5.8438948096491726e-15
0.0001233241738295772
6.667006655398183e-17
1.1006434129983088e-10
0.0029415394950746965
5.243169414467017e-07
0.0005874524178432136
2.735859250613756e-05
2.483315978387582e-07
0.0017415169615210557
2.6047243249557733e-33
2.994782208699372e-19
0.005647445086478825
3.820609252231017e-11
0.00036010242134741285
3.072434840807184e-06
6.079111889940062e-08
7.914072516395596e-08
0.0021000585833150925
1.0836536601289355e-08
2.4189333774469595e-07
2.0686668468480455e-09
0.0031218782288351676
5.687426650338267e-05
9.681753986326557e-06
2.8977368920343402e-05
7.183886689526855e-30
1.4514984061891575e-05
1.4846655847502713e-16
6.779245386237598e-05
8.132493799489284e-21
0.0006126530300529266
0.0036893438111408883
1.5032294030073942e-16
1.840801534629375e-14
9.66463911467308e-08
0.00333538324695945
2.1660755045036072e-06
2.0260159442793054e-15
0.0519903537326227
7.867773330766958e-06
0.00028638072583946766
2.053228197634291e-21
2.2144738313634844e-30
1.4166443865121155e-07
0.0009907788655863017
0.00021582464612554877
1.0599733852152974e-24
1.8257767086719006e-10
0.005518015996810908
1.2672855783293898e-24
0.0010192490078897096
0.0014359092578868082
1.1349633616389978e-11
0.0029406978498128233
0.0005766586670073737
5.759449666528969e-05
3.0983548986545023e-13
1.011445920777125e-20
9.722442963657584e-05
5.582778047914912e-06
1.0300092426285774e-07
7.776218467015529e-05
1.2915196318392805e-06
0.04326342579126763
2.5118122098234813e-19
0.00012963963785333056
0.0009605827612128026
8.967547576121023e-34
6.0974473942356155e-05
9.020166578630214e-10
0.0012296020284041326
0.0011564198245144278
2.469639774138905e-07
1.048101476689694e-06
0.000263757487165589
8.720154135954109e-05
0.003406292787246412
4.029412144156314e-05
0.0002728787373359534
1.17642150272937e-18
1.1409374857700544e-14
3.3386331827661773e-06
1.7134868262094727e-18
5.938918455404519e-13
1.8346864301164217e-11
0.031173213462093452
1.0039757913494237e-23
1.259311641794947e-16
8.714300114216517e-06
3.4894088197321446e-07
3.949804984061734e-05
3.6772319237651287e-06
3.994343785803857e-25
1.1557488139142506e-24
0.0006919914173529954
0.001119253766377587
5.931299417569887e-25
5.12611622431281e-06
0.00022722633376194822
1.61908945575036e-05
1.8250579898317742e-13
1.3106529403069353e-07
0.0025091276032423726
4.828012286352501e-05
0.0005824776530156082
1.0756896871421144e-06
0.0020298860504865956
5.480569600068937e-07
6.1720113031433e-09
1.529532544976688e-06
3.1742802996457775e-16
1.3032717174026438e-31
1.6612936516837393e-05
6.757816761707247e-08
1.7293485049365278e-06
0.0005338989489612755
1.6088951044603643e-17
2.010812808670034e-13
1.232024872405967e-07
6.0478051753783e-06
5.788427061933219e-19
1.1883767950589763e-06
1.0554880717091137e-08
0.0008488666706647566
5.3450852600352364e-05
1.1362514781462498e-06
1.2079948553902501e-08
2.015337162097364e-15
6.483693946695641e-07
4.755867026831726e-06
1.2945639121214867e-07
9.974005852881674e-24
3.7035869806472596e-06
0.001287009851119389
2.3814788750922255e-06
0.020145420248472025
0.0007194523822138255
6.000224936879235e-26
0.004187693572227702
4.779599621419832e-06
2.7638208273025016e-08
0.004185871585153933
0.0006559541025066076
6.960748489833876e-28
0.0028665148161114012
9.505452493137836e-17
0.0005544732553058804
1.686659608280107e-09
2.671122951799876e-05
1.2249739861576979e-18
4.556553931646571e-41
4.034609271372758e-07
0.004312530431214323
6.174853267734422e-05
0.0015353767895771725
3.314225698902633e-25
0.0026903243086163764
1.0470426519874707e-08
6.772353532843919e-05
1.7953512812415293e-05
0.00012476697942602805
1.8899077192181423e-12
3.417942331921608e-06
0.03489469111975119
1.979524513350029e-06
0.0021226508353506257
3.583682940110685e-05
5.0677627118783527e-20
1.5308404472384784e-18
8.751298880362614e-08
3.983259313474519e-06
0.0001367837973809214
1.0892343766962493e-15
2.043169519379658e-05
0.0007853312386486011
1.0184911684276205e-07
0.015455427618194021
6.420616476161925e-20
3.8663025273029796e-06
1.8049065014594552e-22
1.550470473624474e-05
1.8172608522021697e-05
0.004760151464336809
1.3978172100454615e-21
2.514318660232999e-10
2.4518207142859705e-07
3.775447852509098e-09
4.820641554458383e-08
0.0015924446897585542
0.001366532821358626
0.022787788391227526
1.9473329301645615e-05
0.0013094732553279032
9.145207100116686e-06
5.4162609003487574e-05
8.032950836089772e-22
1.1009121996992025e-35
9.276061907366115e-16
8.087397749947445e-06
1.7819886144141208e-31
4.188138940210554e-05
1.5807562301710077e-24
8.265928192363083e-05
0.001357617748990958
3.342598359317253e-09
7.251861907312378e-06
5.973861671687781e-15
4.378888695313646e-06
6.212870261087143e-10
1.4323575551112634e-09
0.0030659297543339514
0.00020655304271281424
5.0844963947347e-05
0.0001272912222459021
1.783762346450595e-10
3.154075824443946e-23
4.877846204341245e-12
6.381328566457302e-05
5.859395633725411e-13
3.577469452763623e-09
6.831605766593161e-05
0.0017560617437581596
0.0006361184381655643
4.016141067280666e-18
1.1805206719325393e-05
4.439894606790318e-09
2.3527776060397335e-06
0.00035048487166577935
1.6351928687640422e-21
1.2069245271818774e-05
0.00034519682671366875
1.1488292607080997e-23
0.006041472536445215
6.36439413178427e-25
0.002552948697039703
8.628650736504514e-14
0.0006806254151054472
1.208137608176653e-15
1.5262341782166117e-06
0.019706118187795774
0.0652707663142813
0.000730793577241956
3.447958356501445e-06
0.0011455952095057026
4.151703213108464e-20
0.00011635912764886766
0.0011709709057587045
3.970776202137894e-07
0.0006484118871693187
2.160925806988152e-06
6.295479149385236e-05
0.00012419468312587273
8.345044907711756e-08
7.105562504173313e-12
4.824078418352802e-33
1.9719535132110784e-28
1.3939801739121995e-25
4.2718069119923197e-11
9.312011062353379e-32
2.72725719247832e-05
7.983678650412863e-10
1.015850056404855e-08
5.955238644081177e-07
6.421505874484014e-08
3.73486274730663e-06
2.6844273293637582e-09
3.469929671461036e-05
1.461488272395827e-08
0.0035671344198200117
0.0005270719848074687
0.0001551930749058863
2.4552291050724955e-26
4.328604131598176e-05
9.381443762620991e-17
2.0695351171915845e-06
0.06195523898098143
3.43683502785224e-21
5.347798721197361e-07
5.0420816081893404e-23
3.922272239849776e-05
0.0007825008785812132
3.0744594407071237e-12
0.0001269913753191342
0.0002581669788406793
0.002633777604296242
0.0004855605659338097
0.0034940306302760904
3.751624290255852e-08
6.79261138083324e-22
7.926564167083147e-20
1.1921748464989446e-07
4.1902884098871295e-08
0.000311751293807859
0.0014184621590997704
8.621966768268876e-07
8.861623806163642e-07
0.001029655747327822
0.0005085413104671775
2.006971409622965e-08
4.8205058977852464e-17
4.316268785543247e-23
0.000623383498923602
2.3427898148984827e-08
2.0587995076285574e-06
6.115064732706179e-09
1.8178774988096484e-10
1.0521321955942539e-14
1.7344625445475008e-05
7.649945811231103e-21
7.423922823594791e-07
0.0009066431262311353
0.00015536184481813528
8.16603995493553e-34
0.0004739001180758054
2.7425527519484393e-05
0.000570847961982382
5.768284109152425e-17
2.378985280579709e-05
0.000579401459273321
0.0016810772142660162
5.037262893100725e-05
2.0391562866661595e-13
0.0011302164935298245
1.3891519415128846e-16
0.0001248616743402907
3.921452871669583e-05
0.0011143659015767915
6.264563406237788e-09
1.3953289613502711e-28
7.08817259432743e-21
6.616305780221977e-06
0.0019770463426982314
5.91995790691221e-27
3.61028368410621e-06
7.805618559284013e-05
2.7855595671597954e-11
1.0324963252798032e-08
0.0006704541127684249
5.3952786210238746e-05
2.2391720441250077e-09
1.3135491236812957e-21
0.03154974227700773
1.9911853134545803e-05
3.8969892750253695e-24
2.6666875917962296e-19
0.00014058801754541703
1.8342394088984612e-05
1.0124617944065706e-09
9.780515568511383e-14
6.088772361887635e-05
1.853008633659868e-09
1.105656526532753e-23
1.626571583282468e-06
3.0282261214079623e-21
2.39647732031288e-06
9.017593457030261e-07
7.749857214501395e-07
4.44939547084874e-06
1.9154365208634927e-14
6.130579639689866e-08
0.0003395842163375438
1.7548070069044513e-08
0.0023926663500680317
3.3482275555925554e-25
3.727613384445348e-20
7.394104263837305e-06
5.510623966581402e-07
5.111329946813335e-05
1.9904784192448006e-05
0.001096784960541372
3.32482465980422e-09
1.8781580842508465e-05
0.0004752901689302272
3.223381582095682e-22
1.072062670193991e-05
0.0020827665936160866
0.006464312750649568
0.00013048469613675777
0.0013556548222585507
3.433860708737476e-28
1.5390024638346318e-28
9.46164474686468e-14
0.0019664724875367227
0.02025747712668524
0.001180715021356818
4.7183894132275936e-06
7.67874790174822e-20
1.538983399377667e-20
1.646296938810997e-20
5.258723513236227e-26
1.5364095553529136e-12
1.2056683592026998e-08
0.0032682637188003183
5.086825742212797e-05
0.00023562087394304014
4.038747245131202e-14
1.1347114674611415e-10
2.3670362664499233e-05
8.872741825384421e-08
1.2087969421021052e-05
5.723790580606829e-05
0.0025256610995776363
0.0001453673748669261
1.3138911032401782e-26
7.468499588656899e-09
1.5230057259612608e-12
0.00042639020935023334
3.355009552043215e-07
2.444843052300435e-07
3.6272096818875515e-11
5.349664461439177e-27
1.4885444818744749e-13
1.0710866613725223e-05
6.372545869868638e-25
3.611069570573489e-14
2.6514254547805764e-07
0.00016631427236658922
0.0018894230577361365
2.332874708086457e-10
1.2776638761984998e-27
2.9897542867348223e-16
5.290580402745937e-07
5.240207693003354e-08
1.342086251071905e-07
0.0005559029524868087
2.8120727653018284e-07
6.420510413927246e-26
9.468292334811307e-17
1.9384072114759945e-45
7.512264931773588e-05
6.787933611888509e-23
0.0007491218790708215
0.002594311728555454
0.0008061003251289666
0.004279104007008854
3.0470893617816014e-18
0.04384183612105974
1.3714006201911436e-05
2.0967782772161496e-10
2.8452577773903694e-08
8.69477545089431e-10
2.2518446774536102e-09
0.000942690803203472
1.4401190692954386e-09
4.93617477633938e-21
1.7864806758588939e-07
7.404938197898151e-05
3.1003553234472773e-24
0.016776595771824665
7.186080438186227e-15
1.605396599651563e-05
2.074105445375189e-11
0.0001435545173391086
0.13876987533289312
8.579295659614626e-22
7.623764935917738e-07
4.20552167270356e-08
0.0005603608801870961
0.0029780739202093787
1.4221015544604289e-08
1.5129070166262268e-37
3.1712433969541594e-07
1.1938587714600149e-28
0.0002585310941669288
0.002304754998338862
9.896482318405069e-06
1.285814385250233e-19
0.00014484303976407349
2.4459202143976973e-18
1.1505982558416996e-22
8.57994246167422e-09
1.0696496461698934e-06
6.019959706187024e-16
1.2996634929131231e-08
2.8367704982468732e-05
5.549733954980509e-20
3.963122223224183e-07
8.095820296764512e-22
0.0001967802481943736
4.238135314405312e-06
0.0003336946020519767
1.2117935724588186e-19
1.3659092870838342e-05
8.911911516333716e-07
2.914838254914295e-06
1.3914594323377385e-05
3.579043941257102e-14
4.464397105967931e-05
9.425656041628012e-21
7.083344280600858e-19
1.9328547462986831e-19
1.7415049947528883e-09
3.3532607613522827e-06
0.0013435844465383706
3.015102053281488e-05
0.01936494866773031
2.082982849532434e-09
3.0448913338271022e-18
8.150013266688186e-26
0.017557188539963145
5.833573160863318e-10
0.003119592132521748
2.8568954899325702e-24
3.24842307187658e-11
2.969316667631344e-26
2.207961101356779e-08
4.401091949174303e-06
2.5319828499531776e-05
5.538942710810904e-07
3.3032502779143474e-07
0.003654536513246043
1.7301154543012556e-06
3.469040361381667e-26
6.2406971320195235e-30
0.05095782621311825
3.7522040772067933e-34
2.6339083697274385e-07
5.231746174060323e-07
1.1071268852646722e-19
3.148791349507448e-28
3.696793447950161e-07
6.700461214320666e-06
2.4209040875564097e-06
0.004070075837049325
1.608378257161162e-05
0.002766154186121514
0.0006345094000385909
4.0103862484044264e-07
7.455708130481525e-08
0.0026500146939789637
3.383449534715179e-15
6.014458428750714e-05
0.005024537790904948
6.662142933699429e-06
0.0012238609966937347
2.524478236226455e-12
0.0005697393048976693
1.1885020984682352e-07
0.0008141215467565056
3.430442640285592e-17
0.006061950539526184
2.689563204158025e-25
3.0272865860475947e-05
7.528747783769128e-10
6.566506041481408e-19
0.0011419642249624051
3.2672691729338273e-10
3.928745270909382e-24
4.1829476678380705e-09
1.1349543236001868e-05
1.5514179154605543e-05
7.560345294800526e-22
0.00019669156364636453
1.2933354473291567e-24
1.2286975737377984e-05
0.02765578089716126
5.946028836315877e-06
6.163280780488436e-06
0.00010551150347024377
2.4825793886089913e-11
3.618911379028322e-08
0.0004678879083023363
0.0006865639543511895
0.003276414063776545
1.6960183628159723e-06
9.590452394261652e-20
1.462840018705205e-05
0.0017151154578159272
0.00018504425023964377
1.893363783713635e-08
1.229538041721589e-22
3.0343053367453696e-17
0.00035725924459427405
8.631054866010797e-22
0.21898396235266304
2.227823554172341e-19
7.665653275245527e-12
2.6786229833516987e-08
6.345060183117962e-28
1.1949923632512734e-05
2.591601972354776e-15
0.00012180212095994453
0.0003820420733048665
1.8608419088008973e-16
0.00022875201594717634
0.0044654986364885815
7.007035965369355e-22
1.1229014819485595e-20
0.00036010242134741285
6.246096273253965e-33
1.2692997333642318e-06
6.934025511989003e-13
0.00361704591933798
0.0012350341724471497
0.00011595023985443982
4.145434905625037e-11
5.727158444596624e-06
9.141355841917416e-07
1.2368677441481606e-25
0.0012492166762187937
6.746729484739373e-11
0.00013499606056377876
0.0008842623428729421
3.1696886569171953e-09
0.0019514860628507824
1.7952059843259047e-09
1.9047667317937578e-05
4.8827108968181693e-23
0.0002993816377970873
7.620814285879136e-06
7.586265818649438e-08
2.348216124716412e-09
2.6793592879992855e-07
1.3590628256939326e-06
3.276799657453755e-21
9.176128510616631e-07
3.883533072852625e-05
9.213559235878131e-07
0.0016668807342856001
6.161374948927476e-05
2.319603584087815e-23
7.134582386906926e-15
0.0043581991891668
1.763138213300849e-08
0.0013445737629296517
0.0010918060871041955
9.411173913881413e-10
2.0794408721432786e-08
0.00015354833419470998
4.82685370591341e-06
9.769782129917525e-30
4.570723768600703e-05
0.001578891256943514
5.154526104888025e-09
1.938423608163141e-34
1.404435479812144e-05
1.6712686883932218e-05
6.879167140382995e-07
1.0781169347393024e-05
1.0164214911172506e-25
6.89750458571379e-05
1.4911746700536297e-16
1.78829498731125e-05
6.216261653235585e-06
5.439460022747109e-05
0.001405158175096094
8.059549762916409e-32
3.342268602346417e-11
1.1163706397074179e-34
1.4588129273493917e-06
7.121695282625557e-06
8.087770564044966e-09
1.1207450925518178e-26
1.0704772265784134e-21
2.2258745449679884e-16
1.0229066668676101e-20
8.743473112271108e-18
8.300417794278143e-10
0.003695603383347179
1.3463919899770854e-09
3.407984094372885e-10
6.6263348967025754e-18
2.426319273428069e-09
9.58461489841531e-14
1.9282848490495857e-27
4.2887175736166197e-26
6.992196626093997e-24
0.0010229735396166742
8.480747253958652e-05
1.2795443697790655e-05
6.075009004263658e-13
2.797058511649306e-20
0.00021533178851624872
9.082881883819283e-05
8.948634275364714e-19
3.72948420441203e-06
1.3468324316947003e-12
3.5740161414716716e-09
0.0001178393140488382
0.0002890661948879575
3.0399375301880234e-06
6.9944656111501065e-06
1.4764579779404617e-27
0.0009537900877131245
4.684274660782386e-07
0.0016708263604045953
2.2920763885639247e-05
7.382771150361212e-08
1.1998311343453166e-05
1.1233329661513089e-15
1.420045090611114e-05
5.748322165060018e-08
8.60040932648835e-34
3.9407840193101113e-19
0.0006286653427869382
9.442897578166452e-19
0.0012300221884955602
0.01065875018998308
7.856296776710961e-06
2.058449541784857e-06
3.955872526499151e-06
8.484331730529802e-06
1.9868628532705755e-15
0.0004154094433785737
0.0008667487336227672
7.253849565683201e-05
6.319944646067286e-23
5.120383353264459e-07
2.1420467042489567e-08
4.118528880832584e-27
3.3463617554717894e-22
0.0009594862486176081
2.3849441586547106e-23
3.4102166133461476e-07
3.636370890528064e-17
4.424590954552745e-22
3.611069570573489e-14
1.1339752961121929e-05
2.5406894920270223e-07
1.6651729873972758e-11
9.699329303828895e-08
1.0794704128364618e-36
7.096401234433938e-18
1.3915838273345084e-17
2.36705744587907e-06
1.6351677786524497e-16
1.702864010533481e-06
1.8092115144273272e-05
1.410181750361514e-19
2.637938865548878e-19
6.394366710053065e-18
0.000644706032642918
0.002573968867909393
1.3978070678107243e-15
6.231118721448781e-08
8.577803919133928e-06
0.00010399234008554045
5.797469056099177e-06
4.419396761110422e-19
2.076272045734557e-28
0.0023449557603485312
5.145843079495755e-07
3.462595445743815e-08
4.6725450624551275e-05
2.635984552953037e-16
2.62696235485674e-23
0.0026767491142239692
8.934009331937137e-16
0.0008881293503930562
2.2108324725111234e-05
3.397963149732311e-37
3.2719208691563617e-12
9.67715190839432e-07
8.397609212822167e-05
6.035548004615844e-06
0.0005017163026173783
4.03653770114993e-06
0.1997501527371437
2.399495709348348e-05
1.514774882771632e-26
1.3384872952607216e-25
3.7931359560260416e-14
1.759923540619667e-19
0.022567803292198985
2.6681120099376984e-18
4.2694829417474897e-20
0.0010962027695295882
6.586199653558268e-26
2.3657545488150566e-20
3.5867738734149985e-35
4.956154199539265e-16
0.003919993719756535
2.596285290546837e-05
0.001049820676245726
0.00041911154231451253
3.3649525555978296e-26
1.0883848689118546e-10
0.07020249339320994
0.2378841235813033
1.2892922413465235e-09
3.799608243776091e-33
0.009175774836299722
0.000734486254639774
0.0020302996313254773
1.4100966758274995e-06
0.0013872908849892757
2.0692969332124214e-28
3.274766762493829e-11
0.003965059155435463
2.3669691804393818e-06
6.784236681814724e-19
5.265778606591189e-05
1.3064031791729094e-05
3.140255883820149e-09
6.171092599667442e-07
1.231369868896363e-06
5.360185423117225e-05
6.851367023723088e-15
0.00021338357957000891
2.5869189178262196e-05
0.0009146304810826392
2.098689301906405e-27
8.85829648612462e-07
8.605914495854466e-30
0.0004784401025058789
3.838849113890763e-05
0.00032881588530409706
2.566463489806225e-14
1.8510154702828724e-22
3.936085517506637e-19
4.235126405987073e-09
1.828446621212749e-06
1.6734338135248577e-05
7.546399037649094e-10
6.953091647411391e-21
1.1223045500814288e-13
1.096686652354528e-06
1.550502965203472e-07
7.745198925891807e-21
1.0316842794630095e-29
3.4326575373031484e-13
4.716373995146524e-21
2.3820952641651387e-19
1.8100665301711166e-13
0.03869284135281914
3.593092561811182e-30
1.0885780898238408e-05
1.1636409624406974e-08
4.591793343194645e-12
0.08536372857618746
0.00015326351439590505
1.6492256247379165e-05
4.6743630376976875e-24
6.747684175643513e-17
8.276830469931747e-06
9.249062848862288e-05
4.960815689072543e-26
1.8876922978911598e-07
1.0850358670490292e-05
0.0012441397284984623
9.227987794943849e-16
7.309586436967417e-19
4.936410793183368e-18
1.0833671125040793e-09
2.8948297751612775e-05
1.506270392024043e-17
2.6576619695453053e-32
4.0658270395113365e-06
1.749991547918501e-26
1.1965001114654212e-19
4.025745641874769e-18
8.109418346442091e-06
4.7717717025033815e-31
1.4972260151334104e-05
1.2513931260449928e-19
4.676697393153203e-10
0.0099110860024203
6.261051546193588e-05
5.313781296482354e-06
3.583663044101986e-10
0.00021470753639762225
0.002925673400518517
0.0030011277867038333
3.3752636921016733e-37
9.649155921517324e-05
2.1741590222365425e-05
5.231134959787629e-22
0.0020590802493308247
2.9433643037837663e-08
0.000868152568460373
4.031133305302325e-09
0.00481006045268545
0.00023658665728183703
2.808030893763784e-30
2.4927673157333387e-15
3.0087593958703078e-15
1.6616418938235344e-05
2.1390527566398505e-06
0.016409094200753316
1.1353249048595377e-09
0.0052679552964325915
9.453286214906112e-08
1.8536088359693843e-05
1.2703201598567154e-07
1.3798511990561177e-28
3.0570278531545724e-23
3.18783380765102e-14
5.2596193052071964e-05
6.770392255586707e-14
1.773996503640214e-28
0.0013523268240323016
9.468722122582155e-21
3.8377259728157395e-09
0.0016203512067415604
5.414337403750221e-21
0.0010079071001734274
2.816056688911047e-05
8.73246748027462e-06
0.004884508884887007
3.839814540649848e-18
1.0217845082998921e-05
5.112284489826045e-19
0.00014392240589917657
8.079514406905662e-08
0.0015801182776591788
7.715455086878575e-31
0.0007024164219484597
5.076423818391119e-06
8.845036003041771e-23
0.00220213501063099
0.0009048313347825854
1.8106571747266285e-07
4.0731842875968075e-10
0.00386871557112603
0.004071147271140774
5.637289563421401e-05
4.366583679174091e-19
6.511930390797508e-07
9.27946038769913e-09
3.0305933243794394e-09
4.868341838017475e-09
1.3232538369717254e-05
2.5599161430513125e-06
9.065748523843897e-05
2.9877683720543486e-07
7.683268251269217e-14
0.06038507658884933
1.5787763503408566e-09
1.2308379804039712e-09
1.8235513945328912e-05
0.0033144542614711447
1.3456823168589515e-07
3.9888471166205424e-19
3.4870784672054394e-10
2.7298914747755907e-05
4.295571754501586e-16
1.4586387836289533e-05
1.6405774487131902e-18
0.0011019917654462238
1.2640696222748033e-05
0.003050469599038333
3.446168060779203e-19
0.012948331885327957
0.0009520301444612897
0.0003295281400245986
7.090911059799161e-18
0.002775991652076426
0.013156317102087043
1.9934904318185872e-20
7.200130743555013e-06
0.00042918064888850666
4.972056232058744e-23
2.689305132874034e-19
0.00232481144916058
1.2498669257977918e-07
0.006868035583646126
9.183284481089531e-05
4.095726714762249e-06
4.26460891224207e-07
0.0025555083485261088
0.007692115810153499
2.7792887813869027e-06
3.1088507500820344e-31
5.287875883332577e-07
0.00024528717728952926
6.03666814503508e-09
1.0607028265492107e-24
1.9877865200642138e-05
7.407728448555725e-07
0.0014518638932270456
0.0009544070932668708
5.569644825667779e-12
3.930171075022283e-05
0.003822610575669877
8.993732896774888e-05
4.634254565995162e-11
0.0012503571665508847
1.889750479153836e-05
4.174147520633167e-25
0.0007676537482908116
4.810471356514684e-05
3.6966418523000347e-26
1.2354990662232655e-08
1.260507977588166e-20
1.5927643469704013e-07
4.266172609050922e-22
1.8635714613856272e-08
1.9502086013438306e-27
1.0027964528015546e-05
9.035353746850612e-08
7.789603682876427e-22
7.305379022208788e-27
4.0585375753382743e-16
2.440676056394648e-07
7.847399420127966e-05
1.256747198817202e-18
0.0009122649919361403
4.614918479230051e-21
3.800881920835938e-41
1.3550063099188248e-22
1.494918063590354e-11
4.426753280464401e-08
6.661102411677824e-05
7.441944092603203e-09
0.0061015856499413434
1.3670827383055092e-06
1.0664949250269104e-07
4.713609034080237e-06
7.670467630593117e-08
7.103522184215623e-06
1.883190761975079e-05
3.750240816038938e-08
5.829878068665044e-18
8.18101864857473e-16
9.51974124225885e-15
0.0002117560726067495
2.3577697311812732e-18
1.3606740429900879e-19
2.050327980350048e-12
1.396294836512592e-22
4.206181299563265e-09
1.4474875801165051e-10
1.8713980913328613e-31
8.541625041973144e-05
1.5879579448050021e-21
0.010061315313257158
5.397319005280271e-10
4.287802202043014e-11
1.1767437821949246e-06
7.2069041527536884e-06
3.831676702231692e-06
0.0029047722841755996
1.985882118194273e-08
0.01050141899722623
1.1452176755514711e-05
0.029604778414755728
0.040504738898976544
0.00036867785068056026
0.001259181962496185
1.2494083151511128e-05
6.310689827367076e-07
1.7193552235925984e-05
2.2214272448026655e-05
7.586625340492038e-31
2.901991688714666e-06
0.0007381466608085674
3.827285484844821e-05
0.00024812193767105584
2.3161572102904576e-07
8.991476826160274e-09
0.0706107257813362
1.2121527664674534e-33
2.4874778200532345e-28
1.3700616781082166e-08
8.648056491574411e-06
0.0005009330896324761
0.0751007934900354
2.3679650157421308e-14
2.5427780226075347e-25
0.0001599880263836956
2.892747869561772e-07
9.207228048615792e-08
0.0012429859085843764
0.0008828039406538757
1.482748776544818e-14
5.558130910959179e-06
5.478069085600315e-05
1.7066925894703725e-29
1.1056815557001995e-16
1.7602344425313413e-06
6.455158342057113e-08
1.0078392383725847e-08
0.002178648242850577
8.448738328158511e-07
0.000133849176987117
1.672173395728099e-23
1.429600549082784e-09
0.0002455450385950835
3.031750641997402e-06
4.017564821231331e-06
1.5851843451634946e-05
3.424597625541916e-18
1.5749475614796773e-26
0.004285599360482839
6.4766926594514005e-19
0.003490531835280919
3.3045842323924275e-18
1.3848801512427637e-07
3.863643085807024e-05
1.0546184693384842e-05
0.0473372500835223
2.8172852359626832e-08
0.0011800019757806507
0.0008414444021064005
9.967058325380139e-20
0.0005660348425980642
2.507384089625431e-06
9.902799500510527e-05
2.464095970396465e-07
8.86053351589365e-23
3.2535260264715694e-18
1.7164571955398053e-12
2.2042521529149705e-07
1.0105157005938848e-05
1.9169766770317187e-08
1.710814430424857e-25
5.694884616991655e-06
2.86508358923818e-05
0.0006467156249782931
3.00281276735413e-06
0.00028902878921681856
6.928466893406995e-08
0.00446386501832563
4.3717551837136195e-20
0.0008307418865481503
1.0043084346025963e-06
0.00025216722202264785
0.0026173058080790346
5.759835035133595e-20
1.148449819661573e-06
1.4991835521270696e-06
0.002369592427593381
8.416579444270429e-08
1.6470006067459797e-06
1.2366243360134711e-06
4.3762468214770134e-24
3.009141472771337e-23
0.0416936658942304
0.0030407850192006583
0.0010332328829935344
1.0607133898625655e-32
2.407725512967547e-15
0.00014832045424663376
4.8261927036309535e-08
1.237655299356046e-19
0.002336999032067355
0.005459233170743816
0.0002191637903442567
1.0697895066392459e-20
7.241006842002488e-12
0.0004322021051302756
1.8640922055050074e-11
7.590152177320799e-08
1.2005306649010093e-15
0.0007680576919029611
0.0009020575578728202
3.91102754150728e-05
1.0017634800978364e-29
1.9515091592225445e-09
5.1133049739209416e-08
1.3119932311892931e-14
1.582149772230498e-08
1.1940964567855087e-06
9.992169257330199e-16
1.243127637562454e-10
0.002486400101103514
4.681278246512355e-22
1.745716027690571e-18
6.920549853960404e-21
2.0882326428596745e-20
1.318139916433685e-09
3.2970426115255757e-21
0.00020544801953374311
1.5244926254483908e-21
1.4316940277888507e-06
1.1364711871708089e-18
0.0010992615230409758
0.00031923081102339795
1.1765517785021685e-09
1.2361497435279178e-05
0.0010568047439360878
4.318399413532076e-18
4.492890559264053e-25
2.7560065271205883e-21
2.338973205247056e-07
5.726201977904256e-25
0.0026481206423163983
7.506106043704205e-05
2.96705118742065e-17
1.6476596574259254e-05
0.00030442139050635905
7.718647504939398e-10
0.0002421481950073169
8.327740936072295e-10
0.0001142056730980355
2.904212638283049e-09
1.1890907328637597e-05
1.894616193202515e-18
3.323431718436314e-18
1.6410466013978448e-07
3.03664793408424e-05
2.3132456433648076e-06
1.788787280727835e-16
3.304858877688985e-06
4.86747736791859e-06
3.5029509488383742e-09
2.9506949488163113e-05
0.00027089704879653016
1.0866147615748149e-07
2.6512310297063656e-15
0.0006621070010978808
1.7398363097511725e-09
7.435032234936745e-11
5.043628334211849e-06
3.068204089577437e-05
0.0007607828203077885
4.999736087549986e-07
8.997664252576064e-08
0.0010068157101304446
0.0005806427632770242
1.0781028897283633e-07
1.39585584340646e-44
0.00032803694865491534
1.0297234746900828e-22
1.3239814807745973e-05
0.002140666068109004
3.628010160935026e-16
4.54759343003921e-17
2.743066708182673e-14
0.00027903799204515023
6.030995808003904e-06
1.7942797727809898e-19
6.832962073013555e-10
0.0006820537563969747
4.065016117265991e-07
1.1032679319495193e-11
3.168530939461696e-05
1.2697617668759317e-19
7.220961171996013e-05
0.00045415887270717006
0.00013737452926178718
2.8879200901900804e-08
9.462708327445941e-06
6.383891585278192e-26
0.00019517056423154489
7.592784270569005e-06
6.888663362328046e-06
3.5401537003736714e-09
4.777841861758681e-07
1.1435372937016218e-05
0.002976161502606725
3.4028157599765327e-09
2.6724623035486744e-21
1.54582927341704e-16
0.01868495972099149
9.304349041424103e-07
1.555377583220927e-26
3.3697440046514015e-08
2.3715685171490023e-06
0.0033920126431683517
1.5101557182380749e-25
2.4379184349903986e-05
2.351773813553034e-08
6.769632801919648e-07
8.814066412443122e-06
0.000510942051418696
4.798009893411818e-20
1.5682903797789203e-05
2.296151136519368e-09
2.6763864858807316e-06
2.0317674744148742e-38
0.0009289823503802891
0.0006416415771479528
6.696012662769285e-05
3.0990529830492047e-07
3.50728911860675e-24
5.984106751012729e-12
0.0021438319442929066
7.726434900837673e-06
1.475969691362328e-06
1.843722242593574e-30
7.132675255464673e-05
0.11744172471204628
0.0035308126177184818
6.134028085222978e-09
2.6314612497183806e-05
0.0016364779192583612
3.19854946570875e-05
0.03530285475813022
5.970268456059452e-05
2.885412859682173e-05
1.2571337860946162e-05
6.736742795262852e-09
3.8318665742008267e-10
0.0005701132433082211
0.00014863154631588292
1.993395037598561e-09
3.433703054808217e-11
2.413724397739088e-08
0.00013509525629428558
2.29910458988621e-07
2.86403382319123e-20
2.065689126618825e-06
3.302611617980565e-08
1.3014368897442068e-06
5.511904993081342e-08
1.3509535561398688e-05
0.00015768934540027
2.5709525854607316e-06
0.05379521796167543
0.00018221032668684688
1.7701365416689557e-10
0.008683069648178776
1.4390772065324916e-10
4.66256058352497e-10
0.0006639534309688111
3.999771238894905e-06
3.1833427209255593e-06
5.042665022741274e-08
3.263488982606597e-05
7.677064151542434e-06
0.00017051378539762995
0.0008463085003552126
0.003925128650293069
4.916911059911398e-06
4.036713928638765e-05
5.6880627015224466e-08
4.865991178972529e-10
6.323125083880156e-06
1.29908331037943e-11
3.4516283937339044e-08
3.212031161718804e-05
0.004545838650681422
1.1530850265878258e-09
0.0006525144670415459
1.1740652960790237e-05
0.007119721037965765
0.04097020215195535
5.808931172660844e-07
8.42277359139158e-23
1.1021817470294325e-17
1.0334505059599598e-10
0.00028022936028589807
1.466561604278164e-13
0.06073056849573628
4.504019391526387e-06
0.0007249038876350894
3.763339475378456e-16
8.275585622963568e-16
0.00012637936245801155
1.00370170707232e-08
1.9122259894884107e-24
1.896315361624925e-24
0.00024241607673283934
1.3926915744689441e-13
1.8311907168694604e-18
6.841625070596149e-07
4.437418088013139e-06
0.0002900513922977667
1.331808597974826e-10
1.5501350778868946e-06
7.007880754986669e-05
3.066197317399414e-23
7.246196568834552e-05
0.0009283361493003794
2.6556474855702586e-08
2.0219552244433884e-13
1.7134862929814816e-18
0.0015848355299844519
1.99090875649221e-08
0.0008774830249922844
7.886417381266686e-09
2.0565579345034194e-20
4.887680458377431e-19
5.407202072326543e-05
1.2129545802691703e-09
8.790174445675849e-19
4.1473237278836873e-19
1.60002484172562e-29
4.1977909236102975e-07
0.03171754673374316
9.587211409274621e-06
6.377619338230604e-30
7.0936001040051856e-15
5.8464911432770725e-06
0.0003889815639174961
1.871580210468628e-09
0.0003125031030205942
2.4325920831334654e-05
2.0509293995377723e-20
1.5805958493217908e-20
0.00538421693596236
5.756348946254941e-23
7.384120128693338e-22
1.8930267214897968e-05
0.0003659010276437901
8.793535112927637e-18
4.580791025574963e-06
1.7250568299439713e-07
1.2960831392533324e-24
7.569625469772747e-23
6.938851309555985e-05
2.2441431114906914e-26
1.885785076289278e-06
9.203743689267911e-08
6.834608941623197e-26
1.0683351585073795e-09
2.201077547216526e-14
0.0030558150254858807
3.332394594568054e-05
8.472241840023398e-11
1.397953615500854e-10
1.2821187537443968e-06
1.4687063590096615e-22
0.0003601024552776916
0.000898405125968546
1.58648323100058e-18
7.133062365892731e-18
8.057623605491949e-14
9.08499796561636e-07
1.3799641288767685e-19
0.0038619047480488444
9.814440815213633e-31
6.961942302937687e-24
6.0206319121547255e-05
1.896359477905466e-23
7.515811103081544e-07
0.0014577193197708171
7.796360135734921e-07
2.1266742844622074e-05
1.828348218261771e-12
0.0009297428861381185
3.7554358084691794e-32
0.00029909518146369507
1.0787243466978956e-24
6.457691049135222e-25
5.158802238034533e-05
1.0893686857897533e-12
0.0017422798767885161
6.70126341952267e-11
0.03750409744919635
1.3637267262412458e-10
2.995131260614669e-06
1.3518372045266413e-23
1.2362623668633712e-18
0.0012069913024644776
0.0002405291494071704
2.8934162368331587e-19
5.120790583729997e-18
0.0007031514384911265
0.00020365480520827782
0.00017867308643198035
0.0002305998815398488
5.034109788969881e-05
6.066506056117662e-06
0.0001457967965828623
3.069653748996481e-08
7.403849642807416e-11
0.0006006584545294015
1.7753949854414308e-10
7.171373068229332e-09
0.001220971958344183
0.00046718430746045536
2.82110054392741e-05
1.4957824142582935e-23
2.123433825194433e-18
5.25299578568535e-18
9.618220947790472e-09
0.0004033210061900813
4.522370916396313e-19
7.582929775741643e-26
0.004656417211135752
9.690792252418344e-11
6.0081658674330705e-06
0.0031811979205858265
0.0025136221005052084
1.2770050893409212e-10
6.4435586038077e-06
0.0006763259368333836
3.3247659769500493e-06
0.0002123321785895325
0.0027638121278848182
4.963883830507467e-09
6.254508686748567e-16
9.345985898502544e-10
6.912403660023305e-23
5.454935312289329e-07
0.001826529810063926
3.174531371936027e-06
2.7303739680997462e-12
0.00019369837117118316
7.472556530123409e-05
0.00022632428845749397
0.0001555112253462692
0.0005180836107942129
5.724292742646861e-07
0.0014917458546280377
3.951220545658776e-24
0.04448848651252835
2.7102615073219555e-05
0.004199113844337299
2.9134703956099556e-09
1.0112864114516947e-17
2.7548355542568135e-06
2.205518656586158e-19
1.9650812741981472e-09
1.1358167948243922e-12
2.7688494475586196e-17
1.231109432876054e-06
8.774894971930594e-09
1.7804113595656846e-09
1.6143942666955779e-06
0.001450553139079373
2.0809935693681823e-29
1.99913898388123e-07
8.727430550743002e-07
0.0012527736334298212
5.232265247167664e-19
3.994384397555576e-09
1.1766639944852849e-05
1.757334145943701e-05
2.3026692245038038e-07
2.8051807294003394e-20
5.322540543134871e-05
0.00043240877767601604
9.77202480546396e-25
6.340898704732124e-05
0.0006799572511258095
1.1564222339061114e-34
2.0371495240919366e-06
0.00012824203568895416
3.4967847521628384e-05
0.0008503891638069194
0.00033192053235656105
2.3167452588783894e-05
5.2584988227581835e-05
7.761115874667986e-21
0.0028834883101811204
2.528940851735192e-06
9.476342574217865e-05
3.510101806113641e-06
1.7727791112666306e-06
0.0006990268638764586
5.885670700250845e-05
6.592832644068668e-07
8.410657962868318e-05
2.5435513153506184e-21
4.3987917937664685e-08
3.6823509695083226e-28
0.004012472295102765
2.1237134426007205e-24
7.904318670015299e-07
2.7617846478440552e-08
1.3375073435851285e-19
1.1819891848959362e-05
0.00021687514732824438
4.754637146632474e-05
4.536884252944129e-06
3.1794548794349846e-06
7.650500290980358e-05
8.06810202908295e-20
6.491728346533112e-06
0.0003111218244350178
0.0602441819660579
1.0872811676196608e-07
1.2938702813624453e-06
4.294619825760328e-22
4.190948896015098e-06
8.242479265256644e-10
2.3317011966930827e-06
1.9843230282594566e-07
1.571013709299763e-09
0.004449272469488964
4.7596786719469345e-05
1.1630430377797367e-06
3.4231130558453603e-07
4.400594966316366e-06
1.3244059442689409e-17
0.0007205116575000819
9.078395332778205e-10
4.7015921326050985e-09
1.4248979853149674e-14
5.733712317680863e-08
7.997648462549771e-13
0.008287831134226542
0.0013338085044420356
2.2231934715775038e-10
4.60192964064914e-06
2.8906497986352225e-05
3.1527470008836426e-26
1.4834813147838425e-23
1.1654726467245945e-06
8.505961995360196e-08
1.8364733503928107e-12
1.3668614749979972e-07
2.4537638009329465e-17
2.021795149055808e-07
6.4678207005667864e-06
1.1983005330033034e-06
0.0011376569224215427
0.0005158005206116201
2.5190417796883643e-23
5.3108279621824835e-24
7.636802620858018e-46
1.85288794143542e-06
3.77502044209482e-11
4.109378105783478e-21
0.000352118331450213
1.0852010218891068e-22
4.431116889575982e-05
0.00027987953356878315
4.432939761125959e-08
0.04814401535368251
6.94994223826665e-27
0.00025373109743674627
0.0003584375174658962
0.005065275189980012
3.762839825564415e-17
2.671241677287185e-19
0.0086528339426869
2.7029504447619505e-22
4.078394426830496e-15
4.541185979746322e-31
7.490090394770338e-09
0.00017435953389012548
2.9697881351495625e-08
0.00124522848044685
2.948947731132013e-05
1.4452267967758766e-40
5.676977887256281e-18
0.005606058457396479
4.537031439223079e-20
1.7560597935975987e-07
0.002888752546108264
1.8650305622619694e-17
1.3048123488835873e-15
3.873116859325707e-31
0.0017299129940283875
7.853820280897475e-06
0.0007001993216227131
7.011443933697713e-17
3.9677032877901435e-07
5.6787243694217905e-25
0.00036329591750117147
0.00236255918746979
7.886258134100436e-12
0.0006415768532190801
0.00012436028532453267
6.005765494739562e-05
0.055417369056692145
2.4191354901103093e-05
2.932984401793955e-05
4.144544129489856e-25
6.702684319306741e-06
1.6835090857742588e-05
4.1178839143301834e-39
1.2230056198502662e-10
6.893082182221436e-16
5.992915793513471e-06
3.548521509940518e-20
0.004970177861421926
0.0006850867526473486
1.2538275030062304e-21
6.370296454256617e-07
1.6430570878556834e-18
2.898559005227627e-06
0.0014153747716311726
5.863866508361044e-06
5.142426637520206e-06
0.0007820279773900762
0.0022911571781118467
0.01237368894262958
3.8431353517492924e-11
0.06259184955646276
0.00010736324328646555
5.1576600698218236e-08
5.870283814265488e-07
0.004566994733105623
6.57792151298381e-24
4.596899654809852e-08
7.502413932428011e-06
8.741008631345944e-05
5.400896942661659e-06
4.565230937057071e-08
3.9556350884217167e-10
2.4730483242904205e-19
0.00025611006332643127
1.601804161987978e-13
5.633733438478774e-22
7.331634467581614e-21
2.0836295404394297e-14
3.4060690599902374e-05
7.53978104619806e-06
3.865002612017501e-18
3.580701085796825e-19
5.466461212537569e-23
2.2308031880750975e-07
4.0362136819015895e-07
0.0006844298724787594
1.0522538916169983e-08
0.0009044538182400863
1.843236368639385e-06
0.0009476195664099851
6.2202992799010405e-09
5.018335271721537e-22
3.999891634973299e-06
1.2601243185598256e-05
1.3598021262629757e-18
1.3326105358000419e-09
5.373228783929476e-06
0.0029406978498128233
9.865419790414995e-23
0.06017944056239832
1.4666917772129522e-10
0.157820814237855
1.7188791666661126e-18
1.605375700328728e-10
1.6923391595505e-05
7.448784899696399e-07
1.781645371448465e-12
2.0980351901843735e-23
0.002278255668549875
2.17190824062079e-07
4.298143311119882e-09
3.9563549345801474e-05
0.05569795128354871
0.00034787040365182736
0.00010041707042170808
0.0009268339896428834
0.001801720892030817
6.899298834977799e-07
5.252491339446721e-07
2.6080089209938598e-05
6.702490190344682e-07
2.6004283543959575e-23
0.0003149298043084777
0.019008982806645758
7.032429949579392e-16
0.0020258727553033873
7.749355847612332e-09
6.487716846194927e-05
2.036556230993106e-06
9.894309410289487e-08
6.657085516865136e-09
0.0001073951863727815
1.2645165858744472e-06
0.0006065799283075553
1.0165460572897403e-29
1.3762919478182543e-09
4.72806646071168e-05
1.1395574974790068e-06
0.0009351456938038183
1.6350889912175278e-09
0.025310673218108072
2.3029693121344095e-14
2.0110074576631253e-07
0.0029238323065837596
1.4115237198550256e-34
6.772509823062149e-16
2.2921195168010135e-26
2.6254150120143607e-06
1.311084684735911e-05
0.001245180968258916
8.084048005702926e-21
0.00019270488034330707
3.73566504715363e-16
1.4240444438991399e-09
1.2232115123451246e-05
0.056164372369224225
0.00010640129457179653
7.738650702643936e-06
0.0022075152018920744
1.1483196097834883e-12
1.0170880078533184e-18
1.4252702870292596e-11
7.849702984604866e-05
2.5491152885356007e-05
3.0841566048040368e-22
1.5904548538145293e-19
7.448195896780238e-21
1.1373854638278634e-07
0.0001472184014733695
2.1878922780703486e-06
1.2883801240687389e-07
3.8967584858013156e-05
6.381124770599785e-22
2.563664233047735e-17
4.9830404993519995e-09
2.408367192361819e-07
6.815652468077016e-37
7.295950193144569e-09
7.525997104221055e-08
0.03686598021533394
1.7895906008470086e-06
7.170858859127548e-17
5.232356138515583e-06
7.189878466408671e-13
0.0010336811848629668
2.3323375458744647e-09
6.120458340423937e-05
0.007072112635786165
0.0030479730250426162
7.284738166520734e-07
1.9357248575102946e-23
0.0001976515936773306
0.0506293722531983
0.0006622969389811877
1.4611439785058617e-05
0.00045045192944360296
1.2761800225644015e-06
0.00016827596181654206
2.068475564928966e-16
7.626301458582226e-07
5.291588565122574e-21
1.5140731786774723e-19
1.823133243617149e-05
8.173038805975134e-06
9.803929701180672e-10
3.952532265776831e-14
0.025761791436191173
7.768130607875669e-07
2.6969336570459865e-19
6.586921792517287e-07
1.5150060921816963e-07
6.687303254945092e-07
8.179606482549611e-07
2.8661236925896064e-07
3.4284680597329096e-11
6.343463325017988e-14
3.3464618958094166e-07
7.961723482301396e-08
5.1422464522193236e-08
1.0035124190334982e-21
2.659785726827586e-06
4.907478640239358e-26
5.986743710518731e-19
0.027728482777940044
0.0008797821173304327
1.5157726006684518e-25
0.004443200314362038
0.00104737189472804
9.838375936883932e-16
1.6894238792224698e-12
3.3834715407564516e-06
2.116402738871208e-06
5.170328197947388e-06
0.0007001633165460222
4.020407738610045e-14
9.54103733627263e-77
1.492655320919565e-07
0.0015721282701332898
1.1256027515132826e-17
1.3395311310370306e-09
0.0019095711250165237
2.4019090773359456e-05
0.008016495786415945
4.886219714680839e-12
0.002133838359440754
2.4871092987289278e-15
7.313829459809027e-06
4.351289670448443e-05
9.463808180416776e-22
1.0597896272158697e-05
4.627456416688398e-16
0.0159560052449077
0.0011026121938335631
1.8881694955823262e-38
0.003994394561324593
4.411421129068467e-11
1.393526477553612e-23
1.3349937739963021e-20
9.168454447116471e-08
1.2050229859300882e-08
7.078113942218477e-05
1.600390055806473e-05
0.0028854332459382487
3.831676702231692e-06
2.7006863634823435e-08
0.002094351225656488
4.1173230552218254e-08
1.723207301317136e-27
2.3735525735166747e-06
1.1290608213726001e-15
1.8980532734407569e-06
7.451179986619311e-07
4.508548624707344e-06
1.2844686476304044e-05
0.044977625146657374
0.03148738802020601
8.859642946525906e-07
7.357567206219329e-06
0.0009725900521589184
0.003301702108458114
1.4792839450438465e-06
8.692729988311762e-11
1.7599238453931447e-19
2.8966197958034173e-08
3.7799111987761893e-07
3.736025078368923e-39
2.576370244815501e-11
1.0195184292741603e-05
0.0003019457069119609
2.1622673904945523e-05
8.139089899008009e-31
9.93607317738559e-09
8.294464527899693e-18
1.158299459537755e-15
2.9363042502418975e-07
3.0150867626319783e-06
1.2468442579962316e-05
0.0002657454212565795
0.45997911341506637
0.00012882506615988568
0.0006127995846607521
1.8321098577800395e-20
3.9894292606178855e-15
5.359319149073591e-18
4.161155483222841e-10
1.2406065997065604e-46
1.2606515472102948e-09
2.508913650259585e-05
1.659585634772166e-20
0.00036010242134741285
5.581369619963689e-25
0.0004619345611666312
2.641626972478347e-07
0.0013647365684050783
1.3747706925682198e-10
4.708850665565937e-09
8.74052439800744e-11
0.003951038327383222
6.542478016721911e-11
0.0015680577961949688
4.015644947549971e-09
5.557034962511964e-32
7.552052498330335e-11
1.4744094837620216e-24
2.033363129252558e-23
3.675326762370131e-05
0.001820656524655767
3.251559588644818e-17
0.0003772465947810815
4.830375309449537e-05
0.036754265037857836
3.373321552838948e-07
0.004046723569302524
7.953637821602316e-14
5.804889653496798e-08
0.001056273493698745
2.884540556210048e-07
1.7107189393761028e-22
0.001245886616000752
1.0274206880296982e-14
0.0005082807989408231
1.631927417839802e-06
3.390457424297323e-05
3.5381897375060163e-11
1.0098809063148094e-25
6.4616799871187945e-06
3.944222821789292e-05
1.6712915310644217e-07
6.663771947668415e-09
1.7270482727485773e-14
0.003052474058637955
0.0005248910804977504
4.257798524154797e-05
1.8024407990923563e-19
0.0004030349408034265
2.144711628662536e-28
1.7000119289976213e-06
5.443904264035254e-20
5.578738687204959e-28
5.988348683703442e-07
4.073186764132859e-05
5.603803267552606e-16
0.003916034110576794
0.0004790509473377724
1.272567865011533e-07
1.905040399696202e-06
3.2400537117624343e-08
0.0020487489495232547
1.0017399286464951e-28
9.138564041537997e-08
8.006184869220802e-06
1.832350673445843e-06
0.02149862072953912
5.0716239006403505e-08
0.000657234482090218
2.740982470602805e-06
3.251441686556159e-07
4.6193975428263095e-23
9.444807879430668e-11
1.664044845550978e-06
1.4284478100398928e-24
2.655725598461939e-05
6.239879464274996e-08
3.237801736204069e-07
5.886864038141679e-22
2.1537732561092733e-07
1.2236912380065448e-08
1.730160970969137e-13
1.1141165548227874e-17
1.2024889624410561e-05
3.0996355805721236e-07
1.6016642976775348e-23
1.8818360829431393e-13
3.420163168289059e-05
1.1929287339051366e-07
0.00012437144275353592
0.005022032921873754
2.1105009246009816e-08
4.067602425152023e-20
6.142565879465245e-05
1.1147190039300795e-35
1.075158555216699e-17
5.109382015711754e-22
1.6271660752780382e-05
0.0024498024929204393
2.900380308690142e-17
3.6053541815717147e-23
1.6535214237297825e-19
1.7292551503688287e-14
7.897642134881212e-06
5.563320984549072e-16
4.550744253197306e-05
0.0007443636107224219
1.2548930195300609e-07
7.51734937026905e-23
3.6819479977707185e-07
0.0029880861767034306
0.001218564232448524
0.001492259966252886
7.727800542656437e-06
2.0441890969481895e-06
2.956068770250299e-17
7.114092772594223e-06
8.616298403983249e-06
0.00023155268217984673
2.7312471603266544e-29
1.724572398543011e-24
5.122022224147404e-06
1.2069708332267055e-07
0.00013361151742500159
4.8863339988303904e-05
4.567151821919884e-22
2.51204857906559e-05
0.00022300671171190944
0.0007202742288047945
0.007486699631359124
1.3968426211986018e-29
1.3927461576122383e-05
0.0001729231399684554
2.1968156662128712e-21
7.524295721152277e-09
2.670222037894719e-06
7.332650504799353e-08
1.968291558592764e-07
2.1937244278644272e-05
1.1174373766774672e-18
9.737566012627432e-06
4.176171197135992e-16
7.902962778439455e-06
1.041220243392063e-24
2.6893810654156834e-07
1.3654620859425437e-05
4.4792154622505335e-06
8.004609277961432e-06
0.0007644545568186584
1.4065374802507303e-27
3.9365519470428895e-06
0.0034383863263662425
7.949343395331334e-07
8.129311066949523e-07
6.819635006530832e-19
1.93380253088471e-14
8.888385993800069e-05
0.0511609092925267
1.1638505334319927e-06
8.441265133694254e-09
4.503387013926966e-24
0.000730935707098538
4.625174857835955e-06
6.727581018113824e-07
0.676806984582122
7.096328944037372e-23
6.058540905894933e-05
9.676364545149265e-17
1.5849301466870187e-09
1.7071481180849769e-06
4.030709024600196e-13
2.7725497085990405e-05
3.252275826662519e-05
9.690500664252605e-06
1.1128634948998931e-05
0.0007776813172560119
5.661248018205485e-14
5.151155708247724e-13
3.5006799959147504e-06
3.90383800319543e-15
1.5713874231190427e-14
1.4944193154683006e-08
0.00032758100117347144
9.718195654215974e-18
0.035811065569304024
0.004263094459668254
3.991140918979631e-05
1.006953784011691e-21
1.8349649344427515e-14
2.5125643912563685e-06
0.002269427246680833
6.767009725631357e-05
0.006421353279638316
0.0017471810466015425
1.4696874729463425e-07
7.825358978562065e-05
0.0030443463476677035
7.758667092147568e-07
0.00619491941220518
3.3668708522161883e-05
0.0010007526257189148
1.4948643242428461e-23
4.7246802685589814e-06
3.62493316746554e-06
3.761449484900648e-11
9.749016334127279e-07
8.356739179325442e-20
0.03823033814663179
1.0166586087057994e-05
9.565956135907264e-08
3.0630628598131615e-10
2.5893232224963896e-28
8.794449441092006e-15
1.1494019703080755e-22
2.0048809744646828e-19
1.0306437574876242e-27
1.088405772974421e-06
0.0012012372283786293
0.0003779415478480097
2.2848052917083866e-07
2.9694753975943534e-23
1.238191999069605e-07
1.0876978949495486e-05
0.00048140430871868034
7.55182542283864e-07
3.2294196918653934e-22
3.4524941582652316e-20
1.847577893613325e-11
9.842069075256205e-06
0.003001353486441094
0.004416824187667395
0.0007175778944039438
2.1977076627183024e-18
3.6258466199510777e-09
4.726810898493249e-06
1.7021421503378325e-05
3.701529719153885e-05
6.005248037789588e-08
1.1074747309988853e-25
0.0005416705884915551
2.165458346137363e-06
1.193361145947863e-07
4.1951943045668885e-17
1.20509335352932e-19
6.366503371987269e-06
6.828457159930832e-05
5.635552637984193e-12
2.1937981676104526e-09
1.2445559179557216e-18
2.2058082698731003e-13
5.554927635896979e-06
1.9285648306848997e-05
0.0006006828742211034
2.2943461856314724e-10
8.994933402385814e-22
1.1668217804202105e-24
2.0050452668977062e-07
5.976116136874913e-08
2.0170302549546492e-24
1.9733918068352117e-05
1.9371190084270048e-19
0.0009450526435717185
3.912398332914718e-26
0.06292660481712176
2.3367018306753487e-08
5.994252536432756e-05
0.004382066531598141
1.4724704215448186e-06
4.6232526213807145e-10
4.665514016779568e-07
3.943883583998456e-06
1.0308577824157771e-08
6.507238563862266e-23
1.7412342046043782e-27
5.922261287583245e-07
0.0003904580697464154
4.3397909374985853e-29
3.492309700534731e-23
0.16606912374689276
0.00011535129156794305
5.09066895617669e-15
7.742990315313513e-06
5.749714727378377e-05
4.0017893971032377e-10
1.9896421074733765e-07
9.554112198222884e-11
0.0010169774745940607
4.931501955532826e-05
7.823677229217929e-12
1.1471853908707953e-25
2.353496162540384e-05
2.953587819648404e-37
9.024019455755705e-10
0.0002950586196140935
8.880962660219688e-14
2.0553745403198124e-12
0.00014997930733682933
0.0005817953327595313
6.7021306462361995e-06
3.4510514080359683e-07
1.6041985943276963e-05
0.0030969404174756576
0.0010414013900563734
5.537164713288486e-08
1.910376130790998e-31
5.764908549882895e-11
0.0001223765685728903
4.9829999503483055e-06
7.223179982366502e-07
0.0009961658471953072
5.4395171405802905e-06
6.443414805803317e-24
7.967137420328572e-11
2.090259302092149e-06
6.929390145166908e-05
8.94889558441444e-13
2.3562109335538276e-06
1.810726737348496e-06
4.120345377676841e-19
0.0001306056242675671
2.7616741452405676e-05
2.8893135178533452e-89
1.7747042638946045e-10
0.0009582208464746222
0.0010302233946964112
9.801509195705719e-23
0.001823822391466487
0.0011365832538654044
0.0015048336178400193
2.8289849507711845e-07
4.581057118904971e-19
0.0005622173758354914
0.04098413673314094
9.535446482420689e-16
4.436848359712726e-09
0.002841482686659985
2.948565097576622e-19
0.0024621506782543695
9.473488925324291e-07
3.5963467597988995e-18
9.264831274680162e-06
1.9089293973788294e-06
5.0151957015984724e-23
1.7842792904893727e-06
3.726748305920583e-15
1.1093505425805596e-19
7.674155306775397e-17
2.8221829599274408e-05
0.002845511845887827
2.767013256923054e-12
0.002848120639182647
0.00749164730958927
3.917239267003534e-16
1.346854527164104e-17
3.511742301527713e-12
3.45419962602295e-05
7.362768538090451e-06
6.730734088963757e-06
0.0014635194762040171
1.9863504890651967e-05
0.040582022685215983
0.00036486607936274363
4.546339520757792e-09
0.0001699323325357631
0.00010067111155667397
5.841626455954342e-15
1.296199603154215e-07
4.955628413493875e-05
8.308647170929725e-15
6.909728389577906e-29
4.481318608661562e-06
0.00729578486234493
7.089641697076053e-18
7.285103398537632e-20
1.8623661615220505e-06
1.2127516514096402e-20
2.5522158646495066e-18
2.9635701501223215e-06
0.03109767288695431
2.4876696316531904e-07
7.928751456377776e-07
4.366659500875102e-08
2.77318400743821e-20
5.803267010754781e-17
3.423110443373446e-07
0.059031319818940275
1.4667559780217248e-05
1.28132461275823e-07
0.0006716710953820586
0.0016986922378783992
4.4486981640114946e-05
3.5846165861752834e-09
6.70621517873039e-20
1.6340064124245524e-19
9.6520808785318e-07
1.016394193231426e-17
2.062934252399125e-06
4.222972065616108e-08
0.00012882846760623595
7.253105125496125e-06
1.4501266928973008e-19
0.0011908255832426273
4.5766989401526986e-18
1.4438901579706582e-12
0.006944572348366762
3.196939095303053e-23
1.027042252388504e-23
8.688410649931562e-06
0.00015563479134456093
4.664003741500286e-06
2.5512836695409083e-25
1.6556736894757164e-06
1.335552579513743e-15
1.9318225823602052e-11
0.00013732400377073316
3.1374649042046747e-20
0.001405793929093388
1.1712164433674798e-05
0.08169597472146917
6.452097414789976e-25
4.485392861283533e-08
0.0035673248591663875
1.8543950377633271e-06
3.0063391628331e-12
4.585870581308842e-21
9.928700694045836e-11
8.000080751941317e-19
4.321224029262126e-20
3.1800106042009556e-11
1.2757771943050941e-05
0.0020198106786719072
1.802486500173951e-09
8.010712965274361e-32
6.484942688049953e-08
3.8605732715726183e-07
2.1877665554708777e-15
6.2111951030792045e-25
4.085117543036679e-05
8.238033304508421e-05
9.062148205832592e-16
0.0017647089458409648
4.879161177946726e-09
0.00020542810078116695
0.0011381150229000866
0.0025375870395865086
2.4532905944348704e-07
6.674843048239672e-06
0.0002680071229875375
2.3220848677541053e-09
2.3277685952600371e-07
3.175669712692341e-22
1.2273245458275565e-07
7.576702431324636e-07
1.251905298190282e-10
2.5403245990788376e-08
2.3391978210929915e-15
2.1836666227973322e-07
2.533044162327394e-17
0.002825876996030735
0.005223760317227821
4.7267210635223795e-05
3.466987173718018e-13
1.2907658211199245e-08
5.2365684376653834e-55
0.00011923015231957446
0.2338765842822755
5.670117119240342e-08
2.119455428749886e-05
6.524724471457549e-07
1.2839723293345354e-08
1.2508452833145512e-06
3.7702976884586005e-37
4.3654176689565084e-06
8.332085804599709e-30
5.67172188888482e-07
3.395761108114044e-25
2.9402637624253515e-25
1.1140572005121234e-09
1.9600315240572396e-08
0.0028675718678251028
1.4685498741428376e-09
6.215788726846799e-07
1.0397981209867646e-23
4.666886327705018e-06
0.0001202586761723591
4.606799884079438e-16
8.151711358679815e-06
7.759098430289355e-06
0.00037318932597785154
0.003237757844066297
9.865472235844486e-07
0.0029059827953002437
3.903682185804263e-09
5.769821666756664e-06
1.9415599824556688e-21
0.0025072695949540647
0.06459943437102655
9.602720223706635e-19
2.487979711300257e-19
7.748106931811972e-22
4.85435119474442e-14
1.9064373104372656e-20
0.012056732335935516
1.2290735936544323e-05
7.073329993399766e-07
0.0015299152859718362
1.189249150662015e-23
8.686390711926811e-05
0.00013664076416575012
0.03236408395964639
0.001293499794733921
0.03171753547970724
0.00010357805720720947
1.929392937665956e-06
4.5345310595400735e-14
1.6222320593834606e-05
0.0045481320452688545
1.0881792817194363e-06
0.019154890510672557
0.0010828548287939443
0.0009726389221382525
1.7435089850871425e-05
0.0027873933808959805
1.6317990447582795e-09
0.0012403678330590792
9.64397587795154e-10
1.9483002026784344e-07
1.351866752178105e-31
1.3727117053218939e-05
1.921194921863562e-21
0.00937034213646859
0.00013963670625161476
2.138716662675547e-08
7.074251899152859e-08
2.322081152634176e-20
5.8138908310675134e-27
3.654140997360612e-08
1.1266028849210195e-05
1.942648543625387e-09
7.77414930292752e-07
3.2659107147355817e-23
1.2005313254279872e-15
5.04391546510438e-07
1.171836810966889e-30
0.002753504445741961
1.2012378949862978e-05
1.625309243620662e-05
4.887757208256549e-07
5.585621645243703e-17
0.004757195553671739
2.2918665971796234e-05
0.0037535295263434743
0.023470279861943055
0.0007760321121250968
3.275901779975379e-08
0.0006183644826912825
1.2010897024438452e-08
1.1312112541903323e-18
4.260911396959021e-26
0.018794125757555347
2.7523255690151853e-09
0.001064593876508771
1.689037722790603e-17
3.7014043133712376e-08
1.1718416868261558e-05
0.04621011370463813
1.9503619131241367e-08
0.0029642364343468453
4.42360963969353e-17
0.003330958590211819
1.1222340262200867e-20
0.0008049798324766613
1.885043215042969e-25
0.0001210664419714659
1.3088628429609672e-16
1.9868628532705755e-15
0.00019765157786004212
1.0058547714303552e-05
2.047204519198935e-08
3.527743891272466e-05
4.340729238512116e-08
1.5841419261393029e-06
0.00032421462230448894
7.29050563032102e-05
0.04255473921711772
2.0595500170361572e-23
8.485430393418288e-10
0.01821734113449769
0.0006871648025085532
1.8959727102792703e-22
0.0008037261013939187
7.1608280437892486e-09
4.608532248733035e-05
1.50142503189244e-07
4.614419353965044e-22
0.003959168848435189
4.747977249393307e-08
9.82392908842969e-07
2.1474989418976134e-16
1.6359382505968015e-05
0.0002585437435705119
1.473243511256799e-24
4.2478324886114826e-18
7.887434915870188e-06
3.773394327757403e-24
9.732404936387125e-21
1.635495006157136e-19
0.0002605570791356822
3.782069391682117e-05
3.7066668331981085e-24
2.41591898043937e-07
2.0497505877106854e-23
2.7294352675459605e-17
0.000579271460287539
1.3508948637686098e-05
3.198982918283066e-16
5.360593025285904e-09
1.6873437549295535e-23
9.558945617826051e-06
6.3904770240024615e-09
2.0942849598351514e-07
3.879408244549171e-05
8.223082849047138e-05
0.0001134679000144136
3.6189114660249554e-06
4.673570860534884e-21
0.0033132777028176408
0.0024144812020922557
3.0487063972489267e-05
0.002483606751819592
4.847452562894538e-06
2.3478507030295315e-24
3.211202275278204e-16
4.325240078477271e-10
6.895141149112457e-06
6.96910745496888e-10
1.1870449639279852e-14
0.0004677109154131928
3.070668202247062e-18
1.7510528110899936e-14
6.96518270156296e-19
1.4833232453224804e-05
2.0124740671630717e-25
0.08139887869570694
9.438320337133756e-08
1.590066572972095e-06
3.292524326504195e-31
3.57687085873326e-17
1.2888500563282226e-07
2.9346283733838124e-06
8.18873817428912e-06
3.0572592766322817e-16
0.002124214782313838
3.511936405110332e-10
5.431942116910343e-07
4.773672290127696e-06
7.480508747809602e-23
1.2524794858937621e-25
2.2746979447730244e-09
0.0006976982391722411
4.6434844245078605e-06
0.04391265437307899
3.012423849021608e-32
2.7978477675339264e-08
0.0004850510799478799
1.9096435042677174e-07
6.087623431597564e-05
2.904646521336621e-05
